time,hvac_reaAhu_TCooCoiSup_y
6652800,284.9097234291537
6652830,284.9097234291537
6652860,284.9097234291537
6652890,284.9097234291537
6652920,284.9097234291537
6652950,284.9097234291537
6652980,284.9097234291537
6653010,284.9097234291537
6653040,284.9097234291537
6653070,284.9097234291537
6653100,284.9097234291537
6653130,284.9097234291537
6653160,284.9097234291537
6653190,284.9097234291537
6653220,284.9097234291537
6653250,284.9097234291537
6653280,284.9097234291537
6653310,284.9097234291537
6653340,284.9097234291537
6653370,284.9097234291537
6653400,284.9097234291537
6653430,284.9097234291537
6653460,284.9097234291537
6653490,284.9097234291537
6653520,284.9097234291537
6653550,284.9097234291537
6653580,284.9097234291537
6653610,284.9097234291537
6653640,284.9097234291537
6653670,284.9097234291537
6653700,284.9097234291537
6653730,284.9097234291537
6653760,284.9097234291537
6653790,284.9097234291537
6653820,284.9097234291537
6653850,284.9097234291537
6653880,284.9097234291537
6653910,284.9097234291537
6653940,284.9097234291537
6653970,284.9097234291537
6654000,284.9097234291537
6654030,284.9097234291537
6654060,284.9097234291537
6654090,284.9097234291537
6654120,284.9097234291537
6654150,284.9097234291537
6654180,284.9097234291537
6654210,284.9097234291537
6654240,284.9097234291537
6654270,284.9097234291537
6654300,284.9097234291537
6654330,284.9097234291537
6654360,284.9097234291537
6654390,284.9097234291537
6654420,284.9097234291537
6654450,284.9097234291537
6654480,284.9097234291537
6654510,284.9097234291537
6654540,284.9097234291537
6654570,284.9097234291537
6654600,284.9097234291537
6654630,284.9097234291537
6654660,284.9097234291537
6654690,284.9097234291537
6654720,284.9097234291537
6654750,284.9097234291537
6654780,284.9097234291537
6654810,284.9097234291537
6654840,284.9097234291537
6654870,284.9097234291537
6654900,284.9097234291537
6654930,284.9097234291537
6654960,284.9097234291537
6654990,284.9097234291537
6655020,284.9097234291537
6655050,284.9097234291537
6655080,284.9097234291537
6655110,284.9097234291537
6655140,284.9097234291537
6655170,284.9097234291537
6655200,284.9097234291537
6655230,284.9097234291537
6655260,284.9097234291537
6655290,284.9097234291537
6655320,284.9097234291537
6655350,284.9097234291537
6655380,284.9097234291537
6655410,284.9097234291537
6655440,284.9097234291537
6655470,284.9097234291537
6655500,284.9097234291537
6655530,284.9097234291537
6655560,284.9097234291537
6655590,284.9097234291537
6655620,284.9097234291537
6655650,284.9097234291537
6655680,284.9097234291537
6655710,284.9097234291537
6655740,284.9097234291537
6655770,284.9097234291537
6655800,284.9097234291537
6655830,284.9097234291537
6655860,284.9097234291537
6655890,284.9097234291537
6655920,284.9097234291537
6655950,284.9097234291537
6655980,284.9097234291537
6656010,284.9097234291537
6656040,284.9097234291537
6656070,284.9097234291537
6656100,284.9097234291537
6656130,284.9097234291537
6656160,284.9097234291537
6656190,284.9097234291537
6656220,284.9097234291537
6656250,284.9097234291537
6656280,284.9097234291537
6656310,284.9097234291537
6656340,284.9097234291537
6656370,284.9097234291537
6656400,284.9097234291537
6656430,284.9097234291537
6656460,284.9097234291537
6656490,284.9097234291537
6656520,284.9097234291537
6656550,284.9097234291537
6656580,284.9097234291537
6656610,284.9097234291537
6656640,284.9097234291537
6656670,284.9097234291537
6656700,284.9097234291537
6656730,284.9097234291537
6656760,284.9097234291537
6656790,284.9097234291537
6656820,284.9097234291537
6656850,284.9097234291537
6656880,284.9097234291537
6656910,284.9097234291537
6656940,284.9097234291537
6656970,284.9097234291537
6657000,284.9097234291537
6657030,284.9097234291537
6657060,284.9097234291537
6657090,284.9097234291537
6657120,284.9097234291537
6657150,284.9097234291537
6657180,284.9097234291537
6657210,284.9097234291537
6657240,284.9097234291537
6657270,284.9097234291537
6657300,284.9097234291537
6657330,284.9097234291537
6657360,284.9097234291537
6657390,284.9097234291537
6657420,284.9097234291537
6657450,284.9097234291537
6657480,284.9097234291537
6657510,284.9097234291537
6657540,284.9097234291537
6657570,284.9097234291537
6657600,284.9097234291537
6657630,284.9097234291537
6657660,284.9097234291537
6657690,284.9097234291537
6657720,284.9097234291537
6657750,284.9097234291537
6657780,284.9097234291537
6657810,284.9097234291537
6657840,284.9097234291537
6657870,284.9097234291537
6657900,284.9097234291537
6657930,284.9097234291537
6657960,284.9097234291537
6657990,284.9097234291537
6658020,284.9097234291537
6658050,284.9097234291537
6658080,284.9097234291537
6658110,284.9097234291537
6658140,284.9097234291537
6658170,284.9097234291537
6658200,284.9097234291537
6658230,284.9097234291537
6658260,284.9097234291537
6658290,284.9097234291537
6658320,284.9097234291537
6658350,284.9097234291537
6658380,284.9097234291537
6658410,284.9097234291537
6658440,284.9097234291537
6658470,284.9097234291537
6658500,284.9097234291537
6658530,284.9097234291537
6658560,284.9097234291537
6658590,284.9097234291537
6658620,284.9097234291537
6658650,284.9097234291537
6658680,284.9097234291537
6658710,284.9097234291537
6658740,284.9097234291537
6658770,284.9097234291537
6658800,284.9097234291537
6658830,284.9097234291537
6658860,284.9097234291537
6658890,284.9097234291537
6658920,284.9097234291537
6658950,284.9097234291537
6658980,284.9097234291537
6659010,284.9097234291537
6659040,284.9097234291537
6659070,284.9097234291537
6659100,284.9097234291537
6659130,284.9097234291537
6659160,284.9097234291537
6659190,284.9097234291537
6659220,284.9097234291537
6659250,284.9097234291537
6659280,284.9097234291537
6659310,284.9097234291537
6659340,284.9097234291537
6659370,284.9097234291537
6659400,284.9097234291537
6659430,284.9097234291537
6659460,284.9097234291537
6659490,284.9097234291537
6659520,284.9097234291537
6659550,284.9097234291537
6659580,284.9097234291537
6659610,284.9097234291537
6659640,284.9097234291537
6659670,284.9097234291537
6659700,284.9097234291537
6659730,284.9097234291537
6659760,284.9097234291537
6659790,284.9097234291537
6659820,284.9097234291537
6659850,284.9097234291537
6659880,284.9097234291537
6659910,284.9097234291537
6659940,284.9097234291537
6659970,284.9097234291537
6660000,284.9097234291537
6660030,284.9097234291537
6660060,284.9097234291537
6660090,284.9097234291537
6660120,284.9097234291537
6660150,284.9097234291537
6660180,284.9097234291537
6660210,284.9097234291537
6660240,284.9097234291537
6660270,284.9097234291537
6660300,284.9097234291537
6660330,284.9097234291537
6660360,284.9097234291537
6660390,284.9097234291537
6660420,284.9097234291537
6660450,284.9097234291537
6660480,284.9097234291537
6660510,284.9097234291537
6660540,284.9097234291537
6660570,284.9097234291537
6660600,284.9097234291537
6660630,284.9097234291537
6660660,284.9097234291537
6660690,284.9097234291537
6660720,284.9097234291537
6660750,284.9097234291537
6660780,284.9097234291537
6660810,284.9097234291537
6660840,284.9097234291537
6660870,284.9097234291537
6660900,284.9097234291537
6660930,284.9097234291537
6660960,284.9097234291537
6660990,284.9097234291537
6661020,284.9097234291537
6661050,284.9097234291537
6661080,284.9097234291537
6661110,284.9097234291537
6661140,284.9097234291537
6661170,284.9097234291537
6661200,284.9097234291537
6661230,284.9097234291537
6661260,284.9097234291537
6661290,284.9097234291537
6661320,284.9097234291537
6661350,284.9097234291537
6661380,284.9097234291537
6661410,284.9097234291537
6661440,284.9097234291537
6661470,284.9097234291537
6661500,284.9097234291537
6661530,284.9097234291537
6661560,284.9097234291537
6661590,284.9097234291537
6661620,284.9097234291537
6661650,284.9097234291537
6661680,284.9097234291537
6661710,284.9097234291537
6661740,284.9097234291537
6661770,284.9097234291537
6661800,284.9097234291537
6661830,284.9097234291537
6661860,284.9097234291537
6661890,284.9097234291537
6661920,284.9097234291537
6661950,284.9097234291537
6661980,284.9097234291537
6662010,284.9097234291537
6662040,284.9097234291537
6662070,284.9097234291537
6662100,284.9097234291537
6662130,284.9097234291537
6662160,284.9097234291537
6662190,284.9097234291537
6662220,284.9097234291537
6662250,284.9097234291537
6662280,284.9097234291537
6662310,284.9097234291537
6662340,284.9097234291537
6662370,284.9097234291537
6662400,284.9097234291537
6662430,284.9097234291537
6662460,284.9097234291537
6662490,284.9097234291537
6662520,284.9097234291537
6662550,284.9097234291537
6662580,284.9097234291537
6662610,284.9097234291537
6662640,284.9097234291537
6662670,284.9097234291537
6662700,284.9097234291537
6662730,284.9097234291537
6662760,284.9097234291537
6662790,284.9097234291537
6662820,284.9097234291537
6662850,284.9097234291537
6662880,284.9097234291537
6662910,284.9097234291537
6662940,284.9097234291537
6662970,284.9097234291537
6663000,284.9097234291537
6663030,284.9097234291537
6663060,284.9097234291537
6663090,284.9097234291537
6663120,284.9097234291537
6663150,284.9097234291537
6663180,284.9097234291537
6663210,284.9097234291537
6663240,284.9097234291537
6663270,284.9097234291537
6663300,284.9097234291537
6663330,284.9097234291537
6663360,284.9097234291537
6663390,284.9097234291537
6663420,284.9097234291537
6663450,284.9097234291537
6663480,284.9097234291537
6663510,284.9097234291537
6663540,284.9097234291537
6663570,284.9097234291537
6663600,284.9097234291537
6663630,284.9097234291537
6663660,284.9097234291537
6663690,284.9097234291537
6663720,284.9097234291537
6663750,284.9097234291537
6663780,284.9097234291537
6663810,284.9097234291537
6663840,284.9097234291537
6663870,284.9097234291537
6663900,284.9097234291537
6663930,284.9097234291537
6663960,284.9097234291537
6663990,284.9097234291537
6664020,284.9097234291537
6664050,284.9097234291537
6664080,284.9097234291537
6664110,284.9097234291537
6664140,284.9097234291537
6664170,284.9097234291537
6664200,284.9097234291537
6664230,284.9097234291537
6664260,284.9097234291537
6664290,284.9097234291537
6664320,284.9097234291537
6664350,284.9097234291537
6664380,284.9097234291537
6664410,284.9097234291537
6664440,284.9097234291537
6664470,284.9097234291537
6664500,284.9097234291537
6664530,284.9097234291537
6664560,284.9097234291537
6664590,284.9097234291537
6664620,284.9097234291537
6664650,284.9097234291537
6664680,284.9097234291537
6664710,284.9097234291537
6664740,284.9097234291537
6664770,284.9097234291537
6664800,284.9097234291537
6664830,284.9097234291537
6664860,284.9097234291537
6664890,284.9097234291537
6664920,284.9097234291537
6664950,284.9097234291537
6664980,284.9097234291537
6665010,284.9097234291537
6665040,284.9097234291537
6665070,284.9097234291537
6665100,284.9097234291537
6665130,284.9097234291537
6665160,284.9097234291537
6665190,284.9097234291537
6665220,284.9097234291537
6665250,284.9097234291537
6665280,284.9097234291537
6665310,284.9097234291537
6665340,284.9097234291537
6665370,284.9097234291537
6665400,284.9097234291537
6665430,284.9097234291537
6665460,284.9097234291537
6665490,284.9097234291537
6665520,284.9097234291537
6665550,284.9097234291537
6665580,284.9097234291537
6665610,284.9097234291537
6665640,284.9097234291537
6665670,284.9097234291537
6665700,284.9097234291537
6665730,284.9097234291537
6665760,284.9097234291537
6665790,284.9097234291537
6665820,284.9097234291537
6665850,284.9097234291537
6665880,284.9097234291537
6665910,284.9097234291537
6665940,284.9097234291537
6665970,284.9097234291537
6666000,284.9097234291537
6666030,284.9097234291537
6666060,284.9097234291537
6666090,284.9097234291537
6666120,284.9097234291537
6666150,284.9097234291537
6666180,284.9097234291537
6666210,284.9097234291537
6666240,284.9097234291537
6666270,284.9097234291537
6666300,284.9097234291537
6666330,284.9097234291537
6666360,284.9097234291537
6666390,284.9097234291537
6666420,284.9097234291537
6666450,284.9097234291537
6666480,284.9097234291537
6666510,284.9097234291537
6666540,284.9097234291537
6666570,284.9097234291537
6666600,284.9097234291537
6666630,284.9097234291537
6666660,284.9097234291537
6666690,284.9097234291537
6666720,284.9097234291537
6666750,284.9097234291537
6666780,284.9097234291537
6666810,284.9097234291537
6666840,284.9097234291537
6666870,284.9097234291537
6666900,284.9097234291537
6666930,284.9097234291537
6666960,284.9097234291537
6666990,284.9097234291537
6667020,284.9097234291537
6667050,284.9097234291537
6667080,284.9097234291537
6667110,284.9097234291537
6667140,284.9097234291537
6667170,284.9097234291537
6667200,284.9097234291537
6667230,284.9097234291537
6667260,284.9097234291537
6667290,284.9097234291537
6667320,284.9097234291537
6667350,284.9097234291537
6667380,284.9097234291537
6667410,284.9097234291537
6667440,284.9097234291537
6667470,284.9097234291537
6667500,284.9097234291537
6667530,284.9097234291537
6667560,284.9097234291537
6667590,284.9097234291537
6667620,284.9097234291537
6667650,284.9097234291537
6667680,284.9097234291537
6667710,284.9097234291537
6667740,284.9097234291537
6667770,284.9097234291537
6667800,284.9097234291537
6667830,284.9097234291537
6667860,284.9097234291537
6667890,284.9097234291537
6667920,284.9097234291537
6667950,284.9097234291537
6667980,284.9097234291537
6668010,284.9097234291537
6668040,284.9097234291537
6668070,284.9097234291537
6668100,284.9097234291537
6668130,284.9097234291537
6668160,284.9097234291537
6668190,284.9097234291537
6668220,284.9097234291537
6668250,284.9097234291537
6668280,284.9097234291537
6668310,284.9097234291537
6668340,284.9097234291537
6668370,284.9097234291537
6668400,284.9097234291537
6668430,284.9097234291537
6668460,284.9097234291537
6668490,284.9097234291537
6668520,284.9097234291537
6668550,284.9097234291537
6668580,284.9097234291537
6668610,284.9097234291537
6668640,284.9097234291537
6668670,284.9097234291537
6668700,284.9097234291537
6668730,284.9097234291537
6668760,284.9097234291537
6668790,284.9097234291537
6668820,284.9097234291537
6668850,284.9097234291537
6668880,284.9097234291537
6668910,284.9097234291537
6668940,284.9097234291537
6668970,284.9097234291537
6669000,284.9097234291537
6669030,284.9097234291537
6669060,284.9097234291537
6669090,284.9097234291537
6669120,284.9097234291537
6669150,284.9097234291537
6669180,284.9097234291537
6669210,284.9097234291537
6669240,284.9097234291537
6669270,284.9097234291537
6669300,284.9097234291537
6669330,284.9097234291537
6669360,284.9097234291537
6669390,284.9097234291537
6669420,284.9097234291537
6669450,284.9097234291537
6669480,284.9097234291537
6669510,284.9097234291537
6669540,284.9097234291537
6669570,284.9097234291537
6669600,284.9097234291537
6669630,284.9097234291537
6669660,284.9097234291537
6669690,284.9097234291537
6669720,284.9097234291537
6669750,284.9097234291537
6669780,284.9097234291537
6669810,284.9097234291537
6669840,284.9097234291537
6669870,284.9097234291537
6669900,284.9097234291537
6669930,284.9097234291537
6669960,284.9097234291537
6669990,284.9097234291537
6670020,284.9097234291537
6670050,284.9097234291537
6670080,284.9097234291537
6670110,284.9097234291537
6670140,284.9097234291537
6670170,284.9097234291537
6670200,284.9097234291537
6670230,284.9097234291537
6670260,284.9097234291537
6670290,284.9097234291537
6670320,284.9097234291537
6670350,284.9097234291537
6670380,284.9097234291537
6670410,284.9097234291537
6670440,284.9097234291537
6670470,284.9097234291537
6670500,284.9097234291537
6670530,284.9097234291537
6670560,284.9097234291537
6670590,284.9097234291537
6670620,284.9097234291537
6670650,284.9097234291537
6670680,284.9097234291537
6670710,284.9097234291537
6670740,284.9097234291537
6670770,284.9097234291537
6670800,284.9097234291537
6670830,284.9097234291537
6670860,284.9097234291537
6670890,284.9097234291537
6670920,284.9097234291537
6670950,284.9097234291537
6670980,284.9097234291537
6671010,284.9097234291537
6671040,284.9097234291537
6671070,284.9097234291537
6671100,284.9097234291537
6671130,284.9097234291537
6671160,284.9097234291537
6671190,284.9097234291537
6671220,284.9097234291537
6671250,284.9097234291537
6671280,284.9097234291537
6671310,284.9097234291537
6671340,284.9097234291537
6671370,284.9097234291537
6671400,284.9097234291537
6671430,284.9097234291537
6671460,284.9097234291537
6671490,284.9097234291537
6671520,284.9097234291537
6671550,284.9097234291537
6671580,284.9097234291537
6671610,284.9097234291537
6671640,284.9097234291537
6671670,284.9097234291537
6671700,284.9097234291537
6671730,284.9097234291537
6671760,284.9097234291537
6671790,284.9097234291537
6671820,284.9097234291537
6671850,284.9097234291537
6671880,284.9097234291537
6671910,284.9097234291537
6671940,284.9097234291537
6671970,284.9097234291537
6672000,284.9097234291537
6672030,284.9097234291537
6672060,284.9097234291537
6672090,284.9097234291537
6672120,284.9097234291537
6672150,284.9097234291537
6672180,284.9097234291537
6672210,284.9097234291537
6672240,284.9097234291537
6672270,284.9097234291537
6672300,284.9097234291537
6672330,284.9097234291537
6672360,284.9097234291537
6672390,284.9097234291537
6672420,284.9097234291537
6672450,284.9097234291537
6672480,284.9097234291537
6672510,284.9097234291537
6672540,284.9097234291537
6672570,284.9097234291537
6672600,284.9097234291537
6672630,284.9097234291537
6672660,284.9097234291537
6672690,284.9097234291537
6672720,284.9097234291537
6672750,284.9097234291537
6672780,284.9097234291537
6672810,284.9097234291537
6672840,284.9097234291537
6672870,284.9097234291537
6672900,284.9097234291537
6672930,284.9097234291537
6672960,284.9097234291537
6672990,284.9097234291537
6673020,284.9097234291537
6673050,284.9097234291537
6673080,284.9097234291537
6673110,284.9097234291537
6673140,284.9097234291537
6673170,284.9097234291537
6673200,284.9097234291537
6673230,284.9097234291537
6673260,284.9097234291537
6673290,284.9097234291537
6673320,284.9097234291537
6673350,284.9097234291537
6673380,284.9097234291537
6673410,284.9097234291537
6673440,284.9097234291537
6673470,284.9097234291537
6673500,284.9097234291537
6673530,284.9097234291537
6673560,284.9097234291537
6673590,284.9097234291537
6673620,284.9097234291537
6673650,284.9097234291537
6673680,284.9097234291537
6673710,284.9097234291537
6673740,284.9097234291537
6673770,284.9097234291537
6673800,284.9097234291537
6673830,284.9097234291537
6673860,284.9097234291537
6673890,284.9097234291537
6673920,284.9097234291537
6673950,284.9097234291537
6673980,284.9097234291537
6674010,284.9097234291537
6674040,284.9097234291537
6674070,284.9097234291537
6674100,284.9097234291537
6674130,284.9097234291537
6674160,284.9097234291537
6674190,284.9097234291537
6674220,284.9097234291537
6674250,284.9097234291537
6674280,284.9097234291537
6674310,284.9097234291537
6674340,284.9097234291537
6674370,284.9097234291537
6674400,284.9097234291537
6674430,284.9097234291537
6674460,284.9097234291537
6674490,284.9097234291537
6674520,284.9097234291537
6674550,284.9097234291537
6674580,284.9097234291537
6674610,284.9097234291537
6674640,284.9097234291537
6674670,284.9097234291537
6674700,284.9097234291537
6674730,284.9097234291537
6674760,284.9097234291537
6674790,284.9097234291537
6674820,284.9097234291537
6674850,284.9097234291537
6674880,284.9097234291537
6674910,284.9097234291537
6674940,284.9097234291537
6674970,284.9097234291537
6675000,284.9097234291537
6675030,284.9097234291537
6675060,284.9097234291537
6675090,284.9097234291537
6675120,284.9097234291537
6675150,284.9097234291537
6675180,284.9097234291537
6675210,284.9097234291537
6675240,284.9097234291537
6675270,284.9097234291537
6675300,284.9097234291537
6675330,284.9097234291537
6675360,284.9097234291537
6675390,284.9097234291537
6675420,284.9097234291537
6675450,284.9097234291537
6675480,284.9097234291537
6675510,284.9097234291537
6675540,284.9097234291537
6675570,284.9097234291537
6675600,284.9097234291537
6675630,284.9097234291537
6675660,284.9097234291537
6675690,284.9097234291537
6675720,284.9097234291537
6675750,284.9097234291537
6675780,284.9097234291537
6675810,284.9097234291537
6675840,284.9097234291537
6675870,284.9097234291537
6675900,284.9097234291537
6675930,284.9097234291537
6675960,284.9097234291537
6675990,284.9097234291537
6676020,284.9097234291537
6676050,284.9097234291537
6676080,284.9097234291537
6676110,284.9097234291537
6676140,284.9097234291537
6676170,284.9097234291537
6676200,284.9097234291537
6676230,284.9097234291537
6676260,284.9097234291537
6676290,284.9097234291537
6676320,284.9097234291537
6676350,284.9097234291537
6676380,284.9097234291537
6676410,284.9097234291537
6676440,284.9097234291537
6676470,284.9097234291537
6676500,284.9097234291537
6676530,284.9097234291537
6676560,284.9097234291537
6676590,284.9097234291537
6676620,284.9097234291537
6676650,284.9097234291537
6676680,284.9097234291537
6676710,284.9097234291537
6676740,284.9097234291537
6676770,284.9097234291537
6676800,284.9097234291537
6676830,284.9097234291537
6676860,284.9097234291537
6676890,284.9097234291537
6676920,284.9097234291537
6676950,284.9097234291537
6676980,284.9097234291537
6677010,284.9097234291537
6677040,284.9097234291537
6677070,284.9097234291537
6677100,284.9097234291537
6677130,284.9097234291537
6677160,284.9097234291537
6677190,284.9097234291537
6677220,284.9097234291537
6677250,284.9097234291537
6677280,284.9097234291537
6677310,284.9097234291537
6677340,284.9097234291537
6677370,284.9097234291537
6677400,284.9097234291537
6677430,284.9097234291537
6677460,284.9097234291537
6677490,284.9097234291537
6677520,284.9097234291537
6677550,284.9097234291537
6677580,284.9097234291537
6677610,284.9097234291537
6677640,284.9097234291537
6677670,284.9097234291537
6677700,284.9097234291537
6677730,284.9097234291537
6677760,284.9097234291537
6677790,284.9097234291537
6677820,284.9097234291537
6677850,284.9097234291537
6677880,284.9097234291537
6677910,284.9097234291537
6677940,284.9097234291537
6677970,284.9097234291537
6678000,284.9097234291537
6678030,284.9097234291537
6678060,284.9097234291537
6678090,284.9097234291537
6678120,284.9097234291537
6678150,284.9097234291537
6678180,284.9097234291537
6678210,284.9097234291537
6678240,284.9097234291537
6678270,284.9097234291537
6678300,284.9097234291537
6678330,284.9097234291537
6678360,284.9097234291537
6678390,284.9097234291537
6678420,284.9097234291537
6678450,284.9097234291537
6678480,284.9097234291537
6678510,284.9097234291537
6678540,284.9097234291537
6678570,284.9097234291537
6678600,284.9097234291537
6678630,285.34313335239284
6678660,282.4624863319212
6678690,280.657017589427
6678720,279.8435359013674
6678750,279.4598667504139
6678780,279.28066601951855
6678810,279.20192460754714
6678840,279.17025441218755
6678870,279.16014629516224
6678900,279.15973705407606
6678930,279.1636198061983
6678960,279.1693500050159
6678990,279.1758115403031
6679020,279.1825305862264
6679050,279.18930924012244
6679080,279.1960735162722
6679110,279.2028056422014
6679140,279.2095074543949
6679170,279.21618787821996
6679200,279.2228571945255
6679230,279.20494477856704
6679260,279.2051225243628
6679290,279.20536460770865
6679320,279.2053597356651
6679350,279.2053597331781
6679380,279.2053597357885
6679410,279.2053597356896
6679440,279.2053597356896
6679470,279.2053597356896
6679500,279.2053597356896
6679530,279.2053597356896
6679560,279.2053597356896
6679590,279.2053597356896
6679620,279.2053597356896
6679650,279.2053597356896
6679680,279.2053597356896
6679710,279.2053597356896
6679740,279.2053597356896
6679770,279.2053597356896
6679800,279.2053597356896
6679830,283.99006104083185
6679860,282.19315356530126
6679890,280.6690620203248
6679920,279.992637346783
6679950,279.67141524208336
6679980,279.5218645400999
6680010,279.45646462241916
6680040,279.4307655250363
6680070,279.4235307700419
6680100,279.4242158539735
6680130,279.42826591359125
6680160,279.4337937015902
6680190,279.439981791855
6680220,279.44646220715407
6680250,279.4530708976377
6680280,279.4597312635344
6680310,279.46640694867125
6680340,279.47308166014926
6680370,279.479746371423
6680400,279.48639590325485
6680430,279.3949562928074
6680460,279.39503244626394
6680490,279.3950324481763
6680520,279.3950324481763
6680550,279.3950324481763
6680580,279.3950324481763
6680610,279.3950324481763
6680640,279.3950324481763
6680670,279.3950324481763
6680700,279.3950324481763
6680730,279.3950324481763
6680760,279.3950324481763
6680790,279.3950324481763
6680820,279.3950324481763
6680850,279.3950324481763
6680880,279.3950324481763
6680910,279.3950324481763
6680940,279.3950324481763
6680970,279.3950324481763
6681000,279.3950324481763
6681030,284.40139436354013
6681060,282.5322190389388
6681090,280.9308591161937
6681120,280.22664121918575
6681150,279.8969082499605
6681180,279.7443488146057
6681210,279.6779112218064
6681240,279.65574146950297
6681270,279.6515384605158
6681300,279.6532662942063
6681330,279.65702287782324
6681360,279.6615351746138
6681390,279.6663268782386
6681420,279.67120529105733
6681450,279.67608631664405
6681480,279.68093289802493
6681510,279.6857248091512
6681540,279.69045356468706
6681570,279.69511489787203
6681600,279.69970543745785
6681630,279.543761629083
6681660,279.543742067389
6681690,279.54374804831247
6681720,279.5437480480265
6681750,279.5437480480265
6681780,279.5437480480265
6681810,279.5437480480265
6681840,279.5437480480265
6681870,279.5437480480265
6681900,279.5437480480265
6681930,279.5437480480265
6681960,279.5437480480265
6681990,279.5437480480265
6682020,279.5437480480265
6682050,279.5437480480265
6682080,279.5437480480265
6682110,279.5437480480265
6682140,279.5437480480265
6682170,279.5437480480265
6682200,279.5437480480265
6682230,284.6629236094777
6682260,282.76086975242055
6682290,281.1175337157327
6682320,280.3971899319113
6682350,280.0616795965538
6682380,279.9069506079822
6682410,279.83838358034455
6682440,279.8164170307407
6682470,279.81541306746243
6682500,279.8194006007504
6682530,279.8240365363645
6682560,279.82860584648046
6682590,279.83307803000275
6682620,279.83748965607884
6682650,279.8418713547987
6682680,279.8462362691726
6682710,279.85059228319847
6682740,279.8549413885696
6682770,279.8592852346607
6682800,279.8636241407215
6682830,279.65721159241804
6682860,279.6571826317507
6682890,279.65729002781853
6682920,279.6572897803194
6682950,279.6572897803194
6682980,279.6572897803194
6683010,279.6572897803194
6683040,279.6572897803194
6683070,279.6572897803194
6683100,279.6572897803194
6683130,279.6572897803194
6683160,279.6572897803194
6683190,279.6572897803194
6683220,279.6572897803194
6683250,279.6572897803194
6683280,279.6572897803194
6683310,279.6572897803194
6683340,279.6572897803194
6683370,279.6572897803194
6683400,279.6572897803194
6683430,284.8907065780397
6683460,282.9640545446018
6683490,281.28335411949564
6683520,280.5492852466421
6683550,280.2094282527803
6683580,280.0534926284383
6683610,279.98368525842767
6683640,279.9558497587069
6683670,279.95517661499866
6683700,279.9651145701503
6683730,279.97408162453013
6683760,279.9807772404372
6683790,279.9860590398283
6683820,279.99062881346237
6683850,279.9948590023992
6683880,279.99892827809384
6683910,280.00291815820236
6683940,280.006865308741
6683970,280.0107858538077
6684000,280.0146869021378
6684030,279.760733205833
6684060,279.7605945116045
6684090,279.7605941121678
6684120,279.7605941204984
6684150,279.7605941204984
6684180,279.7605941204984
6684210,279.7605941204984
6684240,279.7605941204984
6684270,279.7605941204984
6684300,279.7605941204984
6684330,279.7605941204984
6684360,279.7605941204984
6684390,279.7605941204984
6684420,279.7605941204984
6684450,279.7605941204984
6684480,279.7605941204984
6684510,279.7605941204984
6684540,279.7605941204984
6684570,279.7605941204984
6684600,279.7605941204984
6684630,285.0985948833785
6684660,283.1460257967542
6684690,281.4292372495357
6684720,280.6817769735472
6684750,280.33744282769027
6684780,280.1800647845836
6684810,280.1091398733503
6684840,280.07965257702983
6684870,280.0715700341418
6684900,280.07807752962145
6684930,280.0929136137094
6684960,280.10513386226506
6684990,280.11322956315945
6685020,280.1187871717827
6685050,280.1230668440871
6685080,280.12673851765595
6685110,280.1301280493977
6685140,280.1333794205379
6685170,280.13655555930404
6685200,280.1396858835801
6685230,279.8449405260221
6685260,279.84478052355286
6685290,279.84478026521845
6685320,279.8447802649395
6685350,279.8447802649395
6685380,279.8447802649395
6685410,279.8447802649395
6685440,279.8447802649395
6685470,279.8447802649395
6685500,279.8447802649395
6685530,279.8447802649395
6685560,279.8447802649395
6685590,279.8447802649395
6685620,279.8447802649395
6685650,279.8447802649395
6685680,279.8447802649395
6685710,279.8447802649395
6685740,279.8447802649395
6685770,279.8447802649395
6685800,279.8447802649395
6685830,285.2715364390337
6685860,283.29534017941654
6685890,281.54743290289554
6685920,280.788497941908
6685950,280.4404046464689
6685980,280.28191602354735
6686010,280.2106411560777
6686040,280.18000813722443
6686070,280.1714061960426
6686100,280.1727184101372
6686130,280.18459094352335
6686160,280.20013112957406
6686190,280.2128068050031
6686220,280.22139067049676
6686250,280.2271083955414
6686280,280.2313235084219
6686310,280.23481781129294
6686340,280.23798755031294
6686370,280.24101128851106
6686400,280.24396930431755
6686430,279.9141008317983
6686460,279.9138921608506
6686490,279.91389187985226
6686520,279.91389181770205
6686550,279.91389181773025
6686580,279.91389181773025
6686610,279.91389181773025
6686640,279.91389181773025
6686670,279.91389181773025
6686700,279.91389181773025
6686730,279.91389181773025
6686760,279.91389181773025
6686790,279.91389181773025
6686820,279.91389181773025
6686850,279.91389181773025
6686880,279.91389181773025
6686910,279.91389181773025
6686940,279.91389181773025
6686970,279.91389181773025
6687000,279.91389181773025
6687030,285.4285609670555
6687060,283.4318805087317
6687090,281.6549849144848
6687120,280.8857230166425
6687150,280.53452427050246
6687180,280.375296273642
6687210,280.30400204225356
6687240,280.27298610534723
6687270,280.2632149672479
6687300,280.264542446376
6687330,280.2752282372505
6687360,280.2925768297793
6687390,280.30573419692854
6687420,280.3150072269264
6687450,280.32275109476774
6687480,280.3285012090834
6687510,280.33277184062035
6687540,280.33625200254824
6687570,280.339357461276
6687600,280.34229271537953
6687630,279.97899447375613
6687660,279.9787433271494
6687690,279.97874343237595
6687720,279.9787434380603
6687750,279.97874343807604
6687780,279.97874343807604
6687810,279.97874343807604
6687840,279.97874343807604
6687870,279.97874343807604
6687900,279.97874343807604
6687930,279.97874343807604
6687960,279.97874343807604
6687990,279.97874343807604
6688020,279.97874343807604
6688050,279.97874343807604
6688080,279.97874343807604
6688110,279.97874343807604
6688140,279.97874343807604
6688170,279.97874343807604
6688200,279.97874343807604
6688230,285.58091024277104
6688260,283.56338519999696
6688290,281.7574776955704
6688320,280.9779211758152
6688350,280.623681556436
6688380,280.4638286212831
6688410,280.3925793216133
6688440,280.36159592774
6688470,280.35012644098845
6688500,280.3508940410644
6688530,280.3584757611678
6688560,280.37673466963696
6688590,280.3939658396907
6688620,280.4050070430013
6688650,280.4117764799336
6688680,280.41637096611527
6688710,280.42120428482826
6688740,280.4269109916668
6688770,280.4316989218808
6688800,280.4355019871906
6688830,280.03989490575793
6688860,280.0396112895647
6688890,280.0396114276102
6688920,280.0396114276166
6688950,280.03961142767406
6688980,280.03961142767406
6689010,280.03961142767406
6689040,280.03961142767406
6689070,280.03961142767406
6689100,280.03961142767406
6689130,280.03961142767406
6689160,280.03961142767406
6689190,280.03961142767406
6689220,280.03961142767406
6689250,280.03961142767406
6689280,280.03961142767406
6689310,280.03961142767406
6689340,280.03961142767406
6689370,280.03961142767406
6689400,280.03961142767406
6689430,285.728704653494
6689460,283.6899177413401
6689490,281.8548373584116
6689520,281.06502910257075
6689550,280.7077072369749
6689580,280.54714509018766
6689610,280.4757878248902
6689640,280.4448178251451
6689670,280.4324298730934
6689700,280.4309417673489
6689730,280.4363223444621
6689760,280.45069636043377
6689790,280.4717543290635
6689820,280.48710911753614
6689850,280.4962571504919
6689880,280.50184568560326
6689910,280.5057108245717
6689940,280.50879719214964
6689970,280.5115323613489
6690000,280.5141140520713
6690030,280.08989464691376
6690060,280.0896109056275
6690090,280.08961089124665
6690120,280.0896108894851
6690150,280.08961088948405
6690180,280.08961088948405
6690210,280.08961088948405
6690240,280.08961088948405
6690270,280.08961088948405
6690300,280.08961088948405
6690330,280.08961088948405
6690360,280.08961088948405
6690390,280.08961088948405
6690420,280.08961088948405
6690450,280.08961088948405
6690480,280.08961088948405
6690510,280.08961088948405
6690540,280.08961088948405
6690570,280.08961088948405
6690600,280.08961088948405
6690630,285.86228461539116
6690660,283.80483443587224
6690690,281.942751175763
6690720,281.14356168191944
6690750,280.7835621075306
6690780,280.6224694540998
6690810,280.551152449006
6690840,280.52033395680934
6690870,280.507736267014
6690900,280.504885284329
6690930,280.5085074657636
6690960,280.5175112526723
6690990,280.53806602820447
6691020,280.5587992231986
6691050,280.57201081010624
6691080,280.5797016299165
6691110,280.5845229179492
6691140,280.58801360156673
6691170,280.59090758165553
6691200,280.5935432984169
6691230,280.14052384422433
6691260,280.1401505370989
6691290,280.14016201667425
6691320,280.14016208215673
6691350,280.1401620825529
6691380,280.1401620825529
6691410,280.1401620825529
6691440,280.1401620825529
6691470,280.1401620825529
6691500,280.1401620825529
6691530,280.1401620825529
6691560,280.1401620825529
6691590,280.1401620825529
6691620,280.1401620825529
6691650,280.1401620825529
6691680,280.1401620825529
6691710,280.1401620825529
6691740,280.1401620825529
6691770,280.1401620825529
6691800,280.1401620825529
6691830,285.9973620189692
6691860,283.9195849355608
6691890,282.0296178586128
6691920,281.2209428473101
6691950,280.8583754854327
6691980,280.6969629746066
6692010,280.6259130771112
6692040,280.5954599934879
6692070,280.583162003354
6692100,280.579508938497
6692130,280.58220840740483
6692160,280.58911791166133
6692190,280.60310982525993
6692220,280.62714352535
6692250,280.64628254598404
6692280,280.65774583360684
6692310,280.6645281640368
6692340,280.6690205820796
6692370,280.6724672679061
6692400,280.6754695832539
6692430,280.1922067293334
6692460,280.1918279545084
6692490,280.1918219343887
6692520,280.1918219306515
6692550,280.19182193081576
6692580,280.19182193081576
6692610,280.19182193081576
6692640,280.19182193081576
6692670,280.19182193081576
6692700,280.19182193081576
6692730,280.19182193081576
6692760,280.19182193081576
6692790,280.19182193081576
6692820,280.19182193081576
6692850,280.19182193081576
6692880,280.19182193081576
6692910,280.19182193081576
6692940,280.19182193081576
6692970,280.19182193081576
6693000,280.19182193081576
6693030,286.1620140818312
6693060,284.0631466550453
6693090,282.1394389249061
6693120,281.32042671131046
6693150,280.95638400010154
6693180,280.7963533272242
6693210,280.72752781147824
6693240,280.69935218408386
6693270,280.68938768995883
6693300,280.6875257645957
6693330,280.6912090146874
6693360,280.69944713127086
6693390,280.7109551587876
6693420,280.7315569496502
6693450,280.7595437905003
6693480,280.780298410368
6693510,280.7934677262422
6693540,280.802378706122
6693570,280.8092767764242
6693600,280.81529786790423
6693630,280.2816794619607
6693660,280.28120012096514
6693690,280.2811764498614
6693720,280.28117644928227
6693750,280.28117644928227
6693780,280.28117644928227
6693810,280.28117644928227
6693840,280.28117644928227
6693870,280.28117644928227
6693900,280.28117644928227
6693930,280.28117644928227
6693960,280.28117644928227
6693990,280.28117644928227
6694020,280.28117644928227
6694050,280.28117644928227
6694080,280.28117644928227
6694110,280.28117644928227
6694140,280.28117644928227
6694170,280.28117644928227
6694200,280.28117644928227
6694230,286.448215045645
6694260,284.30612545903205
6694290,282.31880971162354
6694320,281.4792021979519
6694350,281.11043611730173
6694380,280.95056700128947
6694410,280.88308641269236
6694440,280.85634705175175
6694470,280.8475301528425
6694500,280.8466842650338
6694530,280.8494317513293
6694560,280.8565092552847
6694590,280.86780926901247
6694620,280.8807760656524
6694650,280.9000320258568
6694680,280.9306066807011
6694710,280.9549098484631
6694740,280.97029213122806
6694770,280.9803600092223
6694800,280.98784563192515
6694830,280.3869213941844
6694860,280.3863962816665
6694890,280.3863957131084
6694920,280.38639575706014
6694950,280.38639575706026
6694980,280.38639575706026
6695010,280.38639575706026
6695040,280.38639575706026
6695070,280.38639575706026
6695100,280.38639575706026
6695130,280.38639575706026
6695160,280.38639575706026
6695190,280.38639575706026
6695220,280.38639575706026
6695250,280.38639575706026
6695280,280.38639575706026
6695310,280.38639575706026
6695340,280.38639575706026
6695370,280.38639575706026
6695400,280.38639575706026
6695430,286.7572223343093
6695460,284.5517114539169
6695490,282.4902834353797
6695520,281.6253452789775
6695550,281.24892364326007
6695580,281.08676970443423
6695610,281.0182845447461
6695640,280.99061862707435
6695670,280.9806855164465
6695700,280.9784700891537
6695730,280.9795158285012
6695760,280.98227463956783
6695790,280.98907754203816
6695820,281.00047854227904
6695850,281.01180779671887
6695880,281.02389386624844
6695910,281.05125854231346
6695940,281.0780711866295
6695970,281.09476175586195
6696000,281.10430584197917
6696030,280.4515448188
6696060,280.45101862663125
6696090,280.4510184330752
6696120,280.4510184623319
6696150,280.45101847946086
6696180,280.45101847946086
6696210,280.45101847946086
6696240,280.45101847946086
6696270,280.45101847946086
6696300,280.45101847946086
6696330,280.45101847946086
6696360,280.45101847946086
6696390,280.45101847946086
6696420,280.45101847946086
6696450,280.45101847946086
6696480,280.45101847946086
6696510,280.45101847946086
6696540,280.45101847946086
6696570,280.45101847946086
6696600,280.45101847946086
6696630,286.9614895452714
6696660,284.706274095402
6696690,282.5932388372359
6696720,281.7105540674711
6696750,281.3284386010573
6696780,281.16424576972173
6696810,281.0946389780366
6696840,281.0659764014726
6696870,281.05499699069554
6696900,281.0516376685799
6696930,281.0515882519713
6696960,281.05298465049054
6696990,281.0575751152063
6697020,281.0677571151927
6697050,281.0791157233512
6697080,281.08805738424286
6697110,281.1106575901071
6697140,281.1401969534533
6697170,281.1598607162464
6697200,281.17075770364835
6697230,280.48654359603233
6697260,280.48598732957186
6697290,280.4859921917823
6697320,280.4859922315023
6697350,280.48599222382035
6697380,280.48599222382035
6697410,280.48599222382035
6697440,280.48599222382035
6697470,280.48599222382035
6697500,280.48599222382035
6697530,280.48599222382035
6697560,280.48599222382035
6697590,280.48599222382035
6697620,280.48599222382035
6697650,280.48599222382035
6697680,280.48599222382035
6697710,280.48599222382035
6697740,280.48599222382035
6697770,280.48599222382035
6697800,280.48599222382035
6697830,287.1072941566698
6697860,284.8189372173513
6697890,282.6681328080957
6697920,281.77309419115
6697950,281.3875714804354
6697980,281.2225951681363
6698010,281.1528113749322
6698040,281.1239817392603
6698070,281.11273986667794
6698100,281.1090250285997
6698130,281.1085865891556
6698160,281.1094973848653
6698190,281.1114899489258
6698220,281.1182837227258
6698250,281.1300092890998
6698280,281.139928693787
6698310,281.14680777739875
6698340,281.1676762881128
6698370,281.19761465823296
6698400,281.217766886909
6698430,280.5109610754944
6698460,280.51036539611374
6698490,280.51036411926185
6698520,280.5103641190102
6698550,280.5103641190102
6698580,280.5103641190102
6698610,280.5103641190102
6698640,280.5103641190102
6698670,280.5103641190102
6698700,280.5103641190102
6698730,280.5103641190102
6698760,280.5103641190102
6698790,280.5103641190102
6698820,280.5103641190102
6698850,280.5103641190102
6698880,280.5103641190102
6698910,280.5103641190102
6698940,280.5103641190102
6698970,280.5103641190102
6699000,280.5103641190102
6699030,287.2248788778691
6699060,284.9089381713548
6699090,282.7267756868727
6699120,281.8215994967137
6699150,281.43331485402524
6699180,281.2676966071525
6699210,281.1977442808976
6699240,281.16873876533145
6699270,281.1572401660111
6699300,281.1532316982438
6699330,281.1523919106883
6699360,281.1529224065453
6699390,281.15402468269895
6699420,281.1571304620603
6699450,281.16654341046524
6699480,281.1781327346547
6699510,281.18614429852465
6699540,281.1913832516469
6699570,281.20912882621735
6699600,281.23489475303575
6699630,280.5170075809133
6699660,280.51641368504863
6699690,280.5164136981945
6699720,280.5164136982395
6699750,280.5164136982395
6699780,280.5164136982395
6699810,280.5164136982395
6699840,280.5164136982395
6699870,280.5164136982395
6699900,280.5164136982395
6699930,280.5164136982395
6699960,280.5164136982395
6699990,280.5164136982395
6700020,280.5164136982395
6700050,280.5164136982395
6700080,280.5164136982395
6700110,280.5164136982395
6700140,280.5164136982395
6700170,280.5164136982395
6700200,280.5164136982395
6700230,287.31188916410446
6700260,284.9774296813039
6700290,282.77105943794396
6700320,281.85828613981556
6700350,281.4680366166078
6700380,281.3020183337011
6700410,281.2320038575464
6700440,281.2029262293837
6700470,281.19128964402364
6700500,281.1870450134362
6700530,281.18596130484144
6700560,281.18621485803806
6700590,281.18704399184514
6700620,281.188105282372
6700650,281.18928566445805
6700680,281.1931570662358
6700710,281.2037146286288
6700740,281.2148078833068
6700770,281.22191346868556
6700800,281.22597339327734
6700830,280.5045222642506
6700860,280.50392927844825
6700890,280.503929117545
6700920,280.503929117545
6700950,280.503929117545
6700980,280.503929117545
6701010,280.503929117545
6701040,280.503929117545
6701070,280.503929117545
6701100,280.503929117545
6701130,280.503929117545
6701160,280.503929117545
6701190,280.503929117545
6701220,280.503929117545
6701250,280.503929117545
6701280,280.503929117545
6701310,280.503929117545
6701340,280.503929117545
6701370,280.503929117545
6701400,280.503929117545
6701430,287.3653896769454
6701460,285.02774492461555
6701490,282.8050938227792
6701520,281.88782675944304
6701550,281.4963950160767
6701580,281.33010210930894
6701610,281.2600164845212
6701640,281.23090161996674
6701670,281.2191415938812
6701700,281.21474106444794
6701730,281.2134660941105
6701760,281.2135178358296
6701790,281.21413209380125
6701820,281.21498047444487
6701850,281.2159263383663
6701880,281.21702580925495
6701910,281.2219107604541
6701940,281.23329286139426
6701970,281.2436736842679
6702000,281.24993078780074
6702030,280.5163819153198
6702060,280.51578154879854
6702090,280.515781500725
6702120,280.515781500725
6702150,280.515781500725
6702180,280.515781500725
6702210,280.515781500725
6702240,280.515781500725
6702270,280.515781500725
6702300,280.515781500725
6702330,280.515781500725
6702360,280.515781500725
6702390,280.515781500725
6702420,280.515781500725
6702450,280.515781500725
6702480,280.515781500725
6702510,280.515781500725
6702540,280.515781500725
6702570,280.515781500725
6702600,280.515781500725
6702630,287.4265741495998
6702660,285.07504046521626
6702690,282.83612425014593
6702720,281.91427961176146
6702750,281.5217123473303
6702780,281.35462685221415
6702810,281.28400900929955
6702840,281.25457213049606
6702870,281.2426085913013
6702900,281.23803738381406
6702930,281.2365878538019
6702960,281.23646822527155
6702990,281.2369139070994
6703020,281.2375979667205
6703050,281.23837747584435
6703080,281.23919613430667
6703110,281.24046217379725
6703140,281.2470380988897
6703170,281.2589758268223
6703200,281.2682919552788
6703230,280.52538829955915
6703260,280.52480318767704
6703290,280.52486393550225
6703320,280.52486378397634
6703350,280.5248638607944
6703380,280.5248638607944
6703410,280.5248638607944
6703440,280.5248638607944
6703470,280.5248638607944
6703500,280.5248638607944
6703530,280.5248638607944
6703560,280.5248638607944
6703590,280.5248638607944
6703620,280.5248638607944
6703650,280.5248638607944
6703680,280.5248638607944
6703710,280.5248638607944
6703740,280.5248638607944
6703770,280.5248638607944
6703800,280.5248638607944
6703830,287.47008570153764
6703860,285.1073746746558
6703890,282.8565577867244
6703920,281.9311045575333
6703950,281.5375681470473
6703980,281.3695359504297
6704010,281.2975289242025
6704040,281.26682257224695
6704070,281.2538010092798
6704100,281.24829671232834
6704130,281.2459666105033
6704160,281.24496661589524
6704190,281.2445202293281
6704220,281.2442977580786
6704250,281.244157666027
6704280,281.24404172876234
6704310,281.2439273790118
6704340,281.24506959450184
6704370,281.2531509352239
6704400,281.2639966774378
6704430,280.5205564273912
6704460,280.5199469932635
6704490,280.51995525958637
6704520,280.5199552452997
6704550,280.51995524530565
6704580,280.51995524530565
6704610,280.51995524530565
6704640,280.51995524530565
6704670,280.51995524530565
6704700,280.51995524530565
6704730,280.51995524530565
6704760,280.51995524530565
6704790,280.51995524530565
6704820,280.51995524530565
6704850,280.51995524530565
6704880,280.51995524530565
6704910,280.51995524530565
6704940,280.51995524530565
6704970,280.51995524530565
6705000,280.51995524530565
6705030,287.4618703547534
6705060,285.10030548757874
6705090,282.8519367921874
6705120,281.92729130708324
6705150,281.53390786774975
6705180,281.3656730894799
6705210,281.2928146369988
6705240,281.26110297763836
6705270,281.24731859375214
6705300,281.2412757527408
6705330,281.23850545251054
6705360,281.2371391705128
6705390,281.23636629711
6705420,281.23584917409255
6705450,281.2354437847886
6705480,281.235088100834
6705510,281.2347564804674
6705540,281.2345132326947
6705570,281.2381817682823
6705600,281.24886443227086
6705630,280.51143535319204
6705660,280.51083597890454
6705690,280.51101759117313
6705720,280.5110244395466
6705750,280.51102110647616
6705780,280.51102110647616
6705810,280.51102110647616
6705840,280.51102110647616
6705870,280.51102110647616
6705900,280.51102110647616
6705930,280.51102110647616
6705960,280.51102110647616
6705990,280.51102110647616
6706020,280.51102110647616
6706050,280.51102110647616
6706080,280.51102110647616
6706110,280.51102110647616
6706140,280.51102110647616
6706170,280.51102110647616
6706200,280.51102110647616
6706230,287.4426917859525
6706260,285.0880373570201
6706290,282.8454341035269
6706320,281.9230962157429
6706350,281.5308023879152
6706380,281.3632639715312
6706410,281.2907554502967
6706440,281.2590661074784
6706470,281.2454262045224
6706500,281.2396967530202
6706530,281.2373908286296
6706560,281.23654428626503
6706590,281.2363598921473
6706620,281.23645878204934
6706650,281.2366950779032
6706680,281.23700433003853
6706710,281.23736139236814
6706740,281.2377555327511
6706770,281.2390516851242
6706800,281.247755683046
6706830,280.5117545639991
6706860,280.51115447953634
6706890,280.51113731165464
6706920,280.5111373054914
6706950,280.51113730536247
6706980,280.51113730536247
6707010,280.51113730536247
6707040,280.51113730536247
6707070,280.51113730536247
6707100,280.51113730536247
6707130,280.51113730536247
6707160,280.51113730536247
6707190,280.51113730536247
6707220,280.51113730536247
6707250,280.51113730536247
6707280,280.51113730536247
6707310,280.51113730536247
6707340,280.51113730536247
6707370,280.51113730536247
6707400,280.51113730536247
6707430,287.4895252058938
6707460,285.13317827823437
6707490,282.87957062811
6707520,281.9559439300613
6707550,281.5657524854763
6707580,281.4011916600314
6707610,281.3317475183154
6707640,281.30259292691755
6707670,281.2914219375399
6707700,281.2884248214485
6707730,281.2890286289178
6707760,281.2912377474102
6707790,281.29416318143
6707820,281.2974087488593
6707850,281.300829496819
6707880,281.3043538067529
6707910,281.3079501433007
6707940,281.31160455969007
6707970,281.31530996697086
6708000,281.3201376462437
6708030,280.55516184939734
6708060,280.55451116102756
6708090,280.55451925565666
6708120,280.5545192164226
6708150,280.554519216491
6708180,280.554519216491
6708210,280.554519216491
6708240,280.554519216491
6708270,280.554519216491
6708300,280.554519216491
6708330,280.554519216491
6708360,280.554519216491
6708390,280.554519216491
6708420,280.554519216491
6708450,280.554519216491
6708480,280.554519216491
6708510,280.554519216491
6708540,280.554519216491
6708570,280.554519216491
6708600,280.554519216491
6708630,287.7087089688536
6708660,285.306658025005
6708690,282.9917991236395
6708720,282.0513072174636
6708750,281.6587848951485
6708780,281.49555974971753
6708810,281.4278872936849
6708840,281.3998104150498
6708870,281.3884198345755
6708900,281.3850651966241
6708930,281.3857294264528
6708960,281.38823862841787
6708990,281.39154117932685
6709020,281.39516299383
6709050,281.39890097997295
6709080,281.4026680348792
6709110,281.40642568556234
6709140,281.4101572276065
6709170,281.41385373091066
6709200,281.4175111941156
6709230,280.6046910499333
6709260,280.6038615549555
6709290,280.60390151646754
6709320,280.60390147556234
6709350,280.60390148401507
6709380,280.60390148401507
6709410,280.60390148401507
6709440,280.60390148401507
6709470,280.60390148401507
6709500,280.60390148401507
6709530,280.60390148401507
6709560,280.60390148401507
6709590,280.60390148401507
6709620,280.60390148401507
6709650,280.60390148401507
6709680,280.60390148401507
6709710,280.60390148401507
6709740,280.60390148401507
6709770,280.60390148401507
6709800,280.60390148401507
6709830,287.93171999836574
6709860,285.46796845467077
6709890,283.0878370589441
6709920,282.12824503017777
6709950,281.7308523077888
6709980,281.565204812904
6710010,281.4952973578281
6710040,281.46492910196923
6710070,281.45074829192134
6710100,281.4433219734309
6710130,281.4397195193533
6710160,281.4385350865832
6710190,281.43855875679554
6710220,281.4390741250497
6710250,281.4397365273662
6710280,281.4403941896661
6710310,281.4409803627733
6710340,281.441466556525
6710370,281.44183983137964
6710400,281.4420934668107
6710430,280.60683515663726
6710460,280.6061727005023
6710490,280.60617152978637
6710520,280.6061715930519
6710550,280.6061715935263
6710580,280.6061715935263
6710610,280.6061715935263
6710640,280.6061715935263
6710670,280.6061715935263
6710700,280.6061715935263
6710730,280.6061715935263
6710760,280.6061715935263
6710790,280.6061715935263
6710820,280.6061715935263
6710850,280.6061715935263
6710880,280.6061715935263
6710910,280.6061715935263
6710940,280.6061715935263
6710970,280.6061715935263
6711000,280.6061715935263
6711030,287.97046520041954
6711060,285.4880317599689
6711090,283.09617982167214
6711120,282.13229623184856
6711150,281.7326792383387
6711180,281.564874657297
6711210,281.49202263045726
6711240,281.4586264950344
6711270,281.4417324831936
6711300,281.43168726807033
6711330,281.4252081641957
6711360,281.42135700534834
6711390,281.4190484814144
6711420,281.41747103189346
6711450,281.416196044581
6711480,281.4150336049165
6711510,281.41389962524715
6711540,281.4127589525723
6711570,281.4115974224002
6711600,281.41040903036475
6711630,280.5848301017105
6711660,280.584166878669
6711690,280.5841668763285
6711720,280.5841668763274
6711750,280.58416687632734
6711780,280.58416687632734
6711810,280.58416687632734
6711840,280.58416687632734
6711870,280.58416687632734
6711900,280.58416687632734
6711930,280.58416687632734
6711960,280.58416687632734
6711990,280.58416687632734
6712020,280.58416687632734
6712050,280.58416687632734
6712080,280.58416687632734
6712110,280.58416687632734
6712140,280.58416687632734
6712170,280.58416687632734
6712200,280.58416687632734
6712230,287.89074009921404
6712260,285.4269219151265
6712290,283.0578293446882
6712320,282.09979576838975
6712350,281.7004260546221
6712380,281.5314187587181
6712410,281.456937506296
6712440,281.42180970264127
6712470,281.40336093359934
6712500,281.3920518733819
6712530,281.38477395634334
6712560,281.3800861054544
6712590,281.376745718781
6712620,281.37400827611543
6712650,281.3715127365694
6712680,281.3691018725859
6712710,281.36670816852023
6712740,281.3643031085587
6712770,281.36187500944476
6712800,281.3594190291876
6712830,280.55687632163404
6712860,280.5562184844808
6712890,280.5562182173341
6712920,280.556218217323
6712950,280.5562182173234
6712980,280.5562182173234
6713010,280.5562182173234
6713040,280.5562182173234
6713070,280.5562182173234
6713100,280.5562182173234
6713130,280.5562182173234
6713160,280.5562182173234
6713190,280.5562182173234
6713220,280.5562182173234
6713250,280.5562182173234
6713280,280.5562182173234
6713310,280.5562182173234
6713340,280.5562182173234
6713370,280.5562182173234
6713400,280.5562182173234
6713430,287.73263999342566
6713460,285.3048021224475
6713490,282.9804386013076
6713520,282.03410522249607
6713550,281.6356547414328
6713580,281.4649671222309
6713610,281.38866977604033
6713640,281.35203714518445
6713670,281.33232001049805
6713700,281.3206169782096
6713730,281.31324605673575
6713760,281.30801038536606
6713790,281.30371979970863
6713820,281.2998195310245
6713850,281.29606633782623
6713880,281.29235757874517
6713910,281.2886475749624
6713940,281.28491910183686
6713970,281.281164158896
6714000,281.27737943830255
6714030,280.5133836949018
6714060,280.51277563701683
6714090,280.51277563701655
6714120,280.51277563701655
6714150,280.51277563701655
6714180,280.51277563701655
6714210,280.51277563701655
6714240,280.51277563701655
6714270,280.51277563701655
6714300,280.51277563701655
6714330,280.51277563701655
6714360,280.51277563701655
6714390,280.51277563701655
6714420,280.51277563701655
6714450,280.51277563701655
6714480,280.51277563701655
6714510,280.51277563701655
6714540,280.51277563701655
6714570,280.51277563701655
6714600,280.51277563701655
6714630,280.51277563701655
6714660,280.51277563701655
6714690,280.51277563701655
6714720,280.51277563701655
6714750,280.51277563701655
6714780,280.51277563701655
6714810,280.51277563701655
6714840,280.51277563701655
6714870,280.51277563701655
6714900,280.51277563701655
6714930,280.51277563701655
6714960,280.51277563701655
6714990,280.51277563701655
6715020,280.51277563701655
6715050,280.51277563701655
6715080,280.51277563701655
6715110,280.51277563701655
6715140,280.51277563701655
6715170,280.51277563701655
6715200,280.51277563701655
6715230,280.51277563701655
6715260,280.51277563701655
6715290,280.51277563701655
6715320,280.51277563701655
6715350,280.51277563701655
6715380,280.51277563701655
6715410,280.51277563701655
6715440,280.51277563701655
6715470,280.51277563701655
6715500,280.51277563701655
6715530,280.51277563701655
6715560,280.51277563701655
6715590,280.51277563701655
6715620,280.51277563701655
6715650,280.51277563701655
6715680,280.51277563701655
6715710,280.51277563701655
6715740,280.51277563701655
6715770,280.51277563701655
6715800,280.51277563701655
6715830,280.51277563701655
6715860,280.51277563701655
6715890,280.51277563701655
6715920,280.51277563701655
6715950,280.51277563701655
6715980,280.51277563701655
6716010,280.51277563701655
6716040,280.51277563701655
6716070,280.51277563701655
6716100,280.51277563701655
6716130,280.51277563701655
6716160,280.51277563701655
6716190,280.51277563701655
6716220,280.51277563701655
6716250,280.51277563701655
6716280,280.51277563701655
6716310,280.51277563701655
6716340,280.51277563701655
6716370,280.51277563701655
6716400,280.51277563701655
6716430,280.51277563701655
6716460,280.51277563701655
6716490,280.51277563701655
6716520,280.51277563701655
6716550,280.51277563701655
6716580,280.51277563701655
6716610,280.51277563701655
6716640,280.51277563701655
6716670,280.51277563701655
6716700,280.51277563701655
6716730,280.51277563701655
6716760,280.51277563701655
6716790,280.51277563701655
6716820,280.51277563701655
6716850,280.51277563701655
6716880,280.51277563701655
6716910,280.51277563701655
6716940,280.51277563701655
6716970,280.51277563701655
6717000,280.51277563701655
6717030,280.51277563701655
6717060,280.51277563701655
6717090,280.51277563701655
6717120,280.51277563701655
6717150,280.51277563701655
6717180,280.51277563701655
6717210,280.51277563701655
6717240,280.51277563701655
6717270,280.51277563701655
6717300,280.51277563701655
6717330,280.51277563701655
6717360,280.51277563701655
6717390,280.51277563701655
6717420,280.51277563701655
6717450,280.51277563701655
6717480,280.51277563701655
6717510,280.51277563701655
6717540,280.51277563701655
6717570,280.51277563701655
6717600,280.51277563701655
6717630,280.51277563701655
6717660,280.51277563701655
6717690,280.51277563701655
6717720,280.51277563701655
6717750,280.51277563701655
6717780,280.51277563701655
6717810,280.51277563701655
6717840,280.51277563701655
6717870,280.51277563701655
6717900,280.51277563701655
6717930,280.51277563701655
6717960,280.51277563701655
6717990,280.51277563701655
6718020,280.51277563701655
6718050,280.51277563701655
6718080,280.51277563701655
6718110,280.51277563701655
6718140,280.51277563701655
6718170,280.51277563701655
6718200,280.51277563701655
6718230,280.51277563701655
6718260,280.51277563701655
6718290,280.51277563701655
6718320,280.51277563701655
6718350,280.51277563701655
6718380,280.51277563701655
6718410,280.51277563701655
6718440,280.51277563701655
6718470,280.51277563701655
6718500,280.51277563701655
6718530,280.51277563701655
6718560,280.51277563701655
6718590,280.51277563701655
6718620,280.51277563701655
6718650,280.51277563701655
6718680,280.51277563701655
6718710,280.51277563701655
6718740,280.51277563701655
6718770,280.51277563701655
6718800,280.51277563701655
6718830,280.51277563701655
6718860,280.51277563701655
6718890,280.51277563701655
6718920,280.51277563701655
6718950,280.51277563701655
6718980,280.51277563701655
6719010,280.51277563701655
6719040,280.51277563701655
6719070,280.51277563701655
6719100,280.51277563701655
6719130,280.51277563701655
6719160,280.51277563701655
6719190,280.51277563701655
6719220,280.51277563701655
6719250,280.51277563701655
6719280,280.51277563701655
6719310,280.51277563701655
6719340,280.51277563701655
6719370,280.51277563701655
6719400,280.51277563701655
6719430,280.51277563701655
6719460,280.51277563701655
6719490,280.51277563701655
6719520,280.51277563701655
6719550,280.51277563701655
6719580,280.51277563701655
6719610,280.51277563701655
6719640,280.51277563701655
6719670,280.51277563701655
6719700,280.51277563701655
6719730,280.51277563701655
6719760,280.51277563701655
6719790,280.51277563701655
6719820,280.51277563701655
6719850,280.51277563701655
6719880,280.51277563701655
6719910,280.51277563701655
6719940,280.51277563701655
6719970,280.51277563701655
6720000,280.51277563701655
6720030,280.51277563701655
6720060,280.51277563701655
6720090,280.51277563701655
6720120,280.51277563701655
6720150,280.51277563701655
6720180,280.51277563701655
6720210,280.51277563701655
6720240,280.51277563701655
6720270,280.51277563701655
6720300,280.51277563701655
6720330,280.51277563701655
6720360,280.51277563701655
6720390,280.51277563701655
6720420,280.51277563701655
6720450,280.51277563701655
6720480,280.51277563701655
6720510,280.51277563701655
6720540,280.51277563701655
6720570,280.51277563701655
6720600,280.51277563701655
6720630,280.51277563701655
6720660,280.51277563701655
6720690,280.51277563701655
6720720,280.51277563701655
6720750,280.51277563701655
6720780,280.51277563701655
6720810,280.51277563701655
6720840,280.51277563701655
6720870,280.51277563701655
6720900,280.51277563701655
6720930,280.51277563701655
6720960,280.51277563701655
6720990,280.51277563701655
6721020,280.51277563701655
6721050,280.51277563701655
6721080,280.51277563701655
6721110,280.51277563701655
6721140,280.51277563701655
6721170,280.51277563701655
6721200,280.51277563701655
6721230,280.51277563701655
6721260,280.51277563701655
6721290,280.51277563701655
6721320,280.51277563701655
6721350,280.51277563701655
6721380,280.51277563701655
6721410,280.51277563701655
6721440,280.51277563701655
6721470,280.51277563701655
6721500,280.51277563701655
6721530,280.51277563701655
6721560,280.51277563701655
6721590,280.51277563701655
6721620,280.51277563701655
6721650,280.51277563701655
6721680,280.51277563701655
6721710,280.51277563701655
6721740,280.51277563701655
6721770,280.51277563701655
6721800,280.51277563701655
6721830,280.51277563701655
6721860,280.51277563701655
6721890,280.51277563701655
6721920,280.51277563701655
6721950,280.51277563701655
6721980,280.51277563701655
6722010,280.51277563701655
6722040,280.51277563701655
6722070,280.51277563701655
6722100,280.51277563701655
6722130,280.51277563701655
6722160,280.51277563701655
6722190,280.51277563701655
6722220,280.51277563701655
6722250,280.51277563701655
6722280,280.51277563701655
6722310,280.51277563701655
6722340,280.51277563701655
6722370,280.51277563701655
6722400,280.51277563701655
6722430,280.51277563701655
6722460,280.51277563701655
6722490,280.51277563701655
6722520,280.51277563701655
6722550,280.51277563701655
6722580,280.51277563701655
6722610,280.51277563701655
6722640,280.51277563701655
6722670,280.51277563701655
6722700,280.51277563701655
6722730,280.51277563701655
6722760,280.51277563701655
6722790,280.51277563701655
6722820,280.51277563701655
6722850,280.51277563701655
6722880,280.51277563701655
6722910,280.51277563701655
6722940,280.51277563701655
6722970,280.51277563701655
6723000,280.51277563701655
6723030,280.51277563701655
6723060,280.51277563701655
6723090,280.51277563701655
6723120,280.51277563701655
6723150,280.51277563701655
6723180,280.51277563701655
6723210,280.51277563701655
6723240,280.51277563701655
6723270,280.51277563701655
6723300,280.51277563701655
6723330,280.51277563701655
6723360,280.51277563701655
6723390,280.51277563701655
6723420,280.51277563701655
6723450,280.51277563701655
6723480,280.51277563701655
6723510,280.51277563701655
6723540,280.51277563701655
6723570,280.51277563701655
6723600,280.51277563701655
6723630,280.51277563701655
6723660,280.51277563701655
6723690,280.51277563701655
6723720,280.51277563701655
6723750,280.51277563701655
6723780,280.51277563701655
6723810,280.51277563701655
6723840,280.51277563701655
6723870,280.51277563701655
6723900,280.51277563701655
6723930,280.51277563701655
6723960,280.51277563701655
6723990,280.51277563701655
6724020,280.51277563701655
6724050,280.51277563701655
6724080,280.51277563701655
6724110,280.51277563701655
6724140,280.51277563701655
6724170,280.51277563701655
6724200,280.51277563701655
6724230,280.51277563701655
6724260,280.51277563701655
6724290,280.51277563701655
6724320,280.51277563701655
6724350,280.51277563701655
6724380,280.51277563701655
6724410,280.51277563701655
6724440,280.51277563701655
6724470,280.51277563701655
6724500,280.51277563701655
6724530,280.51277563701655
6724560,280.51277563701655
6724590,280.51277563701655
6724620,280.51277563701655
6724650,280.51277563701655
6724680,280.51277563701655
6724710,280.51277563701655
6724740,280.51277563701655
6724770,280.51277563701655
6724800,280.51277563701655
6724830,280.51277563701655
6724860,280.51277563701655
6724890,280.51277563701655
6724920,280.51277563701655
6724950,280.51277563701655
6724980,280.51277563701655
6725010,280.51277563701655
6725040,280.51277563701655
6725070,280.51277563701655
6725100,280.51277563701655
6725130,280.51277563701655
6725160,280.51277563701655
6725190,280.51277563701655
6725220,280.51277563701655
6725250,280.51277563701655
6725280,280.51277563701655
6725310,280.51277563701655
6725340,280.51277563701655
6725370,280.51277563701655
6725400,280.51277563701655
6725430,280.51277563701655
6725460,280.51277563701655
6725490,280.51277563701655
6725520,280.51277563701655
6725550,280.51277563701655
6725580,280.51277563701655
6725610,280.51277563701655
6725640,280.51277563701655
6725670,280.51277563701655
6725700,280.51277563701655
6725730,280.51277563701655
6725760,280.51277563701655
6725790,280.51277563701655
6725820,280.51277563701655
6725850,280.51277563701655
6725880,280.51277563701655
6725910,280.51277563701655
6725940,280.51277563701655
6725970,280.51277563701655
6726000,280.51277563701655
6726030,280.51277563701655
6726060,280.51277563701655
6726090,280.51277563701655
6726120,280.51277563701655
6726150,280.51277563701655
6726180,280.51277563701655
6726210,280.51277563701655
6726240,280.51277563701655
6726270,280.51277563701655
6726300,280.51277563701655
6726330,280.51277563701655
6726360,280.51277563701655
6726390,280.51277563701655
6726420,280.51277563701655
6726450,280.51277563701655
6726480,280.51277563701655
6726510,280.51277563701655
6726540,280.51277563701655
6726570,280.51277563701655
6726600,280.51277563701655
6726630,280.51277563701655
6726660,280.51277563701655
6726690,280.51277563701655
6726720,280.51277563701655
6726750,280.51277563701655
6726780,280.51277563701655
6726810,280.51277563701655
6726840,280.51277563701655
6726870,280.51277563701655
6726900,280.51277563701655
6726930,280.51277563701655
6726960,280.51277563701655
6726990,280.51277563701655
6727020,280.51277563701655
6727050,280.51277563701655
6727080,280.51277563701655
6727110,280.51277563701655
6727140,280.51277563701655
6727170,280.51277563701655
6727200,280.51277563701655
6727230,280.51277563701655
6727260,280.51277563701655
6727290,280.51277563701655
6727320,280.51277563701655
6727350,280.51277563701655
6727380,280.51277563701655
6727410,280.51277563701655
6727440,280.51277563701655
6727470,280.51277563701655
6727500,280.51277563701655
6727530,280.51277563701655
6727560,280.51277563701655
6727590,280.51277563701655
6727620,280.51277563701655
6727650,280.51277563701655
6727680,280.51277563701655
6727710,280.51277563701655
6727740,280.51277563701655
6727770,280.51277563701655
6727800,280.51277563701655
6727830,280.51277563701655
6727860,280.51277563701655
6727890,280.51277563701655
6727920,280.51277563701655
6727950,280.51277563701655
6727980,280.51277563701655
6728010,280.51277563701655
6728040,280.51277563701655
6728070,280.51277563701655
6728100,280.51277563701655
6728130,280.51277563701655
6728160,280.51277563701655
6728190,280.51277563701655
6728220,280.51277563701655
6728250,280.51277563701655
6728280,280.51277563701655
6728310,280.51277563701655
6728340,280.51277563701655
6728370,280.51277563701655
6728400,280.51277563701655
6728430,280.51277563701655
6728460,280.51277563701655
6728490,280.51277563701655
6728520,280.51277563701655
6728550,280.51277563701655
6728580,280.51277563701655
6728610,280.51277563701655
6728640,280.51277563701655
6728670,280.51277563701655
6728700,280.51277563701655
6728730,280.51277563701655
6728760,280.51277563701655
6728790,280.51277563701655
6728820,280.51277563701655
6728850,280.51277563701655
6728880,280.51277563701655
6728910,280.51277563701655
6728940,280.51277563701655
6728970,280.51277563701655
6729000,280.51277563701655
6729030,280.51277563701655
6729060,280.51277563701655
6729090,280.51277563701655
6729120,280.51277563701655
6729150,280.51277563701655
6729180,280.51277563701655
6729210,280.51277563701655
6729240,280.51277563701655
6729270,280.51277563701655
6729300,280.51277563701655
6729330,280.51277563701655
6729360,280.51277563701655
6729390,280.51277563701655
6729420,280.51277563701655
6729450,280.51277563701655
6729480,280.51277563701655
6729510,280.51277563701655
6729540,280.51277563701655
6729570,280.51277563701655
6729600,280.51277563701655
6729630,280.51277563701655
6729660,280.51277563701655
6729690,280.51277563701655
6729720,280.51277563701655
6729750,280.51277563701655
6729780,280.51277563701655
6729810,280.51277563701655
6729840,280.51277563701655
6729870,280.51277563701655
6729900,280.51277563701655
6729930,280.51277563701655
6729960,280.51277563701655
6729990,280.51277563701655
6730020,280.51277563701655
6730050,280.51277563701655
6730080,280.51277563701655
6730110,280.51277563701655
6730140,280.51277563701655
6730170,280.51277563701655
6730200,280.51277563701655
6730230,280.51277563701655
6730260,280.51277563701655
6730290,280.51277563701655
6730320,280.51277563701655
6730350,280.51277563701655
6730380,280.51277563701655
6730410,280.51277563701655
6730440,280.51277563701655
6730470,280.51277563701655
6730500,280.51277563701655
6730530,280.51277563701655
6730560,280.51277563701655
6730590,280.51277563701655
6730620,280.51277563701655
6730650,280.51277563701655
6730680,280.51277563701655
6730710,280.51277563701655
6730740,280.51277563701655
6730770,280.51277563701655
6730800,280.51277563701655
6730830,280.51277563701655
6730860,280.51277563701655
6730890,280.51277563701655
6730920,280.51277563701655
6730950,280.51277563701655
6730980,280.51277563701655
6731010,280.51277563701655
6731040,280.51277563701655
6731070,280.51277563701655
6731100,280.51277563701655
6731130,280.51277563701655
6731160,280.51277563701655
6731190,280.51277563701655
6731220,280.51277563701655
6731250,280.51277563701655
6731280,280.51277563701655
6731310,280.51277563701655
6731340,280.51277563701655
6731370,280.51277563701655
6731400,280.51277563701655
6731430,280.51277563701655
6731460,280.51277563701655
6731490,280.51277563701655
6731520,280.51277563701655
6731550,280.51277563701655
6731580,280.51277563701655
6731610,280.51277563701655
6731640,280.51277563701655
6731670,280.51277563701655
6731700,280.51277563701655
6731730,280.51277563701655
6731760,280.51277563701655
6731790,280.51277563701655
6731820,280.51277563701655
6731850,280.51277563701655
6731880,280.51277563701655
6731910,280.51277563701655
6731940,280.51277563701655
6731970,280.51277563701655
6732000,280.51277563701655
6732030,280.51277563701655
6732060,280.51277563701655
6732090,280.51277563701655
6732120,280.51277563701655
6732150,280.51277563701655
6732180,280.51277563701655
6732210,280.51277563701655
6732240,280.51277563701655
6732270,280.51277563701655
6732300,280.51277563701655
6732330,280.51277563701655
6732360,280.51277563701655
6732390,280.51277563701655
6732420,280.51277563701655
6732450,280.51277563701655
6732480,280.51277563701655
6732510,280.51277563701655
6732540,280.51277563701655
6732570,280.51277563701655
6732600,280.51277563701655
6732630,280.51277563701655
6732660,280.51277563701655
6732690,280.51277563701655
6732720,280.51277563701655
6732750,280.51277563701655
6732780,280.51277563701655
6732810,280.51277563701655
6732840,280.51277563701655
6732870,280.51277563701655
6732900,280.51277563701655
6732930,280.51277563701655
6732960,280.51277563701655
6732990,280.51277563701655
6733020,280.51277563701655
6733050,280.51277563701655
6733080,280.51277563701655
6733110,280.51277563701655
6733140,280.51277563701655
6733170,280.51277563701655
6733200,280.51277563701655
6733230,280.51277563701655
6733260,280.51277563701655
6733290,280.51277563701655
6733320,280.51277563701655
6733350,280.51277563701655
6733380,280.51277563701655
6733410,280.51277563701655
6733440,280.51277563701655
6733470,280.51277563701655
6733500,280.51277563701655
6733530,280.51277563701655
6733560,280.51277563701655
6733590,280.51277563701655
6733620,280.51277563701655
6733650,280.51277563701655
6733680,280.51277563701655
6733710,280.51277563701655
6733740,280.51277563701655
6733770,280.51277563701655
6733800,280.51277563701655
6733830,280.51277563701655
6733860,280.51277563701655
6733890,280.51277563701655
6733920,280.51277563701655
6733950,280.51277563701655
6733980,280.51277563701655
6734010,280.51277563701655
6734040,280.51277563701655
6734070,280.51277563701655
6734100,280.51277563701655
6734130,280.51277563701655
6734160,280.51277563701655
6734190,280.51277563701655
6734220,280.51277563701655
6734250,280.51277563701655
6734280,280.51277563701655
6734310,280.51277563701655
6734340,280.51277563701655
6734370,280.51277563701655
6734400,280.51277563701655
6734430,280.51277563701655
6734460,280.51277563701655
6734490,280.51277563701655
6734520,280.51277563701655
6734550,280.51277563701655
6734580,280.51277563701655
6734610,280.51277563701655
6734640,280.51277563701655
6734670,280.51277563701655
6734700,280.51277563701655
6734730,280.51277563701655
6734760,280.51277563701655
6734790,280.51277563701655
6734820,280.51277563701655
6734850,280.51277563701655
6734880,280.51277563701655
6734910,280.51277563701655
6734940,280.51277563701655
6734970,280.51277563701655
6735000,280.51277563701655
6735030,280.51277563701655
6735060,280.51277563701655
6735090,280.51277563701655
6735120,280.51277563701655
6735150,280.51277563701655
6735180,280.51277563701655
6735210,280.51277563701655
6735240,280.51277563701655
6735270,280.51277563701655
6735300,280.51277563701655
6735330,280.51277563701655
6735360,280.51277563701655
6735390,280.51277563701655
6735420,280.51277563701655
6735450,280.51277563701655
6735480,280.51277563701655
6735510,280.51277563701655
6735540,280.51277563701655
6735570,280.51277563701655
6735600,280.51277563701655
6735630,280.51277563701655
6735660,280.51277563701655
6735690,280.51277563701655
6735720,280.51277563701655
6735750,280.51277563701655
6735780,280.51277563701655
6735810,280.51277563701655
6735840,280.51277563701655
6735870,280.51277563701655
6735900,280.51277563701655
6735930,280.51277563701655
6735960,280.51277563701655
6735990,280.51277563701655
6736020,280.51277563701655
6736050,280.51277563701655
6736080,280.51277563701655
6736110,280.51277563701655
6736140,280.51277563701655
6736170,280.51277563701655
6736200,280.51277563701655
6736230,280.51277563701655
6736260,280.51277563701655
6736290,280.51277563701655
6736320,280.51277563701655
6736350,280.51277563701655
6736380,280.51277563701655
6736410,280.51277563701655
6736440,280.51277563701655
6736470,280.51277563701655
6736500,280.51277563701655
6736530,280.51277563701655
6736560,280.51277563701655
6736590,280.51277563701655
6736620,280.51277563701655
6736650,280.51277563701655
6736680,280.51277563701655
6736710,280.51277563701655
6736740,280.51277563701655
6736770,280.51277563701655
6736800,280.51277563701655
6736830,280.51277563701655
6736860,280.51277563701655
6736890,280.51277563701655
6736920,280.51277563701655
6736950,280.51277563701655
6736980,280.51277563701655
6737010,280.51277563701655
6737040,280.51277563701655
6737070,280.51277563701655
6737100,280.51277563701655
6737130,280.51277563701655
6737160,280.51277563701655
6737190,280.51277563701655
6737220,280.51277563701655
6737250,280.51277563701655
6737280,280.51277563701655
6737310,280.51277563701655
6737340,280.51277563701655
6737370,280.51277563701655
6737400,280.51277563701655
6737430,280.51277563701655
6737460,280.51277563701655
6737490,280.51277563701655
6737520,280.51277563701655
6737550,280.51277563701655
6737580,280.51277563701655
6737610,280.51277563701655
6737640,280.51277563701655
6737670,280.51277563701655
6737700,280.51277563701655
6737730,280.51277563701655
6737760,280.51277563701655
6737790,280.51277563701655
6737820,280.51277563701655
6737850,280.51277563701655
6737880,280.51277563701655
6737910,280.51277563701655
6737940,280.51277563701655
6737970,280.51277563701655
6738000,280.51277563701655
6738030,280.51277563701655
6738060,280.51277563701655
6738090,280.51277563701655
6738120,280.51277563701655
6738150,280.51277563701655
6738180,280.51277563701655
6738210,280.51277563701655
6738240,280.51277563701655
6738270,280.51277563701655
6738300,280.51277563701655
6738330,280.51277563701655
6738360,280.51277563701655
6738390,280.51277563701655
6738420,280.51277563701655
6738450,280.51277563701655
6738480,280.51277563701655
6738510,280.51277563701655
6738540,280.51277563701655
6738570,280.51277563701655
6738600,280.51277563701655
6738630,280.51277563701655
6738660,280.51277563701655
6738690,280.51277563701655
6738720,280.51277563701655
6738750,280.51277563701655
6738780,280.51277563701655
6738810,280.51277563701655
6738840,280.51277563701655
6738870,280.51277563701655
6738900,280.51277563701655
6738930,280.51277563701655
6738960,280.51277563701655
6738990,280.51277563701655
6739020,280.51277563701655
6739050,280.51277563701655
6739080,280.51277563701655
6739110,280.51277563701655
6739140,280.51277563701655
6739170,280.51277563701655
6739200,280.51277563701655
6739230,280.51277563701655
6739260,280.51277563701655
6739290,280.51277563701655
6739320,280.51277563701655
6739350,280.51277563701655
6739380,280.51277563701655
6739410,280.51277563701655
6739440,280.51277563701655
6739470,280.51277563701655
6739500,280.51277563701655
6739530,280.51277563701655
6739560,280.51277563701655
6739590,280.51277563701655
6739620,280.51277563701655
6739650,280.51277563701655
6739680,280.51277563701655
6739710,280.51277563701655
6739740,280.51277563701655
6739770,280.51277563701655
6739800,280.51277563701655
6739830,280.51277563701655
6739860,280.51277563701655
6739890,280.51277563701655
6739920,280.51277563701655
6739950,280.51277563701655
6739980,280.51277563701655
6740010,280.51277563701655
6740040,280.51277563701655
6740070,280.51277563701655
6740100,280.51277563701655
6740130,280.51277563701655
6740160,280.51277563701655
6740190,280.51277563701655
6740220,280.51277563701655
6740250,280.51277563701655
6740280,280.51277563701655
6740310,280.51277563701655
6740340,280.51277563701655
6740370,280.51277563701655
6740400,280.51277563701655
6740430,280.51277563701655
6740460,280.51277563701655
6740490,280.51277563701655
6740520,280.51277563701655
6740550,280.51277563701655
6740580,280.51277563701655
6740610,280.51277563701655
6740640,280.51277563701655
6740670,280.51277563701655
6740700,280.51277563701655
6740730,280.51277563701655
6740760,280.51277563701655
6740790,280.51277563701655
6740820,280.51277563701655
6740850,280.51277563701655
6740880,280.51277563701655
6740910,280.51277563701655
6740940,280.51277563701655
6740970,280.51277563701655
6741000,280.51277563701655
6741030,280.51277563701655
6741060,280.51277563701655
6741090,280.51277563701655
6741120,280.51277563701655
6741150,280.51277563701655
6741180,280.51277563701655
6741210,280.51277563701655
6741240,280.51277563701655
6741270,280.51277563701655
6741300,280.51277563701655
6741330,280.51277563701655
6741360,280.51277563701655
6741390,280.51277563701655
6741420,280.51277563701655
6741450,280.51277563701655
6741480,280.51277563701655
6741510,280.51277563701655
6741540,280.51277563701655
6741570,280.51277563701655
6741600,280.51277563701655
6741630,280.51277563701655
6741660,280.51277563701655
6741690,280.51277563701655
6741720,280.51277563701655
6741750,280.51277563701655
6741780,280.51277563701655
6741810,280.51277563701655
6741840,280.51277563701655
6741870,280.51277563701655
6741900,280.51277563701655
6741930,280.51277563701655
6741960,280.51277563701655
6741990,280.51277563701655
6742020,280.51277563701655
6742050,280.51277563701655
6742080,280.51277563701655
6742110,280.51277563701655
6742140,280.51277563701655
6742170,280.51277563701655
6742200,280.51277563701655
6742230,280.51277563701655
6742260,280.51277563701655
6742290,280.51277563701655
6742320,280.51277563701655
6742350,280.51277563701655
6742380,280.51277563701655
6742410,280.51277563701655
6742440,280.51277563701655
6742470,280.51277563701655
6742500,280.51277563701655
6742530,280.51277563701655
6742560,280.51277563701655
6742590,280.51277563701655
6742620,280.51277563701655
6742650,280.51277563701655
6742680,280.51277563701655
6742710,280.51277563701655
6742740,280.51277563701655
6742770,280.51277563701655
6742800,280.51277563701655
6742830,280.51277563701655
6742860,280.51277563701655
6742890,280.51277563701655
6742920,280.51277563701655
6742950,280.51277563701655
6742980,280.51277563701655
6743010,280.51277563701655
6743040,280.51277563701655
6743070,280.51277563701655
6743100,280.51277563701655
6743130,280.51277563701655
6743160,280.51277563701655
6743190,280.51277563701655
6743220,280.51277563701655
6743250,280.51277563701655
6743280,280.51277563701655
6743310,280.51277563701655
6743340,280.51277563701655
6743370,280.51277563701655
6743400,280.51277563701655
6743430,280.51277563701655
6743460,280.51277563701655
6743490,280.51277563701655
6743520,280.51277563701655
6743550,280.51277563701655
6743580,280.51277563701655
6743610,280.51277563701655
6743640,280.51277563701655
6743670,280.51277563701655
6743700,280.51277563701655
6743730,280.51277563701655
6743760,280.51277563701655
6743790,280.51277563701655
6743820,280.51277563701655
6743850,280.51277563701655
6743880,280.51277563701655
6743910,280.51277563701655
6743940,280.51277563701655
6743970,280.51277563701655
6744000,280.51277563701655
6744030,280.51277563701655
6744060,280.51277563701655
6744090,280.51277563701655
6744120,280.51277563701655
6744150,280.51277563701655
6744180,280.51277563701655
6744210,280.51277563701655
6744240,280.51277563701655
6744270,280.51277563701655
6744300,280.51277563701655
6744330,280.51277563701655
6744360,280.51277563701655
6744390,280.51277563701655
6744420,280.51277563701655
6744450,280.51277563701655
6744480,280.51277563701655
6744510,280.51277563701655
6744540,280.51277563701655
6744570,280.51277563701655
6744600,280.51277563701655
6744630,280.51277563701655
6744660,280.51277563701655
6744690,280.51277563701655
6744720,280.51277563701655
6744750,280.51277563701655
6744780,280.51277563701655
6744810,280.51277563701655
6744840,280.51277563701655
6744870,280.51277563701655
6744900,280.51277563701655
6744930,280.51277563701655
6744960,280.51277563701655
6744990,280.51277563701655
6745020,280.51277563701655
6745050,280.51277563701655
6745080,280.51277563701655
6745110,280.51277563701655
6745140,280.51277563701655
6745170,280.51277563701655
6745200,280.51277563701655
6745230,280.51277563701655
6745260,280.51277563701655
6745290,280.51277563701655
6745320,280.51277563701655
6745350,280.51277563701655
6745380,280.51277563701655
6745410,280.51277563701655
6745440,280.51277563701655
6745470,280.51277563701655
6745500,280.51277563701655
6745530,280.51277563701655
6745560,280.51277563701655
6745590,280.51277563701655
6745620,280.51277563701655
6745650,280.51277563701655
6745680,280.51277563701655
6745710,280.51277563701655
6745740,280.51277563701655
6745770,280.51277563701655
6745800,280.51277563701655
6745830,280.51277563701655
6745860,280.51277563701655
6745890,280.51277563701655
6745920,280.51277563701655
6745950,280.51277563701655
6745980,280.51277563701655
6746010,280.51277563701655
6746040,280.51277563701655
6746070,280.51277563701655
6746100,280.51277563701655
6746130,280.51277563701655
6746160,280.51277563701655
6746190,280.51277563701655
6746220,280.51277563701655
6746250,280.51277563701655
6746280,280.51277563701655
6746310,280.51277563701655
6746340,280.51277563701655
6746370,280.51277563701655
6746400,280.51277563701655
6746430,280.51277563701655
6746460,280.51277563701655
6746490,280.51277563701655
6746520,280.51277563701655
6746550,280.51277563701655
6746580,280.51277563701655
6746610,280.51277563701655
6746640,280.51277563701655
6746670,280.51277563701655
6746700,280.51277563701655
6746730,280.51277563701655
6746760,280.51277563701655
6746790,280.51277563701655
6746820,280.51277563701655
6746850,280.51277563701655
6746880,280.51277563701655
6746910,280.51277563701655
6746940,280.51277563701655
6746970,280.51277563701655
6747000,280.51277563701655
6747030,280.51277563701655
6747060,280.51277563701655
6747090,280.51277563701655
6747120,280.51277563701655
6747150,280.51277563701655
6747180,280.51277563701655
6747210,280.51277563701655
6747240,280.51277563701655
6747270,280.51277563701655
6747300,280.51277563701655
6747330,280.51277563701655
6747360,280.51277563701655
6747390,280.51277563701655
6747420,280.51277563701655
6747450,280.51277563701655
6747480,280.51277563701655
6747510,280.51277563701655
6747540,280.51277563701655
6747570,280.51277563701655
6747600,280.51277563701655
6747630,280.51277563701655
6747660,280.51277563701655
6747690,280.51277563701655
6747720,280.51277563701655
6747750,280.51277563701655
6747780,280.51277563701655
6747810,280.51277563701655
6747840,280.51277563701655
6747870,280.51277563701655
6747900,280.51277563701655
6747930,280.51277563701655
6747960,280.51277563701655
6747990,280.51277563701655
6748020,280.51277563701655
6748050,280.51277563701655
6748080,280.51277563701655
6748110,280.51277563701655
6748140,280.51277563701655
6748170,280.51277563701655
6748200,280.51277563701655
6748230,280.51277563701655
6748260,280.51277563701655
6748290,280.51277563701655
6748320,280.51277563701655
6748350,280.51277563701655
6748380,280.51277563701655
6748410,280.51277563701655
6748440,280.51277563701655
6748470,280.51277563701655
6748500,280.51277563701655
6748530,280.51277563701655
6748560,280.51277563701655
6748590,280.51277563701655
6748620,280.51277563701655
6748650,280.51277563701655
6748680,280.51277563701655
6748710,280.51277563701655
6748740,280.51277563701655
6748770,280.51277563701655
6748800,280.51277563701655
6748830,280.51277563701655
6748860,280.51277563701655
6748890,280.51277563701655
6748920,280.51277563701655
6748950,280.51277563701655
6748980,280.51277563701655
6749010,280.51277563701655
6749040,280.51277563701655
6749070,280.51277563701655
6749100,280.51277563701655
6749130,280.51277563701655
6749160,280.51277563701655
6749190,280.51277563701655
6749220,280.51277563701655
6749250,280.51277563701655
6749280,280.51277563701655
6749310,280.51277563701655
6749340,280.51277563701655
6749370,280.51277563701655
6749400,280.51277563701655
6749430,280.51277563701655
6749460,280.51277563701655
6749490,280.51277563701655
6749520,280.51277563701655
6749550,280.51277563701655
6749580,280.51277563701655
6749610,280.51277563701655
6749640,280.51277563701655
6749670,280.51277563701655
6749700,280.51277563701655
6749730,280.51277563701655
6749760,280.51277563701655
6749790,280.51277563701655
6749820,280.51277563701655
6749850,280.51277563701655
6749880,280.51277563701655
6749910,280.51277563701655
6749940,280.51277563701655
6749970,280.51277563701655
6750000,280.51277563701655
6750030,280.51277563701655
6750060,280.51277563701655
6750090,280.51277563701655
6750120,280.51277563701655
6750150,280.51277563701655
6750180,280.51277563701655
6750210,280.51277563701655
6750240,280.51277563701655
6750270,280.51277563701655
6750300,280.51277563701655
6750330,280.51277563701655
6750360,280.51277563701655
6750390,280.51277563701655
6750420,280.51277563701655
6750450,280.51277563701655
6750480,280.51277563701655
6750510,280.51277563701655
6750540,280.51277563701655
6750570,280.51277563701655
6750600,280.51277563701655
6750630,280.51277563701655
6750660,280.51277563701655
6750690,280.51277563701655
6750720,280.51277563701655
6750750,280.51277563701655
6750780,280.51277563701655
6750810,280.51277563701655
6750840,280.51277563701655
6750870,280.51277563701655
6750900,280.51277563701655
6750930,280.51277563701655
6750960,280.51277563701655
6750990,280.51277563701655
6751020,280.51277563701655
6751050,280.51277563701655
6751080,280.51277563701655
6751110,280.51277563701655
6751140,280.51277563701655
6751170,280.51277563701655
6751200,280.51277563701655
6751230,280.51277563701655
6751260,280.51277563701655
6751290,280.51277563701655
6751320,280.51277563701655
6751350,280.51277563701655
6751380,280.51277563701655
6751410,280.51277563701655
6751440,280.51277563701655
6751470,280.51277563701655
6751500,280.51277563701655
6751530,280.51277563701655
6751560,280.51277563701655
6751590,280.51277563701655
6751620,280.51277563701655
6751650,280.51277563701655
6751680,280.51277563701655
6751710,280.51277563701655
6751740,280.51277563701655
6751770,280.51277563701655
6751800,280.51277563701655
6751830,280.51277563701655
6751860,280.51277563701655
6751890,280.51277563701655
6751920,280.51277563701655
6751950,280.51277563701655
6751980,280.51277563701655
6752010,280.51277563701655
6752040,280.51277563701655
6752070,280.51277563701655
6752100,280.51277563701655
6752130,280.51277563701655
6752160,280.51277563701655
6752190,280.51277563701655
6752220,280.51277563701655
6752250,280.51277563701655
6752280,280.51277563701655
6752310,280.51277563701655
6752340,280.51277563701655
6752370,280.51277563701655
6752400,280.51277563701655
6752430,280.51277563701655
6752460,280.51277563701655
6752490,280.51277563701655
6752520,280.51277563701655
6752550,280.51277563701655
6752580,280.51277563701655
6752610,280.51277563701655
6752640,280.51277563701655
6752670,280.51277563701655
6752700,280.51277563701655
6752730,280.51277563701655
6752760,280.51277563701655
6752790,280.51277563701655
6752820,280.51277563701655
6752850,280.51277563701655
6752880,280.51277563701655
6752910,280.51277563701655
6752940,280.51277563701655
6752970,280.51277563701655
6753000,280.51277563701655
6753030,280.51277563701655
6753060,280.51277563701655
6753090,280.51277563701655
6753120,280.51277563701655
6753150,280.51277563701655
6753180,280.51277563701655
6753210,280.51277563701655
6753240,280.51277563701655
6753270,280.51277563701655
6753300,280.51277563701655
6753330,280.51277563701655
6753360,280.51277563701655
6753390,280.51277563701655
6753420,280.51277563701655
6753450,280.51277563701655
6753480,280.51277563701655
6753510,280.51277563701655
6753540,280.51277563701655
6753570,280.51277563701655
6753600,280.51277563701655
6753630,280.51277563701655
6753660,280.51277563701655
6753690,280.51277563701655
6753720,280.51277563701655
6753750,280.51277563701655
6753780,280.51277563701655
6753810,280.51277563701655
6753840,280.51277563701655
6753870,280.51277563701655
6753900,280.51277563701655
6753930,280.51277563701655
6753960,280.51277563701655
6753990,280.51277563701655
6754020,280.51277563701655
6754050,280.51277563701655
6754080,280.51277563701655
6754110,280.51277563701655
6754140,280.51277563701655
6754170,280.51277563701655
6754200,280.51277563701655
6754230,280.51277563701655
6754260,280.51277563701655
6754290,280.51277563701655
6754320,280.51277563701655
6754350,280.51277563701655
6754380,280.51277563701655
6754410,280.51277563701655
6754440,280.51277563701655
6754470,280.51277563701655
6754500,280.51277563701655
6754530,280.51277563701655
6754560,280.51277563701655
6754590,280.51277563701655
6754620,280.51277563701655
6754650,280.51277563701655
6754680,280.51277563701655
6754710,280.51277563701655
6754740,280.51277563701655
6754770,280.51277563701655
6754800,280.51277563701655
6754830,280.51277563701655
6754860,280.51277563701655
6754890,280.51277563701655
6754920,280.51277563701655
6754950,280.51277563701655
6754980,280.51277563701655
6755010,280.51277563701655
6755040,280.51277563701655
6755070,280.51277563701655
6755100,280.51277563701655
6755130,280.51277563701655
6755160,280.51277563701655
6755190,280.51277563701655
6755220,280.51277563701655
6755250,280.51277563701655
6755280,280.51277563701655
6755310,280.51277563701655
6755340,280.51277563701655
6755370,280.51277563701655
6755400,280.51277563701655
6755430,280.51277563701655
6755460,280.51277563701655
6755490,280.51277563701655
6755520,280.51277563701655
6755550,280.51277563701655
6755580,280.51277563701655
6755610,280.51277563701655
6755640,280.51277563701655
6755670,280.51277563701655
6755700,280.51277563701655
6755730,280.51277563701655
6755760,280.51277563701655
6755790,280.51277563701655
6755820,280.51277563701655
6755850,280.51277563701655
6755880,280.51277563701655
6755910,280.51277563701655
6755940,280.51277563701655
6755970,280.51277563701655
6756000,280.51277563701655
6756030,280.51277563701655
6756060,280.51277563701655
6756090,280.51277563701655
6756120,280.51277563701655
6756150,280.51277563701655
6756180,280.51277563701655
6756210,280.51277563701655
6756240,280.51277563701655
6756270,280.51277563701655
6756300,280.51277563701655
6756330,280.51277563701655
6756360,280.51277563701655
6756390,280.51277563701655
6756420,280.51277563701655
6756450,280.51277563701655
6756480,280.51277563701655
6756510,280.51277563701655
6756540,280.51277563701655
6756570,280.51277563701655
6756600,280.51277563701655
6756630,280.51277563701655
6756660,280.51277563701655
6756690,280.51277563701655
6756720,280.51277563701655
6756750,280.51277563701655
6756780,280.51277563701655
6756810,280.51277563701655
6756840,280.51277563701655
6756870,280.51277563701655
6756900,280.51277563701655
6756930,280.51277563701655
6756960,280.51277563701655
6756990,280.51277563701655
6757020,280.51277563701655
6757050,280.51277563701655
6757080,280.51277563701655
6757110,280.51277563701655
6757140,280.51277563701655
6757170,280.51277563701655
6757200,280.51277563701655
6757230,280.51277563701655
6757260,280.51277563701655
6757290,280.51277563701655
6757320,280.51277563701655
6757350,280.51277563701655
6757380,280.51277563701655
6757410,280.51277563701655
6757440,280.51277563701655
6757470,280.51277563701655
6757500,280.51277563701655
6757530,280.51277563701655
6757560,280.51277563701655
6757590,280.51277563701655
6757620,280.51277563701655
6757650,280.51277563701655
6757680,280.51277563701655
6757710,280.51277563701655
6757740,280.51277563701655
6757770,280.51277563701655
6757800,280.51277563701655
6757830,280.51277563701655
6757860,280.51277563701655
6757890,280.51277563701655
6757920,280.51277563701655
6757950,280.51277563701655
6757980,280.51277563701655
6758010,280.51277563701655
6758040,280.51277563701655
6758070,280.51277563701655
6758100,280.51277563701655
6758130,280.51277563701655
6758160,280.51277563701655
6758190,280.51277563701655
6758220,280.51277563701655
6758250,280.51277563701655
6758280,280.51277563701655
6758310,280.51277563701655
6758340,280.51277563701655
6758370,280.51277563701655
6758400,280.51277563701655
6758430,280.51277563701655
6758460,280.51277563701655
6758490,280.51277563701655
6758520,280.51277563701655
6758550,280.51277563701655
6758580,280.51277563701655
6758610,280.51277563701655
6758640,280.51277563701655
6758670,280.51277563701655
6758700,280.51277563701655
6758730,280.51277563701655
6758760,280.51277563701655
6758790,280.51277563701655
6758820,280.51277563701655
6758850,280.51277563701655
6758880,280.51277563701655
6758910,280.51277563701655
6758940,280.51277563701655
6758970,280.51277563701655
6759000,280.51277563701655
6759030,280.51277563701655
6759060,280.51277563701655
6759090,280.51277563701655
6759120,280.51277563701655
6759150,280.51277563701655
6759180,280.51277563701655
6759210,280.51277563701655
6759240,280.51277563701655
6759270,280.51277563701655
6759300,280.51277563701655
6759330,280.51277563701655
6759360,280.51277563701655
6759390,280.51277563701655
6759420,280.51277563701655
6759450,280.51277563701655
6759480,280.51277563701655
6759510,280.51277563701655
6759540,280.51277563701655
6759570,280.51277563701655
6759600,280.51277563701655
6759630,280.51277563701655
6759660,280.51277563701655
6759690,280.51277563701655
6759720,280.51277563701655
6759750,280.51277563701655
6759780,280.51277563701655
6759810,280.51277563701655
6759840,280.51277563701655
6759870,280.51277563701655
6759900,280.51277563701655
6759930,280.51277563701655
6759960,280.51277563701655
6759990,280.51277563701655
6760020,280.51277563701655
6760050,280.51277563701655
6760080,280.51277563701655
6760110,280.51277563701655
6760140,280.51277563701655
6760170,280.51277563701655
6760200,280.51277563701655
6760230,280.51277563701655
6760260,280.51277563701655
6760290,280.51277563701655
6760320,280.51277563701655
6760350,280.51277563701655
6760380,280.51277563701655
6760410,280.51277563701655
6760440,280.51277563701655
6760470,280.51277563701655
6760500,280.51277563701655
6760530,280.51277563701655
6760560,280.51277563701655
6760590,280.51277563701655
6760620,280.51277563701655
6760650,280.51277563701655
6760680,280.51277563701655
6760710,280.51277563701655
6760740,280.51277563701655
6760770,280.51277563701655
6760800,280.51277563701655
6760830,280.51277563701655
6760860,280.51277563701655
6760890,280.51277563701655
6760920,280.51277563701655
6760950,280.51277563701655
6760980,280.51277563701655
6761010,280.51277563701655
6761040,280.51277563701655
6761070,280.51277563701655
6761100,280.51277563701655
6761130,280.51277563701655
6761160,280.51277563701655
6761190,280.51277563701655
6761220,280.51277563701655
6761250,280.51277563701655
6761280,280.51277563701655
6761310,280.51277563701655
6761340,280.51277563701655
6761370,280.51277563701655
6761400,280.51277563701655
6761430,280.51277563701655
6761460,280.51277563701655
6761490,280.51277563701655
6761520,280.51277563701655
6761550,280.51277563701655
6761580,280.51277563701655
6761610,280.51277563701655
6761640,280.51277563701655
6761670,280.51277563701655
6761700,280.51277563701655
6761730,280.51277563701655
6761760,280.51277563701655
6761790,280.51277563701655
6761820,280.51277563701655
6761850,280.51277563701655
6761880,280.51277563701655
6761910,280.51277563701655
6761940,280.51277563701655
6761970,280.51277563701655
6762000,280.51277563701655
6762030,280.51277563701655
6762060,280.51277563701655
6762090,280.51277563701655
6762120,280.51277563701655
6762150,280.51277563701655
6762180,280.51277563701655
6762210,280.51277563701655
6762240,280.51277563701655
6762270,280.51277563701655
6762300,280.51277563701655
6762330,280.51277563701655
6762360,280.51277563701655
6762390,280.51277563701655
6762420,280.51277563701655
6762450,280.51277563701655
6762480,280.51277563701655
6762510,280.51277563701655
6762540,280.51277563701655
6762570,280.51277563701655
6762600,280.51277563701655
6762630,280.51277563701655
6762660,280.51277563701655
6762690,280.51277563701655
6762720,280.51277563701655
6762750,280.51277563701655
6762780,280.51277563701655
6762810,280.51277563701655
6762840,280.51277563701655
6762870,280.51277563701655
6762900,280.51277563701655
6762930,280.51277563701655
6762960,280.51277563701655
6762990,280.51277563701655
6763020,280.51277563701655
6763050,280.51277563701655
6763080,280.51277563701655
6763110,280.51277563701655
6763140,280.51277563701655
6763170,280.51277563701655
6763200,280.51277563701655
6763230,280.51277563701655
6763260,280.51277563701655
6763290,280.51277563701655
6763320,280.51277563701655
6763350,280.51277563701655
6763380,280.51277563701655
6763410,280.51277563701655
6763440,280.51277563701655
6763470,280.51277563701655
6763500,280.51277563701655
6763530,280.51277563701655
6763560,280.51277563701655
6763590,280.51277563701655
6763620,280.51277563701655
6763650,280.51277563701655
6763680,280.51277563701655
6763710,280.51277563701655
6763740,280.51277563701655
6763770,280.51277563701655
6763800,280.51277563701655
6763830,280.51277563701655
6763860,280.51277563701655
6763890,280.51277563701655
6763920,280.51277563701655
6763950,280.51277563701655
6763980,280.51277563701655
6764010,280.51277563701655
6764040,280.51277563701655
6764070,280.51277563701655
6764100,280.51277563701655
6764130,280.51277563701655
6764160,280.51277563701655
6764190,280.51277563701655
6764220,280.51277563701655
6764250,280.51277563701655
6764280,280.51277563701655
6764310,280.51277563701655
6764340,280.51277563701655
6764370,280.51277563701655
6764400,280.51277563701655
6764430,280.51277563701655
6764460,280.51277563701655
6764490,280.51277563701655
6764520,280.51277563701655
6764550,280.51277563701655
6764580,280.51277563701655
6764610,280.51277563701655
6764640,280.51277563701655
6764670,280.51277563701655
6764700,280.51277563701655
6764730,280.51277563701655
6764760,280.51277563701655
6764790,280.51277563701655
6764820,280.51277563701655
6764850,280.51277563701655
6764880,280.51277563701655
6764910,280.51277563701655
6764940,280.51277563701655
6764970,280.51277563701655
6765000,280.51277563701655
6765030,285.221148262804
6765060,284.8915038735282
6765090,283.87241442337375
6765120,283.37191614529326
6765150,283.12804193779306
6765180,283.011842962296
6765210,282.9577270714121
6765240,282.9332940676857
6765270,282.9239710209064
6765300,282.92172280348404
6765330,282.92317731763825
6765360,282.9260375872165
6765390,282.92755888884454
6765420,282.9310546996251
6765450,282.9360820203098
6765480,282.9409194528275
6765510,282.9453813410618
6765540,282.94960487492887
6765570,282.95370428553895
6765600,282.9577443344062
6765630,283.26884000970995
6765660,282.8347702866796
6765690,280.5875695698917
6765720,279.37653644773997
6765750,278.7494765848528
6765780,278.3783141969228
6765810,278.13197706164516
6765840,277.95267804799965
6765870,277.81299930742125
6765900,277.6991780541076
6765930,277.6040541735603
6765960,277.52358891278686
6765990,277.4552567392485
6766020,277.3972820164837
6766050,277.3482881562657
6766080,277.30716447805895
6766110,277.272965247673
6766140,277.24487159593275
6766170,277.22217072639296
6766200,277.2042303191052
6766230,277.2217300611557
6766260,277.2219982978992
6766290,277.2219983293
6766320,277.2219983267536
6766350,277.22199832667576
6766380,277.2219983266743
6766410,277.2219983266743
6766440,277.2219983266743
6766470,277.2219983266743
6766500,277.2219983266743
6766530,277.2219983266743
6766560,277.2219983266743
6766590,277.2219983266743
6766620,277.2219983266743
6766650,277.2219983266743
6766680,277.2219983266743
6766710,277.2219983266743
6766740,277.2219983266743
6766770,277.2219983266743
6766800,277.2219983266743
6766830,282.2889666858193
6766860,280.47042883562244
6766890,279.03549817448913
6766920,278.4855662760925
6766950,278.2319735843056
6766980,278.09061473815143
6767010,278.0007737899817
6767040,277.93660075351346
6767070,277.88796937893125
6767100,277.85017042302565
6767130,277.8204354226356
6767160,277.79717435183517
6767190,277.7793497614601
6767220,277.76618733953893
6767250,277.7570640543339
6767280,277.7514532442296
6767310,277.7489019366837
6767340,277.7490181925048
6767370,277.7514616739055
6767400,277.7559332040311
6767430,277.7577246751535
6767460,277.75795929586104
6767490,277.75795928646284
6767520,277.75795928636467
6767550,277.75795928636467
6767580,277.75795928636467
6767610,277.75795928636467
6767640,277.75795928636467
6767670,277.75795928636467
6767700,277.75795928636467
6767730,277.75795928636467
6767760,277.75795928636467
6767790,277.75795928636467
6767820,277.75795928636467
6767850,277.75795928636467
6767880,277.75795928636467
6767910,277.75795928636467
6767940,277.75795928636467
6767970,277.75795928636467
6768000,277.75795928636467
6768030,282.8097394801533
6768060,280.9828415918239
6768090,279.5113692577925
6768120,278.9334548124834
6768150,278.69926883835006
6768180,278.5892930093162
6768210,278.5271796383321
6768240,278.4874112559233
6768270,278.46019265433114
6768300,278.4405476897524
6768330,278.42623802009666
6768360,278.4159539658805
6768390,278.408921166254
6768420,278.40460714932425
6768450,278.40259655976104
6768480,278.40254423341827
6768510,278.4041558383307
6768540,278.4071767494585
6768570,278.4113869356119
6768600,278.4165942276561
6768630,278.4173363143329
6768660,278.4175614597869
6768690,278.4175752556125
6768720,278.4175752556125
6768750,278.4175752556125
6768780,278.4175752556125
6768810,278.4175752556125
6768840,278.4175752556125
6768870,278.4175752556125
6768900,278.4175752556125
6768930,278.4175752556125
6768960,278.4175752556125
6768990,278.4175752556125
6769020,278.4175752556125
6769050,278.4175752556125
6769080,278.4175752556125
6769110,278.4175752556125
6769140,278.4175752556125
6769170,278.4175752556125
6769200,278.4175752556125
6769230,283.3103760778003
6769260,281.4701545128886
6769290,279.9700504822783
6769320,279.3419977989111
6769350,279.0697993291027
6769380,278.9548626980121
6769410,278.896126405021
6769440,278.8586818798527
6769470,278.8321827570474
6769500,278.81246847781455
6769530,278.79688913167587
6769560,278.7840272211803
6769590,278.77347334322
6769620,278.76492813581973
6769650,278.75801455274774
6769680,278.7524712563369
6769710,278.7480944388994
6769740,278.74471170682335
6769770,278.74217404112596
6769800,278.74035212673766
6769830,278.7424241465847
6769860,278.74263129770634
6769890,278.7426344353752
6769920,278.742634461772
6769950,278.742634461772
6769980,278.742634461772
6770010,278.742634461772
6770040,278.742634461772
6770070,278.742634461772
6770100,278.742634461772
6770130,278.742634461772
6770160,278.742634461772
6770190,278.742634461772
6770220,278.742634461772
6770250,278.742634461772
6770280,278.742634461772
6770310,278.742634461772
6770340,278.742634461772
6770370,278.742634461772
6770400,278.742634461772
6770430,283.5211144437097
6770460,281.67164550511245
6770490,280.16114958037485
6770520,279.5086275920955
6770550,279.2103833391719
6770580,279.07821802138585
6770610,279.0126818565063
6770640,278.97176686136515
6770670,278.94055409306173
6770700,278.91569147921695
6770730,278.8952131768894
6770760,278.87789479603975
6770790,278.86295551179654
6770820,278.8499572514007
6770850,278.838607711522
6770880,278.8286323363888
6770910,278.81972575395014
6770940,278.81201818093047
6770970,278.8053082760728
6771000,278.79941726520616
6771030,278.80244789030195
6771060,278.8026560590145
6771090,278.8026575973489
6771120,278.8026575194176
6771150,278.8026575194176
6771180,278.8026575194176
6771210,278.8026575194176
6771240,278.8026575194176
6771270,278.8026575194176
6771300,278.8026575194176
6771330,278.8026575194176
6771360,278.8026575194176
6771390,278.8026575194176
6771420,278.8026575194176
6771450,278.8026575194176
6771480,278.8026575194176
6771510,278.8026575194176
6771540,278.8026575194176
6771570,278.8026575194176
6771600,278.8026575194176
6771630,283.55002089924056
6771660,281.69849307623196
6771690,280.1874001496498
6771720,279.5308388232213
6771750,279.22792748047607
6771780,279.0916355664325
6771810,279.02311260170535
6771840,278.97982664508584
6771870,278.94794218087566
6771900,278.9211901198298
6771930,278.8987790534611
6771960,278.87983270265784
6771990,278.86332748446495
6772020,278.84910655508133
6772050,278.8367832963839
6772080,278.82605645681724
6772110,278.8167078425157
6772140,278.80855885774747
6772170,278.80145505484245
6772200,278.79526162592384
6772230,278.79841259088676
6772260,278.7986087867797
6772290,278.7986087446783
6772320,278.7986087508129
6772350,278.7986087508129
6772380,278.7986087508129
6772410,278.7986087508129
6772440,278.7986087508129
6772470,278.7986087508129
6772500,278.7986087508129
6772530,278.7986087508129
6772560,278.7986087508129
6772590,278.7986087508129
6772620,278.7986087508129
6772650,278.7986087508129
6772680,278.7986087508129
6772710,278.7986087508129
6772740,278.7986087508129
6772770,278.7986087508129
6772800,278.7986087508129
6772830,283.5471462948121
6772860,281.6963193998628
6772890,280.18549391982776
6772920,279.5292252480593
6772950,279.22663450111065
6772980,279.0905837011808
6773010,279.0221841012707
6773040,278.9789971592256
6773070,278.94729841386226
6773100,278.92080576447995
6773130,278.8983868778347
6773160,278.8795626062986
6773190,278.8633908278313
6773220,278.8491627246466
6773250,278.8367091071848
6773280,278.82596431062836
6773310,278.8166283564147
6773340,278.8084925631788
6773370,278.80139931592936
6773400,278.7952150172701
6773430,278.7983801091708
6773460,278.7985810524254
6773490,278.7985810819006
6773520,278.7985810817407
6773550,278.7985810817407
6773580,278.7985810817407
6773610,278.7985810817407
6773640,278.7985810817407
6773670,278.7985810817407
6773700,278.7985810817407
6773730,278.7985810817407
6773760,278.7985810817407
6773790,278.7985810817407
6773820,278.7985810817407
6773850,278.7985810817407
6773880,278.7985810817407
6773910,278.7985810817407
6773940,278.7985810817407
6773970,278.7985810817407
6774000,278.7985810817407
6774030,283.54748912889966
6774060,281.69651062420047
6774090,280.18555931561554
6774120,279.52926454807454
6774150,279.22664956300895
6774180,279.0905868726661
6774210,279.02217943667637
6774240,278.9790251474225
6774270,278.9473648710667
6774300,278.9210584010896
6774330,278.89855402976053
6774360,278.8796780023808
6774390,278.8634862452215
6774420,278.8494335371303
6774450,278.8371369424827
6774480,278.82620361255425
6774510,278.8167731370447
6774540,278.80861365828406
6774570,278.8015083757244
6774600,278.795312659147
6774630,278.79846854707716
6774660,278.7986769848547
6774690,278.79863496156327
6774720,278.79863478811274
6774750,278.79863478811274
6774780,278.79863478811274
6774810,278.79863478811274
6774840,278.79863478811274
6774870,278.79863478811274
6774900,278.79863478811274
6774930,278.79863478811274
6774960,278.79863478811274
6774990,278.79863478811274
6775020,278.79863478811274
6775050,278.79863478811274
6775080,278.79863478811274
6775110,278.79863478811274
6775140,278.79863478811274
6775170,278.79863478811274
6775200,278.79863478811274
6775230,283.5477663344084
6775260,281.69670011712554
6775290,280.18567915378145
6775320,279.5293568072114
6775350,279.2267068808498
6775380,279.0906205847814
6775410,279.0221927134358
6775440,278.97906178926297
6775470,278.94741839304316
6775500,278.9213270820796
6775530,278.89874465440073
6775560,278.87980317603086
6775590,278.86358650706404
6775620,278.84952001170177
6775650,278.8372660289696
6775680,278.8265453442894
6775710,278.8169757234294
6775740,278.80871946853273
6775770,278.8015927247476
6775800,278.79538935340753
6775830,278.79856706911073
6775860,278.7987888222935
6775890,278.7987859399946
6775920,278.7987860960789
6775950,278.7987860960789
6775980,278.7987860960789
6776010,278.7987860960789
6776040,278.7987860960789
6776070,278.7987860960789
6776100,278.7987860960789
6776130,278.7987860960789
6776160,278.7987860960789
6776190,278.7987860960789
6776220,278.7987860960789
6776250,278.7987860960789
6776280,278.7987860960789
6776310,278.7987860960789
6776340,278.7987860960789
6776370,278.7987860960789
6776400,278.7987860960789
6776430,283.54761844894756
6776460,281.6966082861526
6776490,280.18565588280484
6776520,279.5293449909038
6776550,279.2267093767295
6776580,279.0906461223628
6776610,279.02229500991996
6776640,278.9791905469742
6776670,278.9475524837965
6776700,278.92163607074707
6776730,278.89899464653644
6776760,278.87997890826233
6776790,278.8637295004834
6776820,278.849641704669
6776850,278.83737164401066
6776880,278.82666875289743
6776910,278.81719078315007
6776940,278.8088363144045
6776970,278.8016707621408
6777000,278.7954561613077
6777030,278.79864057300426
6777060,278.798857657958
6777090,278.7988602569646
6777120,278.79886000144694
6777150,278.79886000144694
6777180,278.79886000144694
6777210,278.79886000144694
6777240,278.79886000144694
6777270,278.79886000144694
6777300,278.79886000144694
6777330,278.79886000144694
6777360,278.79886000144694
6777390,278.79886000144694
6777420,278.79886000144694
6777450,278.79886000144694
6777480,278.79886000144694
6777510,278.79886000144694
6777540,278.79886000144694
6777570,278.79886000144694
6777600,278.79886000144694
6777630,283.5472346234934
6777660,281.6964062736659
6777690,280.18556695512416
6777720,279.5293079226361
6777750,279.226690958954
6777780,279.090631163261
6777810,279.02225996178737
6777840,278.9791817551276
6777870,278.94755764101865
6777900,278.92178559169224
6777930,278.8991285598112
6777960,278.8800543434975
6777990,278.8637841631006
6778020,278.8496882150429
6778050,278.8374117314246
6778080,278.82670293642167
6778110,278.8171922408565
6778140,278.80885016324396
6778170,278.8016891052219
6778200,278.79547240358175
6778230,278.798641369389
6778260,278.79883869675984
6778290,278.79883874597425
6778320,278.7988387459987
6778350,278.7988387459987
6778380,278.7988387459987
6778410,278.7988387459987
6778440,278.7988387459987
6778470,278.7988387459987
6778500,278.7988387459987
6778530,278.7988387459987
6778560,278.7988387459987
6778590,278.7988387459987
6778620,278.7988387459987
6778650,278.7988387459987
6778680,278.7988387459987
6778710,278.7988387459987
6778740,278.7988387459987
6778770,278.7988387459987
6778800,278.7988387459987
6778830,283.54706483287964
6778860,281.6963510716269
6778890,280.18557269707543
6778920,279.5293450005518
6778950,279.22677076479266
6778980,279.0907472966507
6779010,279.0224660634097
6779040,278.97951758030473
6779070,278.9480451286836
6779100,278.9225538535745
6779130,278.90010367677996
6779160,278.88119847842825
6779190,278.8651615688688
6779220,278.8513375079123
6779250,278.8393630226794
6779280,278.8289152840497
6779310,278.81968723459676
6779340,278.81182900488614
6779370,278.805108071652
6779400,278.799332721552
6779430,278.8024126105358
6779460,278.8026081365788
6779490,278.8026082015842
6779520,278.8026082257958
6779550,278.8026082257958
6779580,278.8026082257958
6779610,278.8026082257958
6779640,278.8026082257958
6779670,278.8026082257958
6779700,278.8026082257958
6779730,278.8026082257958
6779760,278.8026082257958
6779790,278.8026082257958
6779820,278.8026082257958
6779850,278.8026082257958
6779880,278.8026082257958
6779910,278.8026082257958
6779940,278.8026082257958
6779970,278.8026082257958
6780000,278.8026082257958
6780030,283.55594289776985
6780060,281.70611685932056
6780090,280.19473757069846
6780120,279.53826043782465
6780150,279.2355916302594
6780180,279.0998115040625
6780210,279.03320658243564
6780240,278.9921363084252
6780270,278.9624930030717
6780300,278.9388193681521
6780330,278.91801622342643
6780360,278.9005023109118
6780390,278.8857594445159
6780420,278.87310922131127
6780450,278.8621425245004
6780480,278.85246172810196
6780510,278.84421172844003
6780540,278.8371707955471
6780570,278.8311249844032
6780600,278.8259343441877
6780630,278.8288394477162
6780660,278.82905860024147
6780690,278.8290574508073
6780720,278.82905745036106
6780750,278.82905745036106
6780780,278.82905745036106
6780810,278.82905745036106
6780840,278.82905745036106
6780870,278.82905745036106
6780900,278.82905745036106
6780930,278.82905745036106
6780960,278.82905745036106
6780990,278.82905745036106
6781020,278.82905745036106
6781050,278.82905745036106
6781080,278.82905745036106
6781110,278.82905745036106
6781140,278.82905745036106
6781170,278.82905745036106
6781200,278.82905745036106
6781230,283.577248985822
6781260,281.7266934544328
6781290,280.21375680548596
6781320,279.55502143282024
6781350,279.2500893617675
6781380,279.11243116602066
6781410,279.04556203989523
6781440,279.0045614578529
6781470,278.9749597354267
6781500,278.9512889476896
6781530,278.93037689913194
6781560,278.91241651323685
6781590,278.8971568786448
6781620,278.8838264824378
6781650,278.87193830794837
6781680,278.8615879466541
6781710,278.8525154741074
6781740,278.8445005775424
6781770,278.8373904429526
6781800,278.8310634321712
6781830,278.83417315379364
6781860,278.8343916051632
6781890,278.83439333462394
6781920,278.8343933919344
6781950,278.8343933919344
6781980,278.8343933919344
6782010,278.8343933919344
6782040,278.8343933919344
6782070,278.8343933919344
6782100,278.8343933919344
6782130,278.8343933919344
6782160,278.8343933919344
6782190,278.8343933919344
6782220,278.8343933919344
6782250,278.8343933919344
6782280,278.8343933919344
6782310,278.8343933919344
6782340,278.8343933919344
6782370,278.8343933919344
6782400,278.8343933919344
6782430,283.56695625286153
6782460,281.71352572559135
6782490,280.2012083215393
6782520,279.54175956595867
6782550,279.2356746819467
6782580,279.0963590018615
6782610,279.0249228061408
6782640,278.9788592475272
6782670,278.94419976865186
6782700,278.9154672208528
6782730,278.88961838708406
6782760,278.86719081462473
6782790,278.84733391555227
6782820,278.8296779134085
6782850,278.81394591941586
6782880,278.7997941360753
6782910,278.78698469040353
6782940,278.77533297460883
6782970,278.764680567876
6783000,278.75489172549163
6783030,278.7588352190472
6783060,278.75904040914077
6783090,278.75904061434375
6783120,278.7590406143168
6783150,278.7590406143168
6783180,278.7590406143168
6783210,278.7590406143168
6783240,278.7590406143168
6783270,278.7590406143168
6783300,278.7590406143168
6783330,278.7590406143168
6783360,278.7590406143168
6783390,278.7590406143168
6783420,278.7590406143168
6783450,278.7590406143168
6783480,278.7590406143168
6783510,278.7590406143168
6783540,278.7590406143168
6783570,278.7590406143168
6783600,278.7590406143168
6783630,283.4794332701029
6783660,281.62255712410644
6783690,280.11579324156094
6783720,279.46198804881266
6783750,279.160799659525
6783780,279.02078628495775
6783810,278.9403503484118
6783840,278.88443320786234
6783870,278.84015363905974
6783900,278.80196774069094
6783930,278.7675833365227
6783960,278.73722293501095
6783990,278.7103731280145
6784020,278.68646799335215
6784050,278.6649897320073
6784080,278.64557643593156
6784110,278.62794628416316
6784140,278.61186332812474
6784170,278.5971251767916
6784200,278.5835564274436
6784230,278.5886102447762
6784260,278.5888185416748
6784290,278.58881885088283
6784320,278.5888188509248
6784350,278.5888188509248
6784380,278.5888188509248
6784410,278.5888188509248
6784440,278.5888188509248
6784470,278.5888188509248
6784500,278.5888188509248
6784530,278.5888188509248
6784560,278.5888188509248
6784590,278.5888188509248
6784620,278.5888188509248
6784650,278.5888188509248
6784680,278.5888188509248
6784710,278.5888188509248
6784740,278.5888188509248
6784770,278.5888188509248
6784800,278.5888188509248
6784830,283.3211584924255
6784860,281.4625485416772
6784890,279.96516266228934
6784920,279.32408522836187
6784950,279.0344025978145
6784980,278.8903171428965
6785010,278.80065897906485
6785040,278.73503584556926
6785070,278.6815855349797
6785100,278.6344729577568
6785130,278.591993883665
6785160,278.5547186517186
6785190,278.5219226904951
6785220,278.49276302015113
6785250,278.4666607372497
6785280,278.44318478157174
6785310,278.42199165459147
6785340,278.4027869015081
6785370,278.3853154258746
6785400,278.3693575730792
6785430,278.3752661558811
6785460,278.37549471141665
6785490,278.37549062364326
6785520,278.3754911242636
6785550,278.3754911242895
6785580,278.3754911242895
6785610,278.3754911242895
6785640,278.3754911242895
6785670,278.3754911242895
6785700,278.3754911242895
6785730,278.3754911242895
6785760,278.3754911242895
6785790,278.3754911242895
6785820,278.3754911242895
6785850,278.3754911242895
6785880,278.3754911242895
6785910,278.3754911242895
6785940,278.3754911242895
6785970,278.3754911242895
6786000,278.3754911242895
6786030,283.14014613672157
6786060,281.281803464052
6786090,279.7944140710634
6786120,279.1690556428849
6786150,278.8892335812192
6786180,278.74047622674067
6786210,278.64428720225413
6786240,278.5719916910225
6786270,278.5127851072378
6786300,278.4612575028892
6786330,278.413786651513
6786360,278.37194225296764
6786390,278.33537790680134
6786420,278.3030875881353
6786450,278.2743681526145
6786480,278.24870724490796
6786510,278.2256946798855
6786540,278.2049855568641
6786570,278.18628386415486
6786600,278.1693316480944
6786630,278.1757261516303
6786660,278.1759906112502
6786690,278.1759867630967
6786720,278.1759867828332
6786750,278.1759867828398
6786780,278.1759867828398
6786810,278.1759867828398
6786840,278.1759867828398
6786870,278.1759867828398
6786900,278.1759867828398
6786930,278.1759867828398
6786960,278.1759867828398
6786990,278.1759867828398
6787020,278.1759867828398
6787050,278.1759867828398
6787080,278.1759867828398
6787110,278.1759867828398
6787140,278.1759867828398
6787170,278.1759867828398
6787200,278.1759867828398
6787230,282.97273325302484
6787260,281.11440448638285
6787290,279.6357979094586
6787320,279.0247534961637
6787350,278.7485322003289
6787380,278.59503414242215
6787410,278.49333937193245
6787440,278.41589393243373
6787470,278.3515942195743
6787500,278.2958946840123
6787530,278.244300141666
6787560,278.19845329897214
6787590,278.15845757593013
6787620,278.1232268931025
6787650,278.0919618814863
6787680,278.06408465717675
6787710,278.03913780581104
6787740,278.01673884155485
6787770,277.9965594209648
6787800,277.9783155673986
6787830,277.9852271752222
6787860,277.9855145999622
6787890,277.9855126328789
6787920,277.9855126385959
6787950,277.985512638415
6787980,277.985512638415
6788010,277.985512638415
6788040,277.985512638415
6788070,277.985512638415
6788100,277.985512638415
6788130,277.985512638415
6788160,277.985512638415
6788190,277.985512638415
6788220,277.985512638415
6788250,277.985512638415
6788280,277.985512638415
6788310,277.985512638415
6788340,277.985512638415
6788370,277.985512638415
6788400,277.985512638415
6788430,282.8104527025203
6788460,280.95157008695867
6788490,279.48128588714945
6788520,278.88302865005295
6788550,278.60582403741745
6788580,278.4471610996881
6788610,278.3399030335442
6788640,278.2570252472441
6788670,278.1878687758434
6788700,278.1273932173972
6788730,278.0718120104405
6788760,278.022549497243
6788790,277.9795250457141
6788820,277.94164967097413
6788850,277.90807638825095
6788880,277.87818290394677
6788910,277.8514730806356
6788940,277.82753247420237
6788970,277.8060037558163
6789000,277.7865796667151
6789030,277.79397414787815
6789060,277.7942226565562
6789090,277.7942225897168
6789120,277.7942225893311
6789150,277.7942225893311
6789180,277.7942225893311
6789210,277.7942225893311
6789240,277.7942225893311
6789270,277.7942225893311
6789300,277.7942225893311
6789330,277.7942225893311
6789360,277.7942225893311
6789390,277.7942225893311
6789420,277.7942225893311
6789450,277.7942225893311
6789480,277.7942225893311
6789510,277.7942225893311
6789540,277.7942225893311
6789570,277.7942225893311
6789600,277.7942225893311
6789630,282.6479897964943
6789660,280.78851461853264
6789690,279.3261789243885
6789720,278.7386752463502
6789750,278.4585234302995
6789780,278.29486766223107
6789810,278.1824840571776
6789840,278.0947889081551
6789870,278.02125049646344
6789900,277.9563372342218
6789930,277.89739908417994
6789960,277.84574163219804
6789990,277.8002281229475
6790020,277.76014231120195
6790050,277.72473126190914
6790080,277.6933113124405
6790110,277.6653397702389
6790140,277.6403677144129
6790170,277.61801266660007
6790200,277.59794343976876
6790230,277.6057134004679
6790260,277.6059606680417
6790290,277.6059606985478
6790320,277.60596069733236
6790350,277.60596069733236
6790380,277.60596069733236
6790410,277.60596069733236
6790440,277.60596069733236
6790470,277.60596069733236
6790500,277.60596069733236
6790530,277.60596069733236
6790560,277.60596069733236
6790590,277.60596069733236
6790620,277.60596069733236
6790650,277.60596069733236
6790680,277.60596069733236
6790710,277.60596069733236
6790740,277.60596069733236
6790770,277.60596069733236
6790800,277.60596069733236
6790830,282.4944787337884
6790860,280.63552431405645
6790890,279.18050124416936
6790920,278.6014440226508
6790950,278.3193569520205
6790980,278.15276071062686
6791010,278.03741311841014
6791040,277.94700650271227
6791070,277.8709383051507
6791100,277.8035398000772
6791130,277.7429035763687
6791160,277.6900682873394
6791190,277.6439203599841
6791220,277.60307019070035
6791250,277.5668532941803
6791280,277.53484919616193
6791310,277.50647153283165
6791340,277.4812280049276
6791370,277.4587085774831
6791400,277.43856789198253
6791430,277.44653742943404
6791460,277.4467855516923
6791490,277.446785466071
6791520,277.4467854714493
6791550,277.4467854714493
6791580,277.4467854714493
6791610,277.4467854714493
6791640,277.4467854714493
6791670,277.4467854714493
6791700,277.4467854714493
6791730,277.4467854714493
6791760,277.4467854714493
6791790,277.4467854714493
6791820,277.4467854714493
6791850,277.4467854714493
6791880,277.4467854714493
6791910,277.4467854714493
6791940,277.4467854714493
6791970,277.4467854714493
6792000,277.4467854714493
6792030,282.36341895856253
6792060,280.5041523046377
6792090,279.0549994459698
6792120,278.48096172444957
6792150,278.1962530416211
6792180,278.02650073228915
6792210,277.90804777065955
6792240,277.81472250494767
6792270,277.73580330595814
6792300,277.6655976415
6792330,277.6028996015061
6792360,277.5483282823613
6792390,277.50060696625906
6792420,277.4585852041923
6792450,277.42129385305356
6792480,277.3879723196485
6792510,277.35841370198904
6792540,277.3321274884515
6792570,277.3086607202911
6792600,277.28764054395464
6792630,277.2959212140364
6792660,277.2961773405296
6792690,277.29617198903964
6792720,277.29617197064874
6792750,277.29617197064874
6792780,277.29617197064874
6792810,277.29617197064874
6792840,277.29617197064874
6792870,277.29617197064874
6792900,277.29617197064874
6792930,277.29617197064874
6792960,277.29617197064874
6792990,277.29617197064874
6793020,277.29617197064874
6793050,277.29617197064874
6793080,277.29617197064874
6793110,277.29617197064874
6793140,277.29617197064874
6793170,277.29617197064874
6793200,277.29617197064874
6793230,282.23196075229436
6793260,280.37084837693783
6793290,278.92719784667025
6793320,278.3548116162634
6793350,278.06480314719266
6793380,277.88911695831325
6793410,277.76459907644016
6793440,277.6650400558793
6793470,277.579731334565
6793500,277.5027983017219
6793530,277.43381473901707
6793560,277.3729144084947
6793590,277.3186845902754
6793620,277.26995118755656
6793650,277.2258406979198
6793680,277.18559756877517
6793710,277.1484374135814
6793740,277.1142355614393
6793770,277.08260340934555
6793800,277.05312514873157
6793830,277.06336491093754
6793860,277.0636312559653
6793890,277.0636326065766
6793920,277.0636329137324
6793950,277.0636329137324
6793980,277.0636329137324
6794010,277.0636329137324
6794040,277.0636329137324
6794070,277.0636329137324
6794100,277.0636329137324
6794130,277.0636329137324
6794160,277.0636329137324
6794190,277.0636329137324
6794220,277.0636329137324
6794250,277.0636329137324
6794280,277.0636329137324
6794310,277.0636329137324
6794340,277.0636329137324
6794370,277.0636329137324
6794400,277.0636329137324
6794430,281.93540356518895
6794460,280.0510022421297
6794490,278.617060362279
6794520,278.02393228770336
6794550,277.6996474666979
6794580,277.4895286845863
6794610,277.3319735392211
6794640,277.20053967294206
6794670,277.084331799834
6794700,276.97798182911833
6794730,276.882835472825
6794760,276.79764015503423
6794790,276.7206485896753
6794820,276.65053418606516
6794850,276.8762991395323
6794880,279.0925645965555
6794910,280.5320276484071
6794940,281.41672972105334
6794970,281.9269426179003
6795000,282.2432577323062
6795030,281.3178176494366
6795060,281.31664944697025
6795090,281.31664949768543
6795120,281.31664949764433
6795150,281.3166494976449
6795180,281.3166494976449
6795210,281.3166494976449
6795240,281.3166494976449
6795270,281.3166494976449
6795300,281.3166494976449
6795330,281.3166494976449
6795360,281.3166494976449
6795390,281.3166494976449
6795420,281.3166494976449
6795450,281.3166494976449
6795480,281.3166494976449
6795510,281.3166494976449
6795540,281.3166494976449
6795570,281.3166494976449
6795600,281.3166494976449
6795630,285.23509463275053
6795660,284.6493555509076
6795690,283.59865192671805
6795720,283.12065861717144
6795750,282.89187878103786
6795780,282.78885084421165
6795810,282.7449125421555
6795840,282.7279137787349
6795870,282.72245482388666
6795900,282.7214552963906
6795930,282.72173024585067
6795960,282.72194546045216
6795990,282.7210252006114
6796020,282.7196949035925
6796050,282.71817138697463
6796080,282.7161849709072
6796110,282.71376736358724
6796140,282.7110197401301
6796170,282.708036413577
6796200,282.7048896743352
6796230,282.9810355690735
6796260,283.35295212496084
6796290,283.56712698627865
6796320,283.6830938766754
6796350,283.7434662340412
6796380,283.7738560823042
6796410,283.7880304108846
6796440,283.7936495768034
6796470,283.7947618251195
6796500,283.79350354233554
6796530,283.7910464933579
6796560,283.7879835109712
6796590,283.78465650872386
6796620,283.7812508108222
6796650,283.777850624548
6796680,283.7745196619838
6796710,283.77128961635003
6796740,283.7681706337181
6796770,283.7651788226298
6796800,283.76231689593175
6796830,283.7255000455121
6796860,283.6743842760351
6796890,283.64346977523377
6796920,283.6257354050162
6796950,283.6154102408973
6796980,283.60907871320603
6797010,283.6049542034636
6797040,283.6020373604218
6797070,283.59982868136854
6797100,283.5980549784233
6797130,283.5965630308995
6797160,283.5952852385656
6797190,283.5941614138742
6797220,283.5931877720779
6797250,283.5923293818293
6797280,283.5915974835497
6797310,283.5909691710647
6797340,283.5904539023229
6797370,283.59003843956714
6797400,283.5897256302106
6797430,283.5956162750966
6797460,283.6041190686889
6797490,283.6091346386037
6797520,283.61195367161037
6797550,283.61356397259925
6797580,283.61460349707886
6797610,283.61534273578087
6797640,283.6159451209627
6797670,283.6165305157669
6797700,283.6171414423219
6797730,283.6177937007502
6797760,283.6185000944137
6797790,283.6192663515843
6797820,283.62009345520755
6797850,283.6209802448636
6797880,283.62192481612794
6797910,283.62292503908725
6797940,283.62397865652656
6797970,283.6250832864241
6798000,283.6262364464568
6798030,283.6261081321759
6798060,283.625411064217
6798090,283.62557510903645
6798120,283.6262727942588
6798150,283.6272980895918
6798180,283.62852341970154
6798210,283.62985476720456
6798240,283.63125405576756
6798270,283.63270135201526
6798300,283.63418309874083
6798330,283.63569060544694
6798360,283.6372184971958
6798390,283.63876279060827
6798420,283.64032020427913
6798450,283.64188778847733
6798480,283.6434627133021
6798510,283.6450422133736
6798540,283.6466235883252
6798570,283.64820418788406
6798600,283.64978138701065
6798630,283.65020788002926
6798660,283.65008427735535
6798690,283.6507012097889
6798720,283.6516854304822
6798750,283.6529293786223
6798780,283.6542827711216
6798810,283.6556801591202
6798840,283.65709362618946
6798870,283.6584976346928
6798900,283.659884648768
6798930,283.6612442788418
6798960,283.66257224009195
6798990,283.6638656964466
6799020,283.66511824722005
6799050,283.666331010008
6799080,283.66749715754287
6799110,283.6686164669314
6799140,283.66968611702396
6799170,283.670702775591
6799200,283.67166386212256
6799230,283.67150120925464
6799260,283.67077987980724
6799290,283.67065813315327
6799320,283.6708808551588
6799350,283.67124749960726
6799380,283.6717082934237
6799410,283.6721307880654
6799440,283.67251551318975
6799470,283.6728355814433
6799500,283.6730872414689
6799530,283.6732605412603
6799560,283.67334997014984
6799590,283.6733521386777
6799620,283.67326379521666
6799650,283.6730817427969
6799680,283.67280303700363
6799710,283.6724249360128
6799740,283.6715294627832
6799770,283.6685779521404
6799800,283.66601923971024
6799830,283.6646313620509
6799860,283.6637936454573
6799890,283.66282902167757
6799920,283.6617164579121
6799950,283.6604617188943
6799980,283.659070259225
6800010,283.6575455095844
6800040,283.655887938148
6800070,283.6540965847706
6800100,283.65216967489494
6800130,283.65010506020457
6800160,283.6479003578848
6800190,283.6455530694749
6800220,283.64306064352274
6800250,283.64042049328305
6800280,283.6376300149063
6800310,283.63468659770473
6800340,283.6315876260502
6800370,283.6283304812165
6800400,283.62491254384526
6800430,283.79190651997135
6800460,282.64448517234644
6800490,281.7482928443247
6800520,281.08857903014797
6800550,280.59692978269476
6800580,280.23017687364916
6800610,279.95654154008173
6800640,279.7523785349875
6800670,279.60005202099103
6800700,279.4863986587529
6800730,279.40159365426734
6800760,279.3383204553955
6800790,279.2911111255125
6800820,279.25588737384845
6800850,279.2296062802289
6800880,279.2099981565791
6800910,279.1953684235588
6800940,279.1844545877545
6800970,279.1763110949573
6801000,279.1702320496683
6801030,279.16582325255297
6801060,279.1625773659715
6801090,279.16011885542235
6801120,279.158264287246
6801150,279.15685776335187
6801180,279.1557945864207
6801210,279.1549935343295
6801240,279.1543881006984
6801270,279.1539309336184
6801300,279.15358533817675
6801330,279.1533239376327
6801360,279.1531263840642
6801390,279.1529770943086
6801420,279.1528643213754
6801450,279.1527791824367
6801480,279.1527147542803
6801510,279.1526660275934
6801540,279.1526292057535
6801570,279.1526013808914
6801600,279.1525803513843
6801630,279.15256444607627
6801660,279.1525522580675
6801690,279.1525428369563
6801720,279.15253553025775
6801750,279.1525301196722
6801780,279.1525259032464
6801810,279.15252252193517
6801840,279.1525204223464
6801870,279.15251898472576
6801900,279.1525174838722
6801930,279.1525160958751
6801960,279.1525156982923
6801990,279.1525157926607
6802020,279.1525155422422
6802050,279.152515405191
6802080,279.1525155011138
6802110,279.15251532764444
6802140,279.1525151578501
6802170,279.1525151056001
6802200,279.1525151581449
6802230,279.15251523153034
6802260,279.15251492957793
6802290,279.1525147640919
6802320,279.15251488429703
6802350,279.15251561457757
6802380,279.15251701153636
6802410,279.1525172896996
6802440,279.15251671534025
6802470,279.15251604944683
6802500,279.1525158173213
6802530,279.15251575053117
6802560,279.15251525284094
6802590,279.1525139782494
6802620,279.15251223487036
6802650,279.15251060078134
6802680,279.15250943544527
6802710,279.15250878849173
6802740,279.1525085572254
6802770,279.15250862550795
6802800,279.1525089091929
6802830,279.152509282954
6802860,279.15250968586065
6802890,279.15251074524446
6802920,279.15251189997014
6802950,279.1525128200777
6802980,279.15251353830337
6803010,279.15251420080153
6803040,279.15251489580606
6803070,279.1525156401927
6803100,279.15251642142783
6803130,279.15251722539307
6803160,279.15251804294144
6803190,279.1525188683414
6803220,279.1525196974426
6803250,279.1525205268848
6803280,279.15252135406655
6803310,279.15252217689147
6803340,279.15252299364107
6803370,279.1525238029372
6803400,279.1525246036022
6803430,279.1525245713267
6803460,279.1525218444981
6803490,279.1525198941586
6803520,279.15251873479764
6803550,279.1525173454114
6803580,279.1525164252034
6803610,279.1525161218239
6803640,279.1525159913285
6803670,279.1525165620607
6803700,279.1525184671425
6803730,279.152521430633
6803760,279.1525246273482
6803790,279.15252744780116
6803820,279.1525297242547
6803850,279.1525312807699
6803880,279.1525294584377
6803910,279.1525246475074
6803940,279.1525213286333
6803970,279.152520192788
6804000,279.15251747088314
6804030,279.1525153936237
6804060,279.152515174418
6804090,279.1525163664218
6804120,279.15251664229464
6804150,279.1525160018952
6804180,279.15251566732815
6804210,279.1525157419935
6804240,279.152515336434
6804270,279.1525146190917
6804300,279.1525147476991
6804330,279.1525146132874
6804360,279.15251422964445
6804390,279.1525139275556
6804420,279.15251344661715
6804450,279.15251300968237
6804480,279.1525127587044
6804510,279.15251276709085
6804540,279.15251228289964
6804570,279.1525107635364
6804600,279.1525092408424
6804630,279.1525104574899
6804660,279.15251557982174
6804690,279.1525183685293
6804720,279.15251782037495
6804750,279.15251646038905
6804780,279.15251559072897
6804810,279.1525152843075
6804840,279.15251522872705
6804870,279.1525152206275
6804900,279.1525152059148
6804930,279.152515187571
6804960,279.1525151722875
6804990,279.1525151610471
6805020,279.15251515260996
6805050,279.1525151458734
6805080,279.15251514014545
6805110,279.1525151349589
6805140,279.152515129986
6805170,279.1525151249763
6805200,279.15251511975157
6805230,279.1525151180955
6805260,279.1525150749713
6805290,279.15251488685396
6805320,279.1525147214198
6805350,279.1525146875029
6805380,279.15251475583
6805410,279.15251485120774
6805440,279.1525149301657
6805470,279.15251498535525
6805500,279.1525150229651
6805530,279.1525150489675
6805560,279.15251506665976
6805590,279.1525150779233
6805620,279.15251508413206
6805650,279.1525150863802
6805680,279.1525150856432
6805710,279.1525150827763
6805740,279.1525150783118
6805770,279.1525150724159
6805800,279.152515065093
6805830,279.1525140070894
6805860,279.1525102457281
6805890,279.15250958443113
6805920,279.15251123632083
6805950,279.1525117229403
6805980,279.1525099893663
6806010,279.1525066986858
6806040,279.1525061301785
6806070,279.15250763585885
6806100,279.15250940243584
6806130,279.15251080892796
6806160,279.15251185474904
6806190,279.15251263967906
6806220,279.152513229189
6806250,279.15251366754967
6806280,279.1525139912789
6806310,279.1525142295511
6806340,279.15251440402295
6806370,279.1525145305336
6806400,279.1525146208847
6806430,279.1525140426578
6806460,279.15251286976667
6806490,279.1525127314574
6806520,279.15251306145956
6806550,279.1525133954166
6806580,279.1525134961373
6806610,279.152513509897
6806640,279.152513406461
6806670,279.15251266169105
6806700,279.1525119644847
6806730,279.1525105478313
6806760,279.152507493425
6806790,279.1525073509225
6806820,279.15250800022
6806850,279.1525070119973
6806880,279.1525037265391
6806910,279.1524990438254
6806940,279.1524963966815
6806970,279.1524984623149
6807000,279.1525020603334
6807030,279.15250513392334
6807060,279.1525020445737
6807090,279.15249936389694
6807120,279.15250082996056
6807150,279.1525028338082
6807180,279.1525043249136
6807210,279.1525053891998
6807240,279.1525043141208
6807270,279.1525008486473
6807300,279.15249620761057
6807330,279.15249175055897
6807360,279.1524881442675
6807390,279.15248542810394
6807420,279.1524833971363
6807450,279.15248184838725
6807480,279.152480642482
6807510,279.15247968761946
6807540,279.15247891847844
6807570,279.1524782857165
6807600,279.1524777516797
6807630,279.15315775639635
6807660,279.15395251449337
6807690,279.154713146427
6807720,279.15564795367493
6807750,279.15660498093564
6807780,279.1575512445333
6807810,279.1585209811104
6807840,279.1594580345706
6807870,279.160396240272
6807900,279.1613382182491
6807930,279.1622882182572
6807960,279.16323271022463
6807990,279.16418126898634
6808020,279.16512711820695
6808050,279.16607396120065
6808080,279.16702028699024
6808110,279.16796716433345
6808140,279.168913720466
6808170,279.1698603013586
6808200,279.1708069058111
6808230,279.171753260308
6808260,279.1726989272899
6808290,279.1736461691532
6808320,279.1745980315598
6808350,279.17554749027624
6808380,279.17649289358104
6808410,279.1774381467854
6808440,279.1783827762934
6808470,279.17932778661645
6808500,279.18027475198545
6808530,279.1812210191497
6808560,279.1821670819158
6808590,279.1831138970125
6808620,279.1840597988587
6808650,279.1850063841142
6808680,279.1859526167924
6808710,279.1868988454612
6808740,279.1878452871835
6808770,279.1887913981438
6808800,279.18973781295637
6808830,279.19068365315826
6808860,279.19162614923846
6808890,279.1925701989958
6808920,279.19351712496365
6808950,279.1944645309907
6808980,279.19541153273946
6809010,279.19635806382365
6809040,279.19730392796583
6809070,279.19824727021046
6809100,279.19918744551853
6809130,279.20013170460186
6809160,279.2010782094599
6809190,279.2020248844462
6809220,279.2029700508438
6809250,279.20391187512996
6809280,279.2048536593472
6809310,279.20579872945297
6809340,279.2067458042403
6809370,279.2076943300584
6809400,279.2086439599454
6809430,279.2095933436527
6809460,279.2105393446357
6809490,279.21148503897496
6809520,279.2124317357052
6809550,279.2133793162289
6809580,279.21432723923584
6809610,279.2152753976236
6809640,279.2162242001198
6809670,279.21717379803795
6809700,279.2181239050479
6809730,279.2190741777704
6809760,279.22002445216356
6809790,279.2209747035055
6809820,279.2219249459425
6809850,279.2228751886376
6809880,279.2238254333494
6809910,279.2247756799093
6809940,279.22572592828675
6809970,279.2266761787521
6810000,279.22762643148707
6810030,279.2285758071655
6810060,279.22952154310724
6810090,279.23046643251166
6810120,279.23141269810395
6810150,279.23235953920414
6810180,279.23330683316567
6810210,279.2342551360491
6810240,279.2352045306393
6810270,279.23615459351544
6810300,279.2371048801616
6810330,279.23805517678755
6810360,279.23900544420064
6810390,279.239955696842
6810420,279.24090594567826
6810450,279.24185619238835
6810480,279.2428064354572
6810510,279.2437566733544
6810540,279.24470690476306
6810570,279.24565712849335
6810600,279.24660734326716
6810630,279.24755657015254
6810660,279.2485043926147
6810690,279.24945341978304
6810720,279.25040220745905
6810750,279.25134931278006
6810780,279.25229633111786
6810810,279.2532445216162
6810840,279.2541938864217
6810870,279.2551438395037
6810900,279.25609391695514
6810930,279.2570439469081
6810960,279.2579939160762
6810990,279.2589438423312
6811020,279.2598937330224
6811050,279.26084358676167
6811080,279.2617934000502
6811110,279.2627431696552
6811140,279.26369289271133
6811170,279.2646425662834
6811200,279.2655921872777
6811230,279.2665406617486
6811260,279.26748266862506
6811290,279.2684170657825
6811320,279.26936047304685
6811350,279.2703079223771
6811380,279.2712550632474
6811410,279.2721995920389
6811440,279.27314466814306
6811470,279.2740917117262
6811500,279.27503936800866
6811530,279.27598599668863
6811560,279.2769314754953
6811590,279.2778764544636
6811620,279.2788217738877
6811650,279.2797673103731
6811680,279.2807127228772
6811710,279.2816581667705
6811740,279.2826035356341
6811770,279.28354889875004
6811800,279.2844942909365
6811830,279.2854399984493
6811860,279.2863857882834
6811890,279.28733536234483
6811920,279.28828426907944
6811950,279.28923115622626
6811980,279.29017729997656
6812010,279.2911229493938
6812040,279.2920682302079
6812070,279.2930133458635
6812100,279.29395843233254
6812130,279.2949035242068
6812160,279.2958486138674
6812190,279.29679369322696
6812220,279.2977387607514
6812250,279.298683817337
6812280,279.29962886384
6812310,279.3005739008386
6812340,279.30151892883396
6812370,279.30246394833046
6812400,279.3034089598383
6812430,279.30435277704015
6812460,279.30529560167827
6812490,279.30623714869455
6812520,279.3071779544875
6812550,279.3081245584063
6812580,279.30907315448667
6812610,279.3100206054958
6812640,279.31096645849675
6812670,279.3119114815992
6812700,279.3128563092886
6812730,279.3138011584959
6812760,279.31474603776314
6812790,279.3156909224315
6812820,279.31663580257236
6812850,279.31758067783244
6812880,279.3185255495155
6812910,279.31947041848883
6812940,279.32041528536547
6812970,279.32136015071865
6813000,279.3223050151057
6813030,279.3232501646029
6813060,279.32419526772895
6813090,279.3251401799461
6813120,279.32608498800494
6813150,279.32702977081254
6813180,279.3279745581551
6813210,279.32891935782294
6813240,279.32986416711316
6813270,279.3308089809802
6813300,279.33175379646644
6813330,279.332698613014
6813360,279.3336434311306
6813390,279.3345882514894
6813420,279.3355330747076
6813450,279.33647790130186
6813480,279.3374227317144
6813510,279.3383675664203
6813540,279.33931240594706
6813570,279.340257250821
6813600,279.3412021015488
6813630,279.34214694932865
6813660,279.34309178862486
6813690,279.34403662531065
6813720,279.3449813138194
6813750,279.34592918361324
6813780,279.34687892708666
6813810,279.3478284125348
6813840,279.3487734020911
6813870,279.34971849014596
6813900,279.350663540042
6813930,279.3516084815707
6813960,279.35255337818217
6813990,279.35349828668615
6814020,279.3544432144351
6814050,279.355388154509
6814080,279.3563331039746
6814110,279.35727806389025
6814140,279.35822303579647
6814170,279.35916802048746
6814200,279.3601130183263
6814230,279.361058026963
6814260,279.3620030403036
6814290,279.3629480574662
6814320,279.363892337907
6814350,279.36484361235495
6814380,279.3658040161856
6814410,279.3667518320067
6814440,279.3676944526053
6814470,279.3686409940571
6814500,279.3695860496083
6814530,279.37053034167815
6814560,279.37147626522153
6814590,279.3724207381843
6814620,279.3733663350207
6814650,279.3743113754416
6814680,279.375256428963
6814710,279.3762019930585
6814740,279.3771467390539
6814770,279.3780924550817
6814800,279.37903734287397
6814830,279.3799827330009
6814860,279.3809280730151
6814890,279.3818734139208
6814920,279.3828188833667
6814950,279.38376427364454
6814980,279.3847097024415
6815010,279.38565517570487
6815040,279.3866006843218
6815070,279.38754622267294
6815100,279.38849178968707
6815130,279.38943738518685
6815160,279.39038300854054
6815190,279.39132865888587
6815220,279.3922743353435
6815250,279.39322003701335
6815280,279.39416576298595
6815310,279.39511151237895
6815340,279.3960572843136
6815370,279.3970030778997
6815400,279.3979488922017
6815430,279.3988947305221
6815460,279.3998405836812
6815490,279.4007864503015
6815520,279.40173233728785
6815550,279.4026782432829
6815580,279.40362416514137
6815610,279.4045701011286
6815640,279.4055160503841
6815670,279.4064620121747
6815700,279.4074079856779
6815730,279.40835397002036
6815760,279.409299964302
6815790,279.4102459676435
6815820,279.4111919791608
6815850,279.4121379979532
6815880,279.413084023128
6815910,279.4140300538385
6815940,279.41497608926437
6815970,279.41592212857495
6816000,279.4168681709446
6816030,279.4178142170931
6816060,279.41876026612186
6816090,279.41970629816797
6816120,279.4206523194377
6816150,279.42159841726624
6816180,279.4225451151491
6816210,279.4234914453055
6816240,279.4244375370363
6816270,279.42538278181433
6816300,279.4263281688397
6816330,279.42727406382494
6816360,279.42822009168265
6816390,279.4291640238157
6816420,279.43010582257534
6816450,279.43104792210914
6816480,279.431991872917
6816510,279.4329373327437
6816540,279.4338833679289
6816570,279.4348294425961
6816600,279.4357754437597
6816630,279.4367214022103
6816660,279.43766735992807
6816690,279.4386133133718
6816720,279.43955926132173
6816750,279.44050460804687
6816780,279.4414501481671
6816810,279.44239577540867
6816840,279.443341410201
6816870,279.4442871106823
6816900,279.44523287861864
6816930,279.4461786681001
6816960,279.4471244482901
6816990,279.44807021345184
6817020,279.4490128855283
6817050,279.44995132927244
6817080,279.4508900456079
6817110,279.45182975776527
6817140,279.4527664198387
6817170,279.453698845765
6817200,279.4546297205887
6817230,279.4555646109735
6817260,279.4565063945647
6817290,279.4574513262765
6817320,279.4583971939398
6817350,279.4593432941119
6817380,279.4602880730871
6817410,279.46123015720735
6817440,279.46217010991757
6817470,279.46310957793247
6817500,279.46404972664294
6817530,279.4649908652236
6817560,279.46593288346935
6817590,279.4668756321837
6817620,279.4678190224861
6817650,279.46876299867597
6817680,279.4697075098524
6817710,279.47065250263375
6817740,279.4715979225546
6817770,279.4725437152178
6817800,279.473489826862
6817830,279.4744358857952
6817860,279.4753815772853
6817890,279.4763270993026
6817920,279.4772725414417
6817950,279.47821796216516
6817980,279.4791633580816
6818010,279.48010872781964
6818040,279.4810540785409
6818070,279.4820012261665
6818100,279.4829504091601
6818130,279.48389960571006
6818160,279.48484728131217
6818190,279.48579354458076
6818220,279.4867391287609
6818250,279.4876844363463
6818280,279.4886294693789
6818310,279.48957410420496
6818340,279.49051824775927
6818370,279.4914618482902
6818400,279.49240486831434
6818430,279.4933481737743
6818460,279.49429271292024
6818490,279.4952376744954
6818520,279.49618278618243
6818550,279.49712795666073
6818580,279.4980731380836
6818610,279.49901832146605
6818640,279.49996351782306
6818670,279.5009087108744
6818700,279.50185390084044
6818730,279.50279910163226
6818760,279.503744297611
6818790,279.5046894890553
6818820,279.50563468941704
6818850,279.50657991522723
6818880,279.5075251284318
6818910,279.5084703250973
6818940,279.50941552143286
6818970,279.51036073737083
6819000,279.511305986579
6819030,279.51225122223883
6819060,279.5131964383912
6819090,279.51414239014605
6819120,279.51508687043105
6819150,279.516031085108
6819180,279.5169758807397
6819210,279.51792062902894
6819240,279.5188612572229
6819270,279.5197994544825
6819300,279.52074066677505
6819330,279.52168445937866
6819360,279.5226290359319
6819390,279.52357362173314
6819420,279.5245181261473
6819450,279.52546266983654
6819480,279.5264072645467
6819510,279.52735185176454
6819540,279.52829639116266
6819570,279.52924087350425
6819600,279.53018530059416
6819630,279.5311297928955
6819660,279.53207456664495
6819690,279.53301950511735
6819720,279.533964415647
6819750,279.5349069022349
6819780,279.53584943132
6819810,279.5367933652852
6819840,279.53773803421495
6819870,279.53868300839775
6819900,279.53962497606676
6819930,279.54056036163894
6819960,279.5414890913749
6819990,279.5424140209019
6820020,279.54333810232276
6820050,279.5442628974728
6820080,279.54518881588217
6820110,279.5461158132521
6820140,279.5470437905529
6820170,279.5479726886
6820200,279.5489024725819
6820230,279.5498364819436
6820260,279.5507762659989
6820290,279.551718512481
6820320,279.55266187759423
6820350,279.5536064553399
6820380,279.5545541063893
6820410,279.55551508201563
6820440,279.5564619880586
6820470,279.5574034245532
6820500,279.558345418967
6820530,279.5592885009444
6820560,279.5602321333542
6820590,279.56117629348137
6820620,279.562120708986
6820650,279.5630652273296
6820680,279.5640097708584
6820710,279.56495430972916
6820740,279.56589883416933
6820770,279.566843341303
6820800,279.5677878302053
6820830,279.568732296742
6820860,279.56967673888215
6820890,279.5706211688069
6820920,279.5715655858041
6820950,279.5725099883689
6820980,279.5734543755954
6821010,279.5743987471637
6821040,279.57534310294216
6821070,279.57628744294357
6821100,279.57723176707685
6821130,279.57817607536794
6821160,279.57912036789
6821190,279.58006464452126
6821220,279.5810089052407
6821250,279.5819531319113
6821280,279.58289734470014
6821310,279.5838415332798
6821340,279.5847857128169
6821370,279.58572987145504
6821400,279.5866740209202
6821430,279.58761816134296
6821460,279.588562274873
6821490,279.5895063812278
6821520,279.5904499451256
6821550,279.5913940001394
6821580,279.59233795231154
6821610,279.5932798935432
6821640,279.594222089178
6821670,279.59516508387475
6821700,279.59610601897174
6821730,279.59704416946266
6821760,279.5979803203559
6821790,279.5989153536336
6821820,279.5998496695546
6821850,279.6007833164538
6821880,279.6017162328744
6821910,279.6026483582915
6821940,279.6035796463499
6821970,279.6045100543571
6822000,279.60543953668764
6822030,279.6063724884548
6822060,279.60732167119545
6822090,279.6082786042984
6822120,279.60922705732804
6822150,279.6101696042625
6822180,279.61111214535725
6822210,279.6120555991813
6822240,279.61299942230465
6822270,279.6139416348738
6822300,279.61487975353737
6822330,279.61581373245104
6822360,279.6167455370624
6822390,279.6176769110153
6822420,279.61860847055027
6822450,279.6195401757046
6822480,279.6204719008943
6822510,279.6214036097428
6822540,279.6223353179492
6822570,279.62326704762614
6822600,279.6241988158213
6822630,279.62513406233285
6822660,279.62607530758515
6822690,279.62701838229725
6822720,279.62796201434213
6822750,279.62890422088464
6822780,279.629842815279
6822810,279.6307777013527
6822840,279.6317103940864
6822870,279.6326434777081
6822900,279.6335800101651
6822930,279.6345211973391
6822960,279.6354658722737
6822990,279.63641118427705
6823020,279.63735537946184
6823050,279.6382986772049
6823080,279.6392421926123
6823110,279.6401863202706
6823140,279.64113053041615
6823170,279.64207437592415
6823200,279.64301804390175
6823230,279.64396179754823
6823260,279.6449053889101
6823290,279.64584896555175
6823320,279.6467891070696
6823350,279.64772576448297
6823380,279.64866186404356
6823410,279.649598791886
6823440,279.6505361174703
6823470,279.65147336465026
6823500,279.65241057095045
6823530,279.6533479299783
6823560,279.6542855384668
6823590,279.6552234070593
6823620,279.65616152636863
6823650,279.65709989209626
6823680,279.65803850415716
6823710,279.6589773628509
6823740,279.65991646788865
6823770,279.6608558187861
6823800,279.6617954148251
6823830,279.6627358730716
6823860,279.6636783830456
6823890,279.6646215289569
6823920,279.665564893964
6823950,279.6665083198687
6823980,279.66745175584026
6824010,279.6683951868361
6824040,279.66933860838446
6824070,279.6702820188262
6824100,279.6712254173852
6824130,279.6721688036126
6824160,279.67311217710716
6824190,279.6740555375497
6824220,279.6749988845869
6824250,279.6759422180002
6824280,279.67688553756085
6824310,279.67782884313226
6824340,279.6787721345735
6824370,279.6797154118037
6824400,279.6806586747543
6824430,279.6816017641588
6824460,279.6825450716478
6824490,279.6834885201749
6824520,279.6844339325715
6824550,279.6853784098597
6824580,279.6863219506131
6824610,279.6872639094101
6824640,279.6882038362144
6824670,279.68914437993527
6824700,279.6900866321051
6824730,279.69102967372015
6824760,279.69197324291815
6824790,279.6929177289716
6824820,279.6938633095217
6824850,279.6948095728806
6824880,279.69575602444075
6824910,279.69670246127646
6824940,279.6976488951027
6824970,279.6985953717743
6825000,279.69954190408464
6825030,279.7004874653744
6825060,279.7014315616128
6825090,279.7023759069162
6825120,279.7033204983333
6825150,279.7042640699919
6825180,279.70520663213506
6825210,279.70614981582537
6825240,279.7070939128512
6825270,279.70803732713165
6825300,279.70897476847597
6825330,279.7099117116003
6825360,279.7108516931953
6825390,279.7117941883586
6825420,279.7127371658885
6825450,279.71367697008316
6825480,279.71461347500804
6825510,279.7155509883017
6825540,279.7164923502769
6825570,279.71743679395496
6825600,279.7183823406349
6825630,279.7193264925972
6825660,279.7202655739839
6825690,279.72120435445277
6825720,279.72214530028094
6825750,279.72308754427314
6825780,279.72403031577255
6825810,279.7249732588545
6825840,279.7259162481145
6825870,279.7268592455239
6825900,279.72780224054657
6825930,279.7287452304027
6825960,279.72968821424934
6825990,279.73063119195285
6826020,279.73157416340666
6826050,279.7325171285971
6826080,279.7334600875246
6826110,279.73440304026064
6826140,279.735345986752
6826170,279.7362889269839
6826200,279.73723186095805
6826230,279.7381738837831
6826260,279.7391151946957
6826290,279.74005564082165
6826320,279.74099617149943
6826350,279.741936182264
6826380,279.7428752434813
6826410,279.74381494261405
6826440,279.74475633379024
6826470,279.7456990327917
6826500,279.7466422189227
6826530,279.7475854269782
6826560,279.748528557108
6826590,279.74947163825885
6826620,279.75041469940714
6826650,279.751357750322
6826680,279.7523007929916
6826710,279.7532438286917
6826740,279.7541868590432
6826770,279.7551298859559
6826800,279.75607291128597
6826830,279.75701581740293
6826860,279.7579586250995
6826890,279.75890141537303
6826920,279.7598441993103
6826950,279.76078697787295
6826980,279.76172975064003
6827010,279.76267251739324
6827040,279.763612433657
6827070,279.76454994560424
6827100,279.7654864182417
6827130,279.76642272379183
6827160,279.7673592417303
6827190,279.7682961147673
6827220,279.7692334010186
6827250,279.77017113213304
6827280,279.771109333247
6827310,279.7720480273931
6827340,279.77298723741865
6827370,279.77392698599897
6827400,279.7748672958934
6827430,279.77580838245626
6827460,279.776750466206
6827490,279.7776929696558
6827520,279.7786359147792
6827550,279.7795794213649
6827580,279.78052357571613
6827610,279.7814684255714
6827640,279.78241399958773
6827670,279.78336031870083
6827700,279.7843074009593
6827730,279.78525526278173
6827760,279.7862039190578
6827790,279.787153383656
6827820,279.78810366899484
6827850,279.7890547860243
6827880,279.7900067441291
6827910,279.7909595510876
6827940,279.79191321292205
6827970,279.79286773390754
6828000,279.79382311638597
6828030,279.7947759027049
6828060,279.79572238691895
6828090,279.79666664296576
6828120,279.79761178777215
6828150,279.79855914856864
6828180,279.799509013487
6828210,279.8004584978992
6828240,279.80140487084014
6828270,279.8023490108081
6828300,279.8032923433444
6828330,279.8042353586908
6828360,279.80517840325507
6828390,279.8061214867222
6828420,279.8070645516949
6828450,279.8080076005241
6828480,279.80895060311855
6828510,279.80989356181203
6828540,279.81083647233055
6828570,279.8117793309394
6828600,279.8127221359732
6828630,279.8136653527216
6828660,279.8146114327643
6828690,279.81555844949315
6828720,279.81650253398584
6828750,279.8174460356429
6828780,279.81839176426445
6828810,279.81934055735115
6828840,279.82028996637007
6828870,279.8212398408445
6828900,279.82218931864986
6828930,279.82313895911955
6828960,279.8240881153842
6828990,279.82503734727266
6829020,279.82598605121285
6829050,279.82693488033374
6829080,279.82788154667713
6829110,279.82882603070686
6829140,279.829768982896
6829170,279.8307111051858
6829200,279.8316526274849
6829230,279.83259393277154
6829260,279.83353345775834
6829290,279.83447304489283
6829320,279.835413894443
6829350,279.8363535283463
6829380,279.8372905978122
6829410,279.8382253333433
6829440,279.83916095039103
6829470,279.8400998648142
6829500,279.8410411747486
6829530,279.8419833859553
6829560,279.8429258061557
6829590,279.8438681490355
6829620,279.84481038828494
6829650,279.8457525625503
6829680,279.84669468841787
6829710,279.8476367769874
6829740,279.84857882874354
6829770,279.8495208427781
6829800,279.85046281838055
6829830,279.8514049133285
6829860,279.85234702309725
6829890,279.85328945446435
6829920,279.8542325625194
6829950,279.85517549454755
6829980,279.85611784913544
6830010,279.85705982247123
6830040,279.85800161908855
6830070,279.8589432739115
6830100,279.8598848129416
6830130,279.86082627603986
6830160,279.86176768775147
6830190,279.862709053185
6830220,279.86365036984085
6830250,279.8645916352101
6830280,279.8655328480712
6830310,279.86647400761797
6830340,279.86741511294707
6830370,279.86835616305575
6830400,279.8692971569299
6830430,279.87023841463696
6830460,279.8711800038323
6830490,279.8721219033227
6830520,279.873063797761
6830550,279.8740048775805
6830580,279.87494138564205
6830610,279.8758733030016
6830640,279.87680377783647
6830670,279.87773032928635
6830700,279.8786542277443
6830730,279.879582909373
6830760,279.88051927617124
6830790,279.88146015296593
6830820,279.88240150369757
6830850,279.88334222760193
6830880,279.8842824871038
6830910,279.88522249978803
6830940,279.8861624104356
6830970,279.8871022585344
6831000,279.88804203587927
6831030,279.8889818962577
6831060,279.88992300851004
6831090,279.8908646243747
6831120,279.89180642857343
6831150,279.89274548353643
6831180,279.89368108052366
6831210,279.8946164727212
6831240,279.89555381374703
6831270,279.8964924869796
6831300,279.897431481701
6831330,279.89837038100995
6831360,279.89930911356515
6831390,279.90024771071273
6831420,279.90118620096854
6831450,279.90212459322566
6831480,279.90306288741743
6831510,279.90400108135134
6831540,279.9049391730368
6831570,279.905877160886
6831600,279.9068150435165
6831630,279.90775368812905
6831660,279.90869452665555
6831690,279.9096359956062
6831720,279.9105776795405
6831750,279.91151942481133
6831780,279.912461182241
6831810,279.913402937364
6831840,279.91434468611004
6831870,279.91528642725774
6831900,279.91622816042315
6831930,279.9171698855123
6831960,279.9181116024726
6831990,279.9190533111472
6832020,279.9199950114374
6832050,279.9209367033003
6832080,279.9218783867429
6832110,279.92282006170035
6832140,279.92376172812106
6832170,279.92470338590846
6832200,279.9256450350811
6832230,279.9265866769124
6832260,279.9275283092961
6832290,279.9284699330491
6832320,279.92941154797035
6832350,279.93035315391006
6832380,279.9312947507805
6832410,279.932236338467
6832440,279.93317791692664
6832470,279.9341194860737
6832500,279.9350610457434
6832530,279.9360025958172
6832560,279.9369441362432
6832590,279.9378856668574
6832620,279.9388271874955
6832650,279.9397686979863
6832680,279.9407101981331
6832710,279.9416516876775
6832740,279.9425931663279
6832770,279.94353463380935
6832800,279.9444760898369
6832830,279.9454175338366
6832860,279.9463589560032
6832890,279.94729800556723
6832920,279.94823753202616
6832950,279.94917761800315
6832980,279.9501181072442
6833010,279.95106005413436
6833040,279.9520018109657
6833070,279.95294360287284
6833100,279.95388676551335
6833130,279.95483155754215
6833160,279.9557770465134
6833190,279.95672208679673
6833220,279.95766606952503
6833250,279.9586089120014
6833280,279.959550741481
6833310,279.9604916969263
6833340,279.9614318890273
6833370,279.96237141484323
6833400,279.963310369303
6833430,279.96424944191983
6833460,279.9651895272659
6833490,279.96613004751794
6833520,279.9670706943823
6833550,279.96801368390146
6833580,279.96895901700765
6833610,279.96990339208355
6833640,279.9708446531276
6833670,279.97178355427104
6833700,279.9727218172333
6833730,279.9736604557664
6833760,279.9745997308203
6833790,279.97553966196153
6833820,279.9764802893255
6833850,279.9774216924021
6833880,279.9783639594369
6833910,279.9793071763643
6833940,279.98025142731893
6833970,279.9811967956414
6834000,279.98214336401077
6834030,279.9830882828773
6834060,279.984030151814
6834090,279.9849704863405
6834120,279.9859105192602
6834150,279.9868505600409
6834180,279.9877905230456
6834210,279.98873048047375
6834240,279.9896711398912
6834270,279.99061142845704
6834300,279.9915526624835
6834330,279.9924975007453
6834360,279.993447200024
6834390,279.9944007593686
6834420,279.99535666942745
6834450,279.99631420226365
6834480,279.99727324884026
6834510,279.9982338688337
6834540,279.99919613565555
6834570,280.00016013020746
6834600,280.0011259375287
6834630,280.00208644028305
6834660,280.00303413211003
6834690,280.00397860699326
6834720,280.0049199769931
6834750,280.00585983837743
6834780,280.00679926749984
6834810,280.0077403538497
6834840,280.0086832023025
6834870,280.00962578573353
6834900,280.01056680912006
6834930,280.0115065559372
6834960,280.0124458026989
6834990,280.01338499605214
6835020,280.01432423192074
6835050,280.01526348641954
6835080,280.0162027389801
6835110,280.01714198725244
6835140,280.0180812349139
6835170,280.01902048549806
6835200,280.0199597424861
6835230,280.02089894439865
6835260,280.021838054517
6835290,280.0227771178864
6835320,280.02371610594327
6835350,280.0246552310417
6835380,280.02559916797645
6835410,280.0265416985327
6835440,280.0274767948273
6835470,280.02841111506234
6835500,280.02934932185764
6835530,280.03029356197965
6835560,280.03123646538216
6835590,280.03217618416716
6835620,280.0331126538258
6835650,280.03405146765044
6835680,280.03498879669075
6835710,280.035929714818
6835740,280.0368704161992
6835770,280.0378072045099
6835800,280.0387490995979
6835830,280.03968728801215
6835860,280.04062839891657
6835890,280.0415711126535
6835920,280.04251277809936
6835950,280.0434531236033
6835980,280.04439272729735
6836010,280.0453320774879
6836040,280.0462713409647
6836070,280.0472106052349
6836100,280.04814981814513
6836130,280.04908899666464
6836160,280.0500281853232
6836190,280.0509674083637
6836220,280.051906671678
6836250,280.0528459770574
6836280,280.05378532804156
6836310,280.05472472981415
6836340,280.05566418835025
6836370,280.0566037102405
6836400,280.0575433028821
6836430,280.05848293241786
6836460,280.05942254577866
6836490,280.06036218072967
6836520,280.06130262582326
6836550,280.06224825464335
6836580,280.06319048966094
6836610,280.06413104182894
6836640,280.06507098569756
6836670,280.0660110096362
6836700,280.06695116072626
6836730,280.0678913641654
6836760,280.0688315717942
6836790,280.06977177712633
6836820,280.07071198317414
6836850,280.07165218200055
6836880,280.07259235312966
6836910,280.0735324676365
6836940,280.0744724933192
6836970,280.07541239652676
6837000,280.07635214093506
6837030,280.0772920729852
6837060,280.0782325271314
6837090,280.0791733094412
6837120,280.0801163508524
6837150,280.08106152020855
6837180,280.0820063215013
6837210,280.08294920230884
6837240,280.0838905013242
6837270,280.08483112331965
6837300,280.0857715568792
6837330,280.0867118609279
6837360,280.08765194742034
6837390,280.0885917287732
6837420,280.0895315653929
6837450,280.0904719172735
6837480,280.0914128430544
6837510,280.09235407879453
6837540,280.0932953542448
6837570,280.0942365225343
6837600,280.0951775154369
6837630,280.09611854639223
6837660,280.0970640297334
6837690,280.0980073022323
6837720,280.0989500336296
6837750,280.09989216836806
6837780,280.1008338025587
6837810,280.1017753864033
6837840,280.1027169877018
6837870,280.10365849481883
6837900,280.1045997612161
6837930,280.1055406844278
6837960,280.1064811981607
6837990,280.10742166140466
6838020,280.1083625346963
6838050,280.10930389615123
6838080,280.1102455010105
6838110,280.11118707954455
6838140,280.11212846782786
6838170,280.1130695723459
6838200,280.1140103113621
6838230,280.1149511455143
6838260,280.11589258922174
6838290,280.11683431616746
6838320,280.1177755815338
6838350,280.1187158190248
6838380,280.119653107925
6838410,280.1205928771013
6838440,280.12153247378797
6838470,280.12247029474565
6838500,280.1234089968797
6838530,280.12434592221825
6838560,280.12527876327306
6838590,280.12620684553553
6838620,280.1271426910361
6838650,280.128083110982
6838680,280.1290217202114
6838710,280.12995881049164
6838740,280.13089869863757
6838770,280.13183987611995
6838800,280.13278138562066
6838830,280.1337229813578
6838860,280.1346646575307
6838890,280.1356063616501
6838920,280.1365480103503
6838950,280.13748958236687
6838980,280.1384310976998
6839010,280.1393725571465
6839040,280.14031393075925
6839070,280.14125518390676
6839100,280.1421962935011
6839130,280.1431373617396
6839160,280.14407851085605
6839190,280.14501975399463
6839220,280.14596038590497
6839250,280.14689764383877
6839280,280.1478284323899
6839310,280.14875135988024
6839340,280.14966649263084
6839370,280.1505741089079
6839400,280.1514741112823
6839430,280.15237857883415
6839460,280.15330827341546
6839490,280.15424707168637
6839520,280.15518761788064
6839550,280.15612861217505
6839580,280.1570680082317
6839610,280.15800789631794
6839640,280.1589482823822
6839670,280.15988882677226
6839700,280.1608293250553
6839730,280.1617697341618
6839760,280.1627100660906
6839790,280.1636503304439
6839820,280.164590528004
6839850,280.16553065670314
6839880,280.16647071123487
6839910,280.1674106851162
6839940,280.16835057355405
6839970,280.16929037389946
6840000,280.1702300845095
6840030,280.17116970653376
6840060,280.17210930623156
6840090,280.1730489000776
6840120,280.17398847528676
6840150,280.1749303150865
6840180,280.1758744476813
6840210,280.1768156365143
6840240,280.17774767193725
6840270,280.1786679076588
6840300,280.1795772180198
6840330,280.18048145785895
6840360,280.1813915382042
6840390,280.1823153099748
6840420,280.1832529041123
6840450,280.18419565820915
6840480,280.18513626602
6840510,280.1860741905323
6840540,280.1870131856223
6840570,280.1879550799022
6840600,280.18889807611686
6840630,280.18983922991936
6840660,280.1907779202569
6840690,280.1917142100114
6840720,280.1926521469913
6840750,280.19359052821284
6840780,280.19453021268214
6840810,280.19546984753055
6840840,280.1964092991867
6840870,280.19734867338985
6840900,280.1982863916791
6840930,280.19922035340505
6840960,280.2001510884185
6840990,280.20108139814846
6841020,280.20201372830036
6841050,280.20294900232017
6841080,280.20388718160217
6841110,280.2048280211572
6841140,280.2057713452268
6841170,280.2067170346211
6841200,280.2076649805698
6841230,280.2086116827223
6841260,280.20955371580163
6841290,280.21049339466845
6841320,280.21143390680254
6841350,280.2123769347675
6841380,280.2133168454177
6841410,280.2142572907085
6841440,280.2151977090654
6841470,280.2161371475359
6841500,280.2170762029713
6841530,280.2180152292067
6841560,280.2189542158087
6841590,280.2198931775159
6841620,280.2208321290638
6841650,280.2217710822811
6841680,280.2227100481
6841710,280.2236490383404
6841740,280.22458806630516
6841770,280.2255271470983
6841800,280.2264662976447
6841830,280.22740544332254
6841860,280.22834548116947
6841890,280.2292848888943
6841920,280.23022269744223
6841950,280.23116219245435
6841980,280.2321018273786
6842010,280.23304105194217
6842040,280.2339800742983
6842070,280.2349191489236
6842100,280.235858272648
6842130,280.2367974081665
6842160,280.23773651887285
6842190,280.23867560189126
6842220,280.2396146757969
6842250,280.24055375734474
6842280,280.2414928539829
6842310,280.2424319677911
6842340,280.24337109982594
6842370,280.2443102516153
6842400,280.2452494250399
6842430,280.2461885692758
6842460,280.2471276626311
6842490,280.2480667313371
6842520,280.2490057906952
6842550,280.24994487326234
6842580,280.2508839858073
6842610,280.2518231127778
6842640,280.2527622446511
6842670,280.25370138614596
6842700,280.2546405464307
6842730,280.25557973170925
6842760,280.25651894507877
6842790,280.2574581886044
6842820,280.25839746441653
6842850,280.25933677479
6842880,280.2602761220386
6842910,280.261215508439
6842940,280.26215493619526
6842970,280.2630944074348
6843000,280.2640339241524
6843030,280.2649733955588
6843060,280.2659127778826
6843090,280.2668521011082
6843120,280.26779146989344
6843150,280.2687309070342
6843180,280.26967036565367
6843210,280.2706098163205
6843240,280.2715492692682
6843270,280.27248874597706
6843300,280.2734282588963
6843330,280.2743678115816
6843360,280.2753074045716
6843390,280.27624703829537
6843420,280.27718671326755
6843450,280.27812642967706
6843480,280.27906618718913
6843510,280.28000598493173
6843540,280.2809458215181
6843570,280.28188569496746
6843600,280.2828291209484
6843630,280.28377582261334
6843660,280.2847189443204
6843690,280.2856593925829
6843720,280.2865989221234
6843750,280.28753876626
6843780,280.2884785276437
6843810,280.28941725113725
6843840,280.29035514314586
6843870,280.2912922930283
6843900,280.29222976712094
6843930,280.29316828642527
6843960,280.29410762347
6843990,280.29504724285414
6844020,280.2959868349716
6844050,280.2969263301718
6844080,280.29786574115593
6844110,280.29880507831035
6844140,280.2997443397187
6844170,280.3006835200197
6844200,280.30162261488056
6844230,280.3025618590986
6844260,280.30350146253215
6844290,280.30444125365267
6844320,280.30538252273794
6844350,280.30632677015143
6844380,280.3072666436576
6844410,280.30820653087704
6844440,280.3091469140929
6844470,280.31008700325845
6844500,280.3110268838188
6844530,280.3119666844455
6844560,280.3129064604219
6844590,280.31384621718166
6844620,280.31478594730174
6844650,280.31572564433543
6844680,280.31666530416163
6844710,280.31760492406863
6844740,280.31854450225387
6844770,280.31948403760487
6844800,280.3204235295947
6844830,280.3213621525615
6844860,280.3222978025181
6844890,280.3232350627635
6844920,280.3241740952634
6844950,280.32511341554977
6844980,280.32605129974763
6845010,280.3269881276321
6845040,280.3279258987991
6845070,280.32886330112
6845100,280.32979780397835
6845130,280.33073059092703
6845160,280.3316662767105
6845190,280.33260656285927
6845220,280.3335483988192
6845250,280.3344890591673
6845280,280.3354290143457
6845310,280.33636937636686
6845340,280.33730988932143
6845370,280.3382500805492
6845400,280.33919019618065
6845430,280.3401303910068
6845460,280.3410702211428
6845490,280.342009696303
6845520,280.3429483986799
6845550,280.3438843620533
6845580,280.34481741918466
6845610,280.3457530553359
6845640,280.3466904046011
6845670,280.3476251570166
6845700,280.3485578575165
6845730,280.3494918423291
6845760,280.35042861900376
6845790,280.35136530534055
6845820,280.3522983737167
6845850,280.35322750386797
6845880,280.3541546682902
6845910,280.3550815610144
6845940,280.35600875258194
6845970,280.3569362247719
6846000,280.3578656533942
6846030,280.3587999191099
6846060,280.359737832734
6846090,280.36067690272125
6846120,280.3616160190941
6846150,280.3625555359717
6846180,280.3634941074921
6846210,280.36443247068735
6846240,280.3653713596138
6846270,280.3663102859674
6846300,280.367248855573
6846330,280.36818708597787
6846360,280.3691250248322
6846390,280.37006263603485
6846420,280.37100059623776
6846450,280.37194005538356
6846480,280.3728798398746
6846510,280.37381786713775
6846540,280.3747535302944
6846570,280.3756866035721
6846600,280.37661774445644
6846630,280.3775490793095
6846660,280.37848407882086
6846690,280.3794219044204
6846720,280.38036067015224
6846750,280.3812993321066
6846780,280.3822382085268
6846810,280.38317731043935
6846840,280.3841159350005
6846870,280.38505425019594
6846900,280.38599220403864
6846930,280.3869284448771
6846960,280.38786211319297
6846990,280.388793623486
6847020,280.38972401604735
6847050,280.3906540956564
6847080,280.3915842005425
6847110,280.3925143480236
6847140,280.3934444160261
6847170,280.3943742715869
6847200,280.3953038281819
6847230,280.2498583210571
6847260,280.0042576598762
6847290,279.7931050682047
6847320,279.6360176510991
6847350,279.51781822964494
6847380,279.42856220451637
6847410,279.36111949950504
6847440,279.31015554972527
6847470,279.2716426173184
6847500,279.2425389126949
6847530,279.2205300818958
6847560,279.20390529736
6847590,279.19135141118625
6847620,279.18186599799344
6847650,279.1746919208663
6847680,279.1692724909551
6847710,279.16517823290627
6847740,279.16208248809795
6847770,279.1597469234285
6847800,279.1579824417862
6847830,279.15664822649796
6847860,279.1556348982837
6847890,279.1548730994633
6847920,279.154297359596
6847950,279.1538604522334
6847980,279.15353176832963
6848010,279.15328349668624
6848040,279.1530951880065
6848070,279.1529534451834
6848100,279.1528460319573
6848130,279.1527647898073
6848160,279.1527036187168
6848190,279.15265717271
6848220,279.15262205888484
6848250,279.15259564592577
6848280,279.152575456944
6848310,279.15256063804776
6848340,279.15254969312593
6848370,279.15254149204094
6848400,279.15253507652585
6848430,279.152529363224
6848460,279.15252404695656
6848490,279.1525215508501
6848520,279.15252108389745
6848550,279.15252028712075
6848580,279.15251913944445
6848610,279.1525183981198
6848640,279.1525177057706
6848670,279.15251699188485
6848700,279.1525158878587
6848730,279.1525148152083
6848760,279.15251475086257
6848790,279.15251534959447
6848820,279.15251601673896
6848850,279.15251632869183
6848880,279.1525165436106
6848910,279.15251664984163
6848940,279.1525167720655
6848970,279.1525168252479
6849000,279.1525171934476
6849030,279.1525176936316
6849060,279.15251691119136
6849090,279.1525166296473
6849120,279.15251740819616
6849150,279.152517204732
6849180,279.1525156133217
6849210,279.152514635755
6849240,279.1525135029361
6849270,279.152512702934
6849300,279.1525127367243
6849330,279.15251330456925
6849360,279.1525137553553
6849390,279.1525138642531
6849420,279.1525138244712
6849450,279.1525138219468
6849480,279.1525138666088
6849510,279.1525139052424
6849540,279.15251392193665
6849570,279.15251392948085
6849600,279.1525139359444
6849630,279.1525139412964
6849660,279.15251395635215
6849690,279.1525139237646
6849720,279.152513822805
6849750,279.1525136908343
6849780,279.15251357024863
6849810,279.1525134783817
6849840,279.1525134134857
6849870,279.152513368604
6849900,279.1525133381224
6849930,279.15251331837254
6849960,279.152513306854
6849990,279.15251330172845
6850020,279.15251330162147
6850050,279.15251330550393
6850080,279.1525133126039
6850110,279.15251332231503
6850140,279.1525133341698
6850170,279.15251334783113
6850200,279.1525133630655
6850230,279.15251357079603
6850260,279.1525147076555
6850290,279.1525155144162
6850320,279.15251544566087
6850350,279.1525138811397
6850380,279.1525113821044
6850410,279.15250971116586
6850440,279.1525097527906
6850470,279.15251073950657
6850500,279.1525115938934
6850530,279.1525120212952
6850560,279.1525122508799
6850590,279.1525124485052
6850620,279.15251261052043
6850650,279.1525127147316
6850680,279.1525127762511
6850710,279.1525128134558
6850740,279.15251283133915
6850770,279.15251283136564
6850800,279.15251281717354
6850830,279.3640128267829
6850860,280.9731775843104
6850890,281.9104327563636
6850920,282.4817090699817
6850950,282.7910404746096
6850980,282.9444049389764
6851010,283.01810784521587
6851040,283.0594995362864
6851070,283.0853265020407
6851100,283.1023118825714
6851130,283.11382157451305
6851160,283.1217985104799
6851190,283.1274496149554
6851220,283.1315566494476
6851250,283.1346299289539
6851280,283.1370098406983
6851310,283.1389241287508
6851340,283.1405266595744
6851370,283.1419168373921
6851400,283.14316882114844
6851430,283.1351303665004
6851460,283.12481408153747
6851490,283.1206676110846
6851520,283.11955648167844
6851550,283.1198507428772
6851580,283.1211706545201
6851610,283.1231796141246
6851640,283.1256687682806
6851670,283.1285078916199
6851700,283.13161095558394
6851730,283.1349173810442
6851760,283.1383838262685
6851790,283.1419771633962
6851820,283.1456721622162
6851850,283.14944932124484
6851880,283.1532926115909
6851910,283.15718961716385
6851940,283.1611301003414
6851970,283.1651058957623
6852000,283.1691103770907
6852030,283.17146030706783
6852060,283.1731315800671
6852090,283.1758173413388
6852120,283.17915856911134
6852150,283.1828578881647
6852180,283.1867487119231
6852210,283.1907410351455
6852240,283.19478761309745
6852270,283.19886375495514
6852300,283.2029564402103
6852330,283.2070587260284
6852360,283.21116684139173
6852390,283.21527867862704
6852420,283.2193930233591
6852450,283.2235091451986
6852480,283.2276265684475
6852510,283.23174499872806
6852540,283.23586420404115
6852570,283.23998402650085
6852600,283.2441043431472
6852630,283.24506623253467
6852660,283.2446825427686
6852690,283.2462180118547
6852720,283.2489554605314
6852750,283.25235619336803
6852780,283.256102409239
6852810,283.26002472742067
6852840,283.26403415088026
6852870,283.26809341408244
6852900,283.27217633120705
6852930,283.27627192662646
6852960,283.280374738198
6852990,283.28447975841686
6853020,283.2885878876484
6853050,283.29269579940217
6853080,283.2968045867753
6853110,283.30091432098976
6853140,283.3050220030318
6853170,283.3091335826122
6853200,283.31323977839224
6853230,283.3142959387911
6853260,283.31404209246034
6853290,283.3156384857513
6853320,283.3184233791305
6853350,283.32183601131317
6853380,283.32558525739285
6853410,283.329504058355
6853440,283.3335071084662
6853470,283.3375565739329
6853500,283.34162952174046
6853530,283.34571353662693
6853560,283.3498030152065
6853590,283.35389544944144
6853620,283.3579896038591
6853650,283.36208478333504
6853680,283.36618055132044
6853710,283.37027662622813
6853740,283.3743728385614
6853770,283.3784690971294
6853800,283.38256535658076
6853830,283.38353615893953
6853860,283.38316998986767
6853890,283.384698213593
6853920,283.3874424852207
6853950,283.3908281862665
6853980,283.39455714158254
6854010,283.3984594811422
6854040,283.40244761064923
6854070,283.40648299050724
6854100,283.41054231526846
6854130,283.4146127791594
6854160,283.4186886547905
6854190,283.4227674553485
6854220,283.42684796241866
6854250,283.430929471622
6854280,283.4350115403937
6854310,283.4390938906951
6854340,283.44317635710667
6854370,283.44725884974133
6854400,283.4513413238552
6854430,283.45225102193757
6854460,283.4518117574835
6854490,283.4533125065521
6854520,283.456066892605
6854550,283.45949238351574
6854580,283.46328733336026
6854610,283.46727762495277
6854640,283.47137537300375
6854670,283.47553831727356
6854700,283.4797469694099
6854730,283.4839874956485
6854760,283.48825186987096
6854790,283.49254925489004
6854820,283.4968473994814
6854850,283.5011681667024
6854880,283.5055049491512
6854910,283.50985714269507
6854940,283.5142262510869
6854970,283.5186093779543
6855000,283.52300650622453
6855030,283.52403980576594
6855060,283.5236482144192
6855090,283.52532947762836
6855120,283.5283032510862
6855150,283.5319778783701
6855180,283.536045920016
6855210,283.5403295203177
6855240,283.5447095053781
6855270,283.54914816284435
6855300,283.5536051288055
6855330,283.55808176782244
6855360,283.56256398282267
6855390,283.56706983549736
6855420,283.5715763535984
6855450,283.57609556213043
6855480,283.5806100825866
6855510,283.5851390950821
6855540,283.58966355546374
6855570,283.59419153488125
6855600,283.59872216268303
6855630,283.59958301851316
6855660,283.59893072547254
6855690,283.6005047064708
6855720,283.60344097256217
6855750,283.60714627685866
6855780,283.61124652214295
6855810,283.61554523098016
6855840,283.61994255850976
6855870,283.6243895176372
6855900,283.6288605128305
6855930,283.6333402471513
6855960,283.63782183930914
6855990,283.64230107939477
6856020,283.64677550905066
6856050,283.65124376657377
6856080,283.6557045936492
6856110,283.6601573398078
6856140,283.66460118676065
6856170,283.6690354871487
6856200,283.67345964249034
6856230,283.67416585055395
6856260,283.67329025515227
6856290,283.67466535866936
6856320,283.677444562529
6856350,283.68097672332874
6856380,283.6848936326165
6856410,283.6890013902287
6856440,283.6931987614192
6856470,283.69743419520773
6856500,283.70168088562286
6856530,283.7059247364102
6856560,283.7101584934434
6856590,283.71437798092495
6856620,283.71858086423737
6856650,283.7227656166916
6856680,283.72693119214216
6856710,283.7310768383174
6856740,283.73520177771223
6856770,283.73930535449347
6856800,283.7433869498381
6856830,283.7438692738019
6856860,283.7428571916582
6856890,283.7439928808726
6856920,283.74644281555936
6856950,283.74961250596147
6856980,283.7531424691345
6857010,283.7568175803547
6857040,283.7605784875847
6857070,283.76438097928894
6857100,283.76816874464953
6857130,283.7719451859277
6857160,283.77569484249904
6857190,283.779423947939
6857220,283.78311945142525
6857250,283.7867871730242
6857280,283.7904248108529
6857310,283.79402810223297
6857340,283.79760206204173
6857370,283.8011407315196
6857400,283.8046473550496
6857430,283.8049248083535
6857460,283.80381380597544
6857490,283.8046349874453
6857520,283.8066165070712
6857550,283.809241721914
6857580,283.81216038798533
6857610,283.8152212824524
6857640,283.8183335709895
6857670,283.82145228815824
6857700,283.8245548531253
6857730,283.8276292717585
6857760,283.83066897079124
6857790,283.83367045615904
6857820,283.83663160194743
6857850,283.839551057447
6857880,283.8424278349443
6857910,283.8452611463847
6857940,283.8480503042137
6857970,283.8507946679428
6858000,283.8534936212642
6858030,283.85354556881873
6858060,283.8524372618376
6858090,283.8529758103166
6858120,283.85442430984165
6858150,283.8564462111839
6858180,283.85873513659976
6858210,283.8611763540648
6858240,283.863682831774
6858270,283.8662277562442
6858300,283.868790798693
6858330,283.8713641918486
6858360,283.87394249579967
6858390,283.8765224253779
6858420,283.87910471939637
6858450,283.88168711316956
6858480,283.8842697339683
6858510,283.886852606715
6858540,283.8894356351587
6858570,283.89201871023795
6858600,283.89460180222414
6858630,283.8949743290956
6858660,283.8943918086213
6858690,283.89518292534376
6858720,283.89680284076167
6858750,283.89889420729446
6858780,283.9012395256242
6858810,283.9036991963816
6858840,283.9062098899682
6858870,283.9087596209992
6858900,283.91132214191805
6858930,283.9138901233237
6858960,283.91646381801024
6858990,283.9190397644704
6859020,283.9216169255194
6859050,283.9241945527945
6859080,283.9267724082194
6859110,283.92935043323837
6859140,283.9319285709083
6859170,283.93450677014414
6859200,283.9370850027843
6859230,283.9373805964564
6859260,283.9366821872125
6859290,283.93742643660266
6859320,283.9390237973564
6859350,283.9410969096037
6859380,283.943416727458
6859410,283.945862116968
6859440,283.94836559201633
6859470,283.95090407831105
6859500,283.9534605250224
6859530,283.9560253654876
6859560,283.9585737531441
6859590,282.85358027945296
6859620,280.4733410870254
6859650,279.26183995730037
6859680,278.6244564251831
6859710,278.2369803263881
6859740,277.97286494540236
6859770,277.77447799006796
6859800,277.615166727215
6859830,277.6934509060568
6859860,277.6938330806078
6859890,277.6938199948146
6859920,277.6938199934547
6859950,277.6938199934547
6859980,277.6938199934547
6860010,277.6938199934547
6860040,277.6938199934547
6860070,277.6938199934547
6860100,277.6938199934547
6860130,277.6938199934547
6860160,277.6938199934547
6860190,277.6938199934547
6860220,277.6938199934547
6860250,277.6938199934547
6860280,277.6938199934547
6860310,277.6938199934547
6860340,277.6938199934547
6860370,277.6938199934547
6860400,277.6938199934547
6860430,282.3455105932445
6860460,280.50549976886515
6860490,279.08254652026284
6860520,278.4812186900607
6860550,278.1503723545185
6860580,277.93524752261794
6860610,277.7717310208653
6860640,277.63568118502906
6860670,277.5225949355682
6860700,277.4268013809059
6860730,277.34516059524896
6860760,277.27558188219405
6860790,277.2162099845525
6860820,277.165486175543
6860850,277.1219871237332
6860880,277.08521136558903
6860910,277.054355892
6860940,277.0286183554409
6860970,277.0073259945325
6861000,276.98990610076737
6861030,276.9987765076965
6861060,276.9990051319777
6861090,276.9990051563736
6861120,276.9990051563349
6861150,276.9990051563349
6861180,276.9990051563349
6861210,276.9990051563349
6861240,276.9990051563349
6861270,276.9990051563349
6861300,276.9990051563349
6861330,276.9990051563349
6861360,276.9990051563349
6861390,276.9990051563349
6861420,276.9990051563349
6861450,276.9990051563349
6861480,276.9990051563349
6861510,276.9990051563349
6861540,276.9990051563349
6861570,276.9990051563349
6861600,276.9990051563349
6861630,282.0748956673966
6861660,280.2316832961213
6861690,278.7962430613914
6861720,278.2431981743698
6861750,277.973749497732
6861780,277.8193208764088
6861810,277.71505320685264
6861840,277.63279502886786
6861870,277.5661214563653
6861900,277.5112074822647
6861930,277.4651196403405
6861960,277.4265354084379
6861990,277.39423107916787
6862020,277.3672653992467
6862050,277.34490577638564
6862080,277.3265474654774
6862110,277.3116774416223
6862140,277.2998510529202
6862170,277.2906817161688
6862200,277.28383173728935
6862230,277.288638022015
6862260,277.288881953684
6862290,277.28888163829635
6862320,277.2888816401182
6862350,277.2888816401182
6862380,277.2888816401182
6862410,277.2888816401182
6862440,277.2888816401182
6862470,277.2888816401182
6862500,277.2888816401182
6862530,277.2888816401182
6862560,277.2888816401182
6862590,277.2888816401182
6862620,277.2888816401182
6862650,277.2888816401182
6862680,277.2888816401182
6862710,277.2888816401182
6862740,277.2888816401182
6862770,277.2888816401182
6862800,277.2888816401182
6862830,282.34172683440573
6862860,280.4999794298343
6862890,279.05117499456753
6862920,278.49444510354544
6862950,278.2358609246315
6862980,278.0928576934184
6863010,278.0000020756034
6863040,277.92881328492376
6863070,277.8709166579685
6863100,277.82385123511693
6863130,277.7845751543405
6863160,277.751813839473
6863190,277.72462950987455
6863220,277.7021590026123
6863250,277.6837387429144
6863280,277.66883218158455
6863310,277.65698529422195
6863340,277.6478072539263
6863370,277.64095817724757
6863400,277.63614187559693
6863430,277.6401128480156
6863460,277.6403497406685
6863490,277.6403497236815
6863520,277.64034972404875
6863550,277.64034972404875
6863580,277.64034972404875
6863610,277.64034972404875
6863640,277.64034972404875
6863670,277.64034972404875
6863700,277.64034972404875
6863730,277.64034972404875
6863760,277.64034972404875
6863790,277.64034972404875
6863820,277.64034972404875
6863850,277.64034972404875
6863880,277.64034972404875
6863910,277.64034972404875
6863940,277.64034972404875
6863970,277.64034972404875
6864000,277.64034972404875
6864030,282.64031607786626
6864060,280.7993181530391
6864090,279.33605280804295
6864120,278.76335125149916
6864150,278.5114320360024
6864180,278.37756712301587
6864210,278.2940248343542
6864240,278.23252395919417
6864270,278.18253382954504
6864300,278.1422773434681
6864330,278.10913691951697
6864360,278.08160736803694
6864390,278.0590069158348
6864420,278.0405569031856
6864450,278.02566074755765
6864480,278.01383359725867
6864510,278.00468539041657
6864540,277.9978685506557
6864570,277.993086900502
6864600,277.9900805751984
6864630,277.99333518660796
6864660,277.9935969766178
6864690,277.9935668351542
6864720,277.9935679701162
6864750,277.9935679701162
6864780,277.9935679701162
6864810,277.9935679701162
6864840,277.9935679701162
6864870,277.9935679701162
6864900,277.9935679701162
6864930,277.9935679701162
6864960,277.9935679701162
6864990,277.9935679701162
6865020,277.9935679701162
6865050,277.9935679701162
6865080,277.9935679701162
6865110,277.9935679701162
6865140,277.9935679701162
6865170,277.9935679701162
6865200,277.9935679701162
6865230,282.93988666228563
6865260,281.09937089507855
6865290,279.6206738065509
6865320,279.0243749642322
6865350,278.7733559515019
6865380,278.64930743172175
6865410,278.57662266292357
6865440,278.52653110571225
6865470,278.4869322172856
6865500,278.4558218543679
6865530,278.43111119836317
6865560,278.4112911949201
6865590,278.3957848413302
6865620,278.3839109019197
6865650,278.3751580873584
6865680,278.36913072705966
6865710,278.36549904614975
6865740,278.3639779780969
6865770,278.3643192216193
6865800,278.366307750943
6865830,278.3681703612374
6865860,278.36830812069684
6865890,278.36837024187855
6865920,278.36837240488325
6865950,278.36837240488325
6865980,278.36837240488325
6866010,278.36837240488325
6866040,278.36837240488325
6866070,278.36837240488325
6866100,278.36837240488325
6866130,278.36837240488325
6866160,278.36837240488325
6866190,278.36837240488325
6866220,278.36837240488325
6866250,278.36837240488325
6866280,278.36837240488325
6866310,278.36837240488325
6866340,278.36837240488325
6866370,278.36837240488325
6866400,278.36837240488325
6866430,283.2976046186977
6866460,281.4643289659513
6866490,279.9659646385604
6866520,279.34314234467297
6866550,279.0771821678506
6866580,278.9711437527505
6866610,278.9234576770392
6866640,278.89910698800225
6866670,278.88474078770173
6866700,278.8764949058124
6866730,278.8726722650728
6866760,278.87181809289103
6866790,278.8734510950425
6866820,278.8770681572001
6866850,278.88235757680286
6866880,278.88909879998107
6866910,278.8971076685813
6866940,278.90622423131197
6866970,278.9163080384943
6867000,278.9272359229254
6867030,278.9264378678617
6867060,278.92666785229085
6867090,278.9266732290183
6867120,278.92667182455983
6867150,278.92667182455983
6867180,278.92667182455983
6867210,278.92667182455983
6867240,278.92667182455983
6867270,278.92667182455983
6867300,278.92667182455983
6867330,278.92667182455983
6867360,278.92667182455983
6867390,278.92667182455983
6867420,278.92667182455983
6867450,278.92667182455983
6867480,278.92667182455983
6867510,278.92667182455983
6867540,278.92667182455983
6867570,278.92667182455983
6867600,278.92667182455983
6867630,283.79504393602014
6867660,281.9617147542717
6867690,280.43167119511486
6867720,279.76514448006884
6867750,279.4569505711424
6867780,279.3183836073824
6867810,279.2593432026521
6867840,279.23704311227675
6867870,279.23179120771425
6867900,279.23413265622554
6867930,279.240421902165
6867960,279.2477033702371
6867990,279.25487041140616
6868020,279.261476014942
6868050,279.267539102014
6868080,279.2731794258862
6868110,279.278498198442
6868140,279.28356809519425
6868170,279.2884402061867
6868200,279.2931511959864
6868230,279.2546965541895
6868260,279.25484254487463
6868290,279.2544549151063
6868320,279.2544260589843
6868350,279.2544260589843
6868380,279.2544260589843
6868410,279.2544260589843
6868440,279.2544260589843
6868470,279.2544260589843
6868500,279.2544260589843
6868530,279.2544260589843
6868560,279.2544260589843
6868590,279.2544260589843
6868620,279.2544260589843
6868650,279.2544260589843
6868680,279.2544260589843
6868710,279.2544260589843
6868740,279.2544260589843
6868770,279.2544260589843
6868800,279.2544260589843
6868830,284.11360833339086
6868860,282.2538644614099
6868890,280.68938877465604
6868920,279.9967670250951
6868950,279.6684798393577
6868980,279.51375484524067
6869010,279.4414559367873
6869040,279.4084998934163
6869070,279.3947378734599
6869100,279.3902426524357
6869130,279.3914911409435
6869160,279.39483281225336
6869190,279.3981686254978
6869220,279.40101128700223
6869250,279.4034825992335
6869280,279.4057323258051
6869310,279.4078484025057
6869340,279.4098761295954
6869370,279.4118370261091
6869400,279.4137420719491
6869430,279.34080946150414
6869460,279.3409191820373
6869490,279.3409097153677
6869520,279.34090937740007
6869550,279.34090937740007
6869580,279.34090937740007
6869610,279.34090937740007
6869640,279.34090937740007
6869670,279.34090937740007
6869700,279.34090937740007
6869730,279.34090937740007
6869760,279.34090937740007
6869790,279.34090937740007
6869820,279.34090937740007
6869850,279.34090937740007
6869880,279.34090937740007
6869910,279.34090937740007
6869940,279.34090937740007
6869970,279.34090937740007
6870000,279.34090937740007
6870030,284.22637503423266
6870060,282.34716989045
6870090,280.76487146914224
6870120,280.0643873933626
6870150,279.7323436166221
6870180,279.57541833572026
6870210,279.50146615000386
6870240,279.4670740502188
6870270,279.45204951751225
6870300,279.44642701110337
6870330,279.4469619803367
6870360,279.44966627655884
6870390,279.4520116326248
6870420,279.45367506266905
6870450,279.4549025491804
6870480,279.4559006262483
6870510,279.4567831430432
6870540,279.4576060892369
6870570,279.4583961350647
6870600,279.45916618462724
6870630,279.3727546861969
6870660,279.37284951827814
6870690,279.3728488109028
6870720,279.37284869032925
6870750,279.37284869032925
6870780,279.37284869032925
6870810,279.37284869032925
6870840,279.37284869032925
6870870,279.37284869032925
6870900,279.37284869032925
6870930,279.37284869032925
6870960,279.37284869032925
6870990,279.37284869032925
6871020,279.37284869032925
6871050,279.37284869032925
6871080,279.37284869032925
6871110,279.37284869032925
6871140,279.37284869032925
6871170,279.37284869032925
6871200,279.37284869032925
6871230,284.2729249359368
6871260,282.38697481406
6871290,280.7976770266176
6871320,280.0944135151084
6871350,279.76133847103443
6871380,279.6040272383292
6871410,279.52994704652605
6871440,279.4954952693282
6871470,279.48039890840494
6871500,279.47470750538776
6871530,279.475482367703
6871560,279.4788772605499
6871590,279.48173789439704
6871620,279.4837517513333
6871650,279.4852565273543
6871680,279.48651224508694
6871710,279.48766428884596
6871740,279.4887827488804
6871770,279.4899006313566
6871800,279.49103227149396
6871830,279.3955031742242
6871860,279.39595518292987
6871890,279.3960291167992
6871920,279.3960291259572
6871950,279.3960291259572
6871980,279.3960291259572
6872010,279.3960291259572
6872040,279.3960291259572
6872070,279.3960291259572
6872100,279.3960291259572
6872130,279.3960291259572
6872160,279.3960291259572
6872190,279.3960291259572
6872220,279.3960291259572
6872250,279.3960291259572
6872280,279.3960291259572
6872310,279.3960291259572
6872340,279.3960291259572
6872370,279.3960291259572
6872400,279.3960291259572
6872430,284.33155528630215
6872460,282.4451647735896
6872490,280.84855682600266
6872520,280.14343342566565
6872550,279.8106992484369
6872580,279.65453131582444
6872610,279.58183616962015
6872640,279.54872041607183
6872670,279.53489035184435
6872700,279.53042330945294
6872730,279.5308751413885
6872760,279.5364730558508
6872790,279.54299537409406
6872820,279.5480846615816
6872850,279.5520174001691
6872880,279.55533058939
6872910,279.5583698083875
6872940,279.56130219419344
6872970,279.56420902840716
6873000,279.5671268905802
6873030,279.44979691021547
6873060,279.44989625483083
6873090,279.44990185547215
6873120,279.4499018452713
6873150,279.4499018452713
6873180,279.4499018452713
6873210,279.4499018452713
6873240,279.4499018452713
6873270,279.4499018452713
6873300,279.4499018452713
6873330,279.4499018452713
6873360,279.4499018452713
6873390,279.4499018452713
6873420,279.4499018452713
6873450,279.4499018452713
6873480,279.4499018452713
6873510,279.4499018452713
6873540,279.4499018452713
6873570,279.4499018452713
6873600,279.4499018452713
6873630,284.4700694716541
6873660,282.5797167544964
6873690,280.96411569176485
6873720,280.2530382062616
6873750,279.9195057397751
6873780,279.76426045539444
6873810,279.69296739636786
6873840,279.6612105854332
6873870,279.6485503631058
6873900,279.6452597046546
6873930,279.6461742405475
6873960,279.6507075306268
6873990,279.6602431043472
6874020,279.6694459004677
6874050,279.676300623434
6874080,279.6815057590346
6874110,279.68583969375237
6874140,279.6897513754655
6874170,279.6934661777023
6874200,279.69708737319
6874230,279.54136613067897
6874260,279.54132123092455
6874290,279.5413242211285
6874320,279.5413243612076
6874350,279.54132437037816
6874380,279.54132437037816
6874410,279.54132437037816
6874440,279.54132437037816
6874470,279.54132437037816
6874500,279.54132437037816
6874530,279.54132437037816
6874560,279.54132437037816
6874590,279.54132437037816
6874620,279.54132437037816
6874650,279.54132437037816
6874680,279.54132437037816
6874710,279.54132437037816
6874740,279.54132437037816
6874770,279.54132437037816
6874800,279.54132437037816
6874830,284.65069940780376
6874860,282.7430261073136
6874890,281.099024900185
6874920,280.3773214264625
6874950,280.040191642122
6874980,279.8837300358673
6875010,279.8119346500769
6875040,279.7797245816655
6875070,279.76630638484994
6875100,279.7625428790921
6875130,279.76278152698467
6875160,279.7647578494127
6875190,279.7716879502544
6875220,279.782852281754
6875250,279.7917556283724
6875280,279.79767298013854
6875310,279.8017594115581
6875340,279.80490161533504
6875370,279.807569666171
6875400,279.80998954907557
6875430,279.6193710134999
6875460,279.6193281491643
6875490,279.61933719331194
6875520,279.6193365694048
6875550,279.6193365734344
6875580,279.6193365734344
6875610,279.6193365734344
6875640,279.6193365734344
6875670,279.6193365734344
6875700,279.6193365734344
6875730,279.6193365734344
6875760,279.6193365734344
6875790,279.6193365734344
6875820,279.6193365734344
6875850,279.6193365734344
6875880,279.6193365734344
6875910,279.6193365734344
6875940,279.6193365734344
6875970,279.6193365734344
6876000,279.6193365734344
6876030,284.77297796878184
6876060,282.8438579682625
6876090,281.1780678390758
6876120,280.4469534154377
6876150,280.1053422112972
6876180,279.9461410618319
6876210,279.87213103353935
6876240,279.8377931158662
6876270,279.822037932328
6876300,279.81592246404784
6876330,279.81418517160523
6876360,279.8138680403358
6876390,279.8154959080453
6876420,279.8225623293531
6876450,279.8313465777819
6876480,279.83735298455076
6876510,279.8405478517322
6876540,279.842081919725
6876570,279.8427689225671
6876600,279.8430418683899
6876630,279.64112394440275
6876660,279.64104701107993
6876690,279.6410469459596
6876720,279.64104694957194
6876750,279.641046948647
6876780,279.641046948647
6876810,279.641046948647
6876840,279.641046948647
6876870,279.641046948647
6876900,279.641046948647
6876930,279.641046948647
6876960,279.641046948647
6876990,279.641046948647
6877020,279.641046948647
6877050,279.641046948647
6877080,279.641046948647
6877110,279.641046948647
6877140,279.641046948647
6877170,279.641046948647
6877200,279.641046948647
6877230,284.7809471769515
6877260,282.8421882953064
6877290,281.17358717624825
6877320,280.4403531007056
6877350,280.0969099927785
6877380,279.93606394188663
6877410,279.86046235887176
6877440,279.8246503151909
6877470,279.80740008127344
6877500,279.7996820111546
6877530,279.79650785933643
6877560,279.79484517818196
6877590,279.7948096681126
6877620,279.7989222045026
6877650,279.8052452242562
6877680,279.80906438431595
6877710,279.81045297904507
6877740,279.8111424740485
6877770,279.81151432788727
6877800,279.81115839291584
6877830,279.6184991863338
6877860,279.6184512765307
6877890,279.6184513796636
6877920,279.6184513798553
6877950,279.6184513797662
6877980,279.6184513797662
6878010,279.6184513797662
6878040,279.6184513797662
6878070,279.6184513797662
6878100,279.6184513797662
6878130,279.6184513797662
6878160,279.6184513797662
6878190,279.6184513797662
6878220,279.6184513797662
6878250,279.6184513797662
6878280,279.6184513797662
6878310,279.6184513797662
6878340,279.6184513797662
6878370,279.6184513797662
6878400,279.6184513797662
6878430,284.71279454065944
6878460,282.77553422553495
6878490,281.1168612125977
6878520,280.38649205532636
6878550,280.04320536962354
6878580,279.8815818625073
6878610,279.8049535818191
6878640,279.7680911378098
6878670,279.7498384138368
6878700,279.74110286629195
6878730,279.7368560896056
6878760,279.7343920465319
6878790,279.7335512577909
6878820,279.73619665439804
6878850,279.740691174903
6878880,279.742985461052
6878910,279.7431491111446
6878940,279.74209255416366
6878970,279.74042680445956
6879000,279.73847384422464
6879030,279.56770888255454
6879060,279.5677463569701
6879090,279.5677386619398
6879120,279.56773896243027
6879150,279.5677389368295
6879180,279.5677389368295
6879210,279.5677389368295
6879240,279.5677389368295
6879270,279.5677389368295
6879300,279.5677389368295
6879330,279.5677389368295
6879360,279.5677389368295
6879390,279.5677389368295
6879420,279.5677389368295
6879450,279.5677389368295
6879480,279.5677389368295
6879510,279.5677389368295
6879540,279.5677389368295
6879570,279.5677389368295
6879600,279.5677389368295
6879630,284.5990171686085
6879660,282.6704571368114
6879690,281.0292227178695
6879720,280.30484388894894
6879750,279.9630073758203
6879780,279.80127276439225
6879810,279.7241189387455
6879840,279.6866610054789
6879870,279.66783778799595
6879900,279.6585407726091
6879930,279.6535778334383
6879960,279.65086513084026
6879990,279.64960485364685
6880020,279.6517500596708
6880050,279.65432678671493
6880080,279.65490147365693
6880110,279.6539031758192
6880140,279.6520445993839
6880170,279.64976265365163
6880200,279.6472773564269
6880230,279.50408243839837
6880260,279.5039937056722
6880290,279.50399459822376
6880320,279.503994505456
6880350,279.5039945045835
6880380,279.5039945045835
6880410,279.5039945045835
6880440,279.5039945045835
6880470,279.5039945045835
6880500,279.5039945045835
6880530,279.5039945045835
6880560,279.5039945045835
6880590,279.5039945045835
6880620,279.5039945045835
6880650,279.5039945045835
6880680,279.5039945045835
6880710,279.5039945045835
6880740,279.5039945045835
6880770,279.5039945045835
6880800,279.5039945045835
6880830,284.4613126692939
6880860,282.54304913548077
6880890,280.9223229769231
6880920,280.2051051280305
6880950,279.8651190100128
6880980,279.70339057555253
6881010,279.62573701748414
6881040,279.5876415033725
6881070,279.5683770943845
6881100,279.5585485871642
6881130,279.55310248429885
6881160,279.5499757002199
6881190,279.54883293067604
6881220,279.5500933959101
6881250,279.55045042604957
6881280,279.5493310523456
6881310,279.5472841714331
6881340,279.5447632249195
6881370,279.54201692531325
6881400,279.5392317838988
6881430,279.4283548454264
6881460,279.4284004854052
6881490,279.42841199086257
6881520,279.4284120079732
6881550,279.4284120080332
6881580,279.4284120080332
6881610,279.4284120080332
6881640,279.4284120080332
6881670,279.4284120080332
6881700,279.4284120080332
6881730,279.4284120080332
6881760,279.4284120080332
6881790,279.4284120080332
6881820,279.4284120080332
6881850,279.4284120080332
6881880,279.4284120080332
6881910,279.4284120080332
6881940,279.4284120080332
6881970,279.4284120080332
6882000,279.4284120080332
6882030,284.30887006277754
6882060,282.40234046873604
6882090,280.80385804260857
6882120,280.09468289008095
6882150,279.7570823856089
6882180,279.59579365485973
6882210,279.51798848692664
6882240,279.47967005221216
6882270,279.4602599372845
6882300,279.45015576093135
6882330,279.4446322803413
6882360,279.4412126263239
6882390,279.44039053794296
6882420,279.4401712757488
6882450,279.438981291924
6882480,279.4369782005108
6882510,279.4345292692377
6882540,279.43185962579633
6882570,279.42925201220555
6882600,279.42691422093
6882630,279.34898617149645
6882660,279.34904309725016
6882690,279.3490356561781
6882720,279.3490356605923
6882750,279.3490356605669
6882780,279.3490356605669
6882810,279.3490356605669
6882840,279.3490356605669
6882870,279.3490356605669
6882900,279.3490356605669
6882930,279.3490356605669
6882960,279.3490356605669
6882990,279.3490356605669
6883020,279.3490356605669
6883050,279.3490356605669
6883080,279.3490356605669
6883110,279.3490356605669
6883140,279.3490356605669
6883170,279.3490356605669
6883200,279.3490356605669
6883230,284.1604851661494
6883260,282.26657875417084
6883290,280.6895180401702
6883320,279.98843587680545
6883350,279.65365250732657
6883380,279.4933501439403
6883410,279.41599440915746
6883440,279.3780992962453
6883470,279.3591510338099
6883500,279.3495272838637
6883530,279.34440039186484
6883560,279.34164831818975
6883590,279.3409819744014
6883620,279.3403347597488
6883650,279.33918809600124
6883680,279.3377084361379
6883710,279.3360746157854
6883740,279.3343958437181
6883770,279.3329778211364
6883800,279.3316053597859
6883830,279.28118521452046
6883860,279.28131330688484
6883890,279.2813085617853
6883920,279.2813087670675
6883950,279.28130876913605
6883980,279.28130876913605
6884010,279.28130876913605
6884040,279.28130876913605
6884070,279.28130876913605
6884100,279.28130876913605
6884130,279.28130876913605
6884160,279.28130876913605
6884190,279.28130876913605
6884220,279.28130876913605
6884250,279.28130876913605
6884280,279.28130876913605
6884310,279.28130876913605
6884340,279.28130876913605
6884370,279.28130876913605
6884400,279.28130876913605
6884430,284.0628738710217
6884460,282.1837058387014
6884490,280.62175887744286
6884520,279.92730904385843
6884550,279.5956149826648
6884580,279.43712939191755
6884610,279.3611682825311
6884640,279.3244462407818
6884670,279.306590613612
6884700,279.29807364134126
6884730,279.2937996535343
6884760,279.29217660803664
6884790,279.29208067614275
6884820,279.29192558072305
6884850,279.291459879927
6884880,279.29078998315225
6884910,279.29000917422525
6884940,279.28917784280276
6884970,279.28854471715925
6885000,279.28790015668096
6885030,279.25004367578254
6885060,279.2501912705398
6885090,279.24982755400606
6885120,279.249802205229
6885150,279.2498020312399
6885180,279.2498020312399
6885210,279.2498020312399
6885240,279.2498020312399
6885270,279.2498020312399
6885300,279.2498020312399
6885330,279.2498020312399
6885360,279.2498020312399
6885390,279.2498020312399
6885420,279.2498020312399
6885450,279.2498020312399
6885480,279.2498020312399
6885510,279.2498020312399
6885540,279.2498020312399
6885570,279.2498020312399
6885600,279.2498020312399
6885630,284.0112864169147
6885660,282.13668318677946
6885690,280.5816194972526
6885720,279.88953996470207
6885750,279.558371578818
6885780,279.39972716102716
6885810,279.32331151250594
6885840,279.28608161774855
6885870,279.2676063190049
6885900,279.25842325186284
6885930,279.2532762968683
6885960,279.25080844554145
6885990,279.24954938564525
6886020,279.2482829668665
6886050,279.2468214679098
6886080,279.2452101186194
6886110,279.2434791288791
6886140,279.24167577688075
6886170,279.23998723341055
6886200,279.23823129965604
6886230,279.2141728438713
6886260,279.2143398402486
6886290,279.21394236780145
6886320,279.21390788668225
6886350,279.2139075057457
6886380,279.2139075057457
6886410,279.2139075057457
6886440,279.2139075057457
6886470,279.2139075057457
6886500,279.2139075057457
6886530,279.2139075057457
6886560,279.2139075057457
6886590,279.2139075057457
6886620,279.2139075057457
6886650,279.2139075057457
6886680,279.2139075057457
6886710,279.2139075057457
6886740,279.2139075057457
6886770,279.2139075057457
6886800,279.2139075057457
6886830,284.93629963735725
6886860,283.667737884316
6886890,282.09736397938025
6886920,281.11012736267656
6886950,280.45699534417093
6886980,280.0221374748213
6887010,279.73216519678454
6887040,279.5387740263802
6887070,279.4098018921389
6887100,279.32377177495687
6887130,279.26639148394617
6887160,279.2281232866494
6887190,279.20259982837274
6887220,279.1855814096249
6887250,279.17422674188975
6887280,279.16665830051227
6887310,279.1616088018133
6887340,279.1582401991262
6887370,279.15599348171395
6887400,279.1544940389708
6887430,279.1535811819187
6887460,279.1530095130939
6887490,279.1526118259785
6887520,279.1523363693833
6887550,279.15214602391933
6887580,279.15201395778337
6887610,279.15192107745133
6887640,279.1518607554573
6887670,279.1518155344506
6887700,279.1517865119083
6887730,279.1517652840098
6887760,279.1517504116813
6887790,279.1517408500852
6887820,279.15173394216714
6887850,279.15172936371806
6887880,279.1517258947887
6887910,279.1517242142851
6887940,279.15172326050185
6887970,279.1517215946946
6888000,279.1517189561863
6888030,279.1517167037629
6888060,279.15171423823034
6888090,279.1517156400504
6888120,279.1517169833655
6888150,279.15171933137594
6888180,279.1517235788263
6888210,279.1517241077122
6888240,279.1517223388012
6888270,279.1517206145451
6888300,279.15171956496937
6888330,279.15171854414575
6888360,279.1517180033135
6888390,279.15171867605005
6888420,279.1517205801199
6888450,279.15172143336355
6888480,279.15172078302294
6888510,279.1517197549995
6888540,279.1517189115532
6888570,279.1517183386292
6888600,279.15171796215367
6888630,279.1517180102359
6888660,279.1517204864568
6888690,279.1517223241888
6888720,279.1517228719352
6888750,279.15172208010955
6888780,279.1517211428823
6888810,279.15172115080514
6888840,279.1517211560371
6888870,279.15172095378006
6888900,279.1517223942247
6888930,279.1517233921015
6888960,279.15172323028
6888990,279.15172213690045
6889020,279.1517207378314
6889050,279.15172003777326
6889080,279.1517196031458
6889110,279.1517191885909
6889140,279.1517188449262
6889170,279.15171856287657
6889200,279.1517183426314
6889230,279.1517181862808
6889260,279.15171809908077
6889290,279.1517180566203
6889320,279.15171803746654
6889350,279.1517180420631
6889380,279.1517180728873
6889410,279.15171812524613
6889440,279.15171819165715
6889470,279.15171826686105
6889500,279.15171834839714
6889530,279.15171843518465
6889560,279.151718526491
6889590,279.15171862165056
6889620,279.1517187200447
6889650,279.1517188211401
6889680,279.1517189244943
6889710,279.15171902966244
6889740,279.1517191361679
6889770,279.15171924361846
6889800,279.15171935169303
6889830,279.15171944097824
6889860,279.1517190572614
6889890,279.15171668660116
6889920,279.15171721803335
6889950,279.15171992025205
6889980,279.15172099692774
6890010,279.15172110406866
6890040,279.1517217954558
6890070,279.1517227650446
6890100,279.1517232756897
6890130,279.1517231005527
6890160,279.1517225263448
6890190,279.151722037277
6890220,279.15172192903935
6890250,279.1517224294666
6890280,279.1517224257442
6890310,279.15172090158575
6890340,279.15171736063
6890370,279.1517131071046
6890400,279.15170965055995
6890430,279.1517090340406
6890460,279.1517113821146
6890490,279.1517152196641
6890520,279.1517167480629
6890550,279.1517150602535
6890580,279.15171543300255
6890610,279.15171773573036
6890640,279.15171907940936
6890670,279.1517182425037
6890700,279.1517186344652
6890730,279.15171954359784
6890760,279.15172024501857
6890790,279.1517207264419
6890820,279.151721048769
6890850,279.1517212655772
6890880,279.1517214120077
6890910,279.1517215105718
6890940,279.15172157621396
6890970,279.1517216190331
6891000,279.1517216458818
6891030,279.1517221386908
6891060,279.15172540745976
6891090,279.1517275476604
6891120,279.15172900873745
6891150,279.151728196388
6891180,279.1517257491527
6891210,279.15172280295803
6891240,279.15172068091505
6891270,279.15171993929
6891300,279.1517201362145
6891330,279.15172060894497
6891360,279.15172100159526
6891390,279.15172125099673
6891420,279.1517214006066
6891450,279.1517214934122
6891480,279.1517215519899
6891510,279.15172158721685
6891540,279.15172160563856
6891570,279.15172161197484
6891600,279.1517216096303
6891630,279.15172161199257
6891660,279.1517215593136
6891690,279.15172047392275
6891720,279.15171886271
6891750,279.151718254524
6891780,279.15171948072157
6891810,279.1517202875846
6891840,279.15171744143066
6891870,279.1517125573952
6891900,279.1517120721769
6891930,279.15171621941573
6891960,279.1517195800925
6891990,279.15172152086257
6892020,279.1517223534319
6892050,279.15172238555635
6892080,279.1517230916828
6892110,279.1517233853467
6892140,279.1517236436027
6892170,279.15172386718973
6892200,279.1517237844504
6892230,279.15172438359434
6892260,279.15172448752327
6892290,279.15172383262393
6892320,279.1517218039624
6892350,279.1517166261693
6892380,279.1517081175738
6892410,279.15169849043804
6892440,279.1516903208121
6892470,279.1516848065239
6892500,279.1516817770092
6892530,279.1516805265977
6892560,279.15168041224416
6892590,279.1516810100849
6892620,279.15168206264684
6892650,279.15168340612104
6892680,279.15168492974146
6892710,279.1516865572325
6892740,279.1516882366422
6892770,279.15168993292417
6892800,279.1516916224132
6892830,279.1516941992167
6892860,279.1516997483616
6892890,279.15170614667346
6892920,279.15171064991256
6892950,279.1517137465869
6892980,279.15171594200126
6893010,279.1517174283832
6893040,279.15171859453403
6893070,279.15171917036406
6893100,279.15171968026095
6893130,279.15171987804126
6893160,279.151720061307
6893190,279.15172039145347
6893220,279.15172008016077
6893250,279.1517206977047
6893280,279.15172011226576
6893310,279.15172073258077
6893340,279.1517202018329
6893370,279.15172064213294
6893400,279.15172026773365
6893430,279.15172039501476
6893460,279.1517182787847
6893490,279.1517180744173
6893520,279.1517198902548
6893550,279.1517200352495
6893580,279.15172004502926
6893610,279.1517208442968
6893640,279.1517212564325
6893670,279.15172065853545
6893700,279.1517187397326
6893730,279.15171842717933
6893760,279.15171963084634
6893790,279.15172108872434
6893820,279.1517224197781
6893850,279.1517235626908
6893880,279.15172440321294
6893910,279.15172484372806
6893940,279.15172489441096
6893970,279.1517246398392
6894000,279.1517241716547
6894030,279.15245669467936
6894060,279.1532798177445
6894090,279.15406117775615
6894120,279.15498562117233
6894150,279.1559428518093
6894180,279.1568901556462
6894210,279.15783749100393
6894240,279.1587848239647
6894270,279.15973214662466
6894300,279.16067994273726
6894330,279.16162712669376
6894360,279.1625721563233
6894390,279.16351954071126
6894420,279.16446484502546
6894450,279.16541565282853
6894480,279.1663653930804
6894510,279.16731220359503
6894540,279.16825977320406
6894570,279.16920682692177
6894600,279.1701540034633
6894630,279.1711013949823
6894660,279.1720479848042
6894690,279.1729954156206
6894720,279.1739434598047
6894750,279.1748901630666
6894780,279.17583502444364
6894810,279.17678112247876
6894840,279.17772844859815
6894870,279.17867508428765
6894900,279.1796205588395
6894930,279.18056571430486
6894960,279.18151042405253
6894990,279.1824563961737
6895020,279.18340435052596
6895050,279.1843528255422
6895080,279.1853011365896
6895110,279.18624929987897
6895140,279.18719720572244
6895170,279.18814492926924
6895200,279.1890920143544
6895230,279.1900366511587
6895260,279.1909816681368
6895290,279.1919291368427
6895320,279.1928775046623
6895350,279.1938254687681
6895380,279.194773141475
6895410,279.195720739758
6895440,279.19666781495397
6895470,279.19761388673106
6895500,279.19855950486027
6895530,279.1995053957804
6895560,279.200451983613
6895590,279.2013991774349
6895620,279.2023464626469
6895650,279.203293456473
6895680,279.20424020839664
6895710,279.20518694372714
6895740,279.2061337518193
6895770,279.2070805850666
6895800,279.2080273967234
6895830,279.2089735800769
6895860,279.2099179776408
6895890,279.21086421913714
6895920,279.2118123799668
6895950,279.2127604415434
6895980,279.21370814788105
6896010,279.21465660220196
6896040,279.2156067228883
6896070,279.21655852168516
6896100,279.2175113318078
6896130,279.21846447484216
6896160,279.2194175994937
6896190,279.2203706191993
6896220,279.22132354625296
6896250,279.2222763995662
6896280,279.223229185744
6896310,279.2241819050264
6896340,279.2251345565052
6896370,279.2260871393894
6896400,279.2270396529687
6896430,279.2279902509015
6896460,279.228931820225
6896490,279.2298755640263
6896520,279.2308233794104
6896550,279.2317715552197
6896580,279.23272002880566
6896610,279.23366974801434
6896640,279.2346207535672
6896670,279.2355724444664
6896700,279.23652428366523
6896730,279.23747604341736
6896760,279.2384276914501
6896790,279.23937924711197
6896820,279.24033072341695
6896850,279.2412821229183
6896880,279.24223344465827
6896910,279.2431846874722
6896940,279.24413585048353
6896970,279.24508693285435
6897000,279.2460379339536
6897030,279.2469866572253
6897060,279.247931865823
6897090,279.2488819778146
6897120,279.2498315079388
6897150,279.2507786172942
6897180,279.25172589678465
6897210,279.25267448386404
6897240,279.25362413412114
6897270,279.2545742529232
6897300,279.2555244359372
6897330,279.2564745286049
6897360,279.2574245087689
6897390,279.2583743884412
6897420,279.2593241764643
6897450,279.26027387468815
6897480,279.26122348256933
6897510,279.2621729992761
6897540,279.26312242414724
6897570,279.26407175659807
6897600,279.2650209962595
6897630,279.2659695292676
6897660,279.266914371467
6897690,279.2678556990136
6897720,279.2688019573684
6897750,279.2697551610395
6897780,279.27071489997616
6897810,279.27167882351597
6897840,279.27264432880776
6897870,279.2736098461112
6897900,279.2745748717004
6897930,279.27553940328926
6897960,279.27650352285735
6897990,279.27746727125844
6898020,279.27843065836663
6898050,279.27939368679586
6898080,279.2803563602566
6898110,279.28131868352295
6898140,279.2822806618279
6898170,279.2832423003403
6898200,279.2842036039437
6898230,279.2851610426948
6898260,279.2861108278599
6898290,279.2870577285633
6898320,279.28800516840005
6898350,279.28895522558247
6898380,279.28990929947463
6898410,279.29086655576697
6898440,279.29182515918166
6898470,279.2927838285286
6898500,279.2937421328048
6898530,279.29470006703525
6898560,279.29565769762706
6898590,279.2966150567152
6898620,279.2975721516545
6898650,279.2985289845334
6898680,279.29948555850154
6898710,279.3004418778026
6898740,279.3013979468439
6898770,279.30235376974844
6898800,279.30330935078956
6898830,279.3042620782856
6898860,279.30521033394893
6898890,279.3061560060952
6898920,279.30710140827256
6898950,279.30804711927806
6898980,279.30899314576345
6899010,279.3099392133293
6899040,279.3108852223581
6899070,279.31183223243085
6899100,279.3127813349803
6899130,279.31373247792754
6899160,279.3146848114112
6899190,279.3156375172841
6899220,279.31659016308373
6899250,279.3175426174868
6899280,279.31849487350723
6899310,279.31944694746153
6899340,279.32039884996294
6899370,279.3213505863285
6899400,279.3223021599499
6899430,279.323252053627
6899460,279.3241992511827
6899490,279.3251441323589
6899520,279.32608876724623
6899550,279.3270323747442
6899580,279.32797757973145
6899610,279.3289248763809
6899640,279.3298718365289
6899670,279.3308189946504
6899700,279.33176718513215
6899730,279.33271640809477
6899760,279.3336661429659
6899790,279.3346159402302
6899820,279.33556561716284
6899850,279.33651515406206
6899880,279.33746457104036
6899910,279.33841388116167
6899940,279.33936308928486
6899970,279.3403121979019
6900000,279.34126120951765
6900030,279.3422083651006
6900060,279.34315379708823
6900090,279.34409914020256
6900120,279.3450448619803
6900150,279.3459893526423
6900180,279.346933883828
6900210,279.3478792668948
6900240,279.3488249014251
6900270,279.34977030643284
6900300,279.3507155987134
6900330,279.35165962914937
6900360,279.3526035471056
6900390,279.35354949589447
6900420,279.354497458934
6900450,279.35544599500236
6900480,279.35639421158425
6900510,279.3573420790447
6900540,279.35828980914033
6900570,279.3592375050271
6900600,279.3601851749627
6900630,279.36113207182524
6900660,279.36207782358565
6900690,279.3630230480264
6900720,279.36396826177696
6900750,279.364915148543
6900780,279.3658611912378
6900810,279.36680620873636
6900840,279.36775203615673
6900870,279.36869891385555
6900900,279.369646286778
6900930,279.3705937295748
6900960,279.3715411223613
6900990,279.37248847918124
6901020,279.37343582340617
6901050,279.3743831631679
6901080,279.3753305001023
6901110,279.3762778355298
6901140,279.37722517128014
6901170,279.3781725095864
6901200,279.37911985237685
6901230,279.38006649258716
6901260,279.3810121144328
6901290,279.3819572502761
6901320,279.3829021728701
6901350,279.3838470170573
6901380,279.38478834084873
6901410,279.3857241110839
6901440,279.3866540627098
6901470,279.38757636283617
6901500,279.3884882400843
6901530,279.3893882912081
6901560,279.390276725185
6901590,279.39115430793674
6901620,279.3920217058925
6901650,279.3928794373698
6901680,279.3937279780802
6901710,279.39456780555923
6901740,279.3953994008123
6901770,279.39622324716623
6901800,279.39703983305895
6901830,279.3978728276608
6901860,279.3987750058777
6901890,279.3997042719175
6901920,279.40063228085756
6901950,279.4015556566315
6901980,279.40248580339204
6902010,279.4034200301075
6902040,279.40436278968343
6902070,279.4053113396115
6902100,279.40625731267596
6902130,279.4071987992536
6902160,279.4081406053459
6902190,279.4090835314275
6902220,279.41002824022456
6902250,279.4109787646647
6902280,279.4119227371772
6902310,279.4128570639791
6902340,279.4137962576152
6902370,279.41473709861987
6902400,279.41567850021494
6902430,279.4166208294655
6902460,279.4175634685835
6902490,279.4185060919364
6902520,279.41944859796297
6902550,279.42039099694773
6902580,279.4213333115607
6902610,279.4222755154434
6902640,279.42321756109135
6902670,279.424159416996
6902700,279.4251010717052
6902730,279.42604252290994
6902760,279.4269837856124
6902790,279.42792490693364
6902820,279.42886593480006
6902850,279.42980688447284
6902880,279.43074774787624
6902910,279.4316885205325
6902940,279.4326292132498
6902970,279.43356984798095
6903000,279.4345104510935
6903030,279.4354511546662
6903060,279.43639202087786
6903090,279.43733293630964
6903120,279.43827674472413
6903150,279.4392144422177
6903180,279.44015355556917
6903210,279.4410976795806
6903240,279.442041784237
6903270,279.4429839067296
6903300,279.4439246010701
6903330,279.44486479904566
6903360,279.4458049322126
6903390,279.44674506461706
6903420,279.4476851660288
6903450,279.44862521884795
6903480,279.4495652217919
6903510,279.45050517689043
6903540,279.4514450845313
6903570,279.45238494330687
6903600,279.4533247503794
6903630,279.4542643939784
6903660,279.4552037878428
6903690,279.4561428015404
6903720,279.45708129321207
6903750,279.45802718350296
6903780,279.458977196285
6903810,279.45992832097795
6903840,279.4608750412546
6903870,279.46181578593996
6903900,279.46275428047437
6903930,279.4636927406482
6903960,279.46463162174143
6903990,279.4655708042383
6904020,279.4665102252315
6904050,279.46744965339735
6904080,279.4683888047989
6904110,279.4693276432866
6904140,279.4702663651215
6904170,279.47120521825263
6904200,279.47214417151605
6904230,279.47308299788705
6904260,279.4740217053275
6904290,279.4749615674598
6904320,279.4759014929673
6904350,279.47684070701604
6904380,279.4777797201257
6904410,279.47871872043277
6904440,279.47965766736957
6904470,279.4805965848516
6904500,279.481535523845
6904530,279.4824745536659
6904560,279.483413679661
6904590,279.48435293247496
6904620,279.48529229927857
6904650,279.48623181666983
6904680,279.48717147002174
6904710,279.4881111886598
6904740,279.489050950688
6904770,279.48999080182386
6904800,279.4909308000957
6904830,279.49187092946454
6904860,279.4928110368638
6904890,279.4937512591877
6904920,279.4946913917745
6904950,279.49563196296333
6904980,279.4965722681319
6905010,279.49751254667643
6905040,279.4984525854117
6905070,279.4993924672248
6905100,279.5003322694545
6905130,279.50127192030476
6905160,279.50221132175767
6905190,279.5031505744202
6905220,279.5040897357558
6905250,279.50502873668995
6905280,279.5059675347287
6905310,279.50690617251865
6905340,279.5078447171401
6905370,279.508783212576
6905400,279.5097216809924
6905430,279.51066013862004
6905460,279.5115986102383
6905490,279.51253705826076
6905520,279.51347550371105
6905550,279.5144140245831
6905580,279.51535265800294
6905610,279.51629139336677
6905640,279.51723023682314
6905670,279.51816923065513
6905700,279.51910842929834
6905730,279.5200478807873
6905760,279.5209876255059
6905790,279.5219277002803
6905820,279.52286814019453
6905850,279.52380897804727
6905880,279.5247502431578
6905910,279.5256919600963
6905940,279.5266342136528
6905970,279.5275771192709
6906000,279.5285205930435
6906030,279.52946452044233
6906060,279.530406475468
6906090,279.5313418169016
6906120,279.53229103134595
6906150,279.5332395604292
6906180,279.5341862070202
6906210,279.53513265413284
6906240,279.5360794458392
6906270,279.53702669472955
6906300,279.53797436512576
6906330,279.5389224005653
6906360,279.5398707554267
6906390,279.5408193920408
6906420,279.54176827486214
6906450,279.5427173880063
6906480,279.5436667225156
6906510,279.5446162553512
6906540,279.5455659489298
6906570,279.5465157609457
6906600,279.5474656336937
6906630,279.5484155406171
6906660,279.54936545761774
6906690,279.5503153586729
6906720,279.5512652595672
6906750,279.5522149714068
6906780,279.5531644440516
6906810,279.5541137740123
6906840,279.555063081107
6906870,279.5560123445791
6906900,279.55696154436237
6906930,279.5579106464735
6906960,279.55885943812604
6906990,279.55980758419173
6907020,279.5607548633897
6907050,279.5617013052258
6907080,279.56264716260245
6907110,279.5635928175817
6907140,279.5645386935396
6907170,279.5654843421869
6907200,279.56643006900924
6907230,279.567376837493
6907260,279.5683244634188
6907290,279.56927194808287
6907320,279.57022276911766
6907350,279.57117906772476
6907380,279.57214851661877
6907410,279.5731105425813
6907440,279.5740622687881
6907470,279.57501159550156
6907500,279.5759645204885
6907530,279.57692094557416
6907560,279.5778693274395
6907590,279.578814733692
6907620,279.57976469718756
6907650,279.580722589841
6907680,279.5816728177835
6907710,279.58261954361865
6907740,279.58356556569163
6907770,279.58451166716804
6907800,279.5854578260378
6907830,279.5864039240026
6907860,279.5873503756039
6907890,279.588304735454
6907920,279.58926826501715
6907950,279.59022057134206
6907980,279.5911665181061
6908010,279.59211104309173
6908040,279.59305437903873
6908070,279.5939984543479
6908100,279.5949434812626
6908130,279.5958859301116
6908160,279.59682539299166
6908190,279.5977650937856
6908220,279.59870717623585
6908250,279.59965120302024
6908280,279.6005958960296
6908310,279.6015404964909
6908340,279.60248480814835
6908370,279.60342881597796
6908400,279.60437247772006
6908430,279.6053161701223
6908460,279.60626023574696
6908490,279.6072044594475
6908520,279.6081531983852
6908550,279.60910908095354
6908580,279.6100706908114
6908610,279.6110352379025
6908640,279.6120011047439
6908670,279.61296782797353
6908700,279.61393541058953
6908730,279.6149038785222
6908760,279.61587324896664
6908790,279.6168435220529
6908820,279.6178147124102
6908850,279.6187868364946
6908880,279.61976050658905
6908910,279.6207369018936
6908940,279.62171657695274
6908970,279.62269908298765
6909000,279.62368341614166
6909030,279.6246608394592
6909060,279.62563037270513
6909090,279.62659083118314
6909120,279.627538580351
6909150,279.6284842736516
6909180,279.6294299821765
6909210,279.6303752795602
6909240,279.63131987316046
6909270,279.63226415350005
6909300,279.63320835619527
6909330,279.6341525577405
6909360,279.63509676432346
6909390,279.63604099109966
6909420,279.6369852635165
6909450,279.63792960164875
6909480,279.63887401867663
6909510,279.6398185258041
6909540,279.6407631347438
6909570,279.6417078575757
6909600,279.6426527061574
6909630,279.6435974140168
6909660,279.64454184777213
6909690,279.64548611439045
6909720,279.6464291077483
6909750,279.6473735113157
6909780,279.64831811681563
6909810,279.64926244001794
6909840,279.65020664982757
6909870,279.6511508843137
6909900,279.65209510838
6909930,279.6530393111911
6909960,279.653983546481
6909990,279.6549277756598
6910020,279.65587198718106
6910050,279.65681618371406
6910080,279.65776035668637
6910110,279.65870844284007
6910140,279.6596695040674
6910170,279.6606392048916
6910200,279.6616041950813
6910230,279.6625557221196
6910260,279.66350128936716
6910290,279.6644457924018
6910320,279.66539210839466
6910350,279.66633769664804
6910380,279.66728258278334
6910410,279.6682273473216
6910440,279.6691746602679
6910470,279.6701226652669
6910500,279.67107060219774
6910530,279.6720175306736
6910560,279.6729548984878
6910590,279.67389673265296
6910620,279.67484524175114
6910650,279.6757932010373
6910680,279.6767381645535
6910710,279.6776829781817
6910740,279.6786274790516
6910770,279.6795716769541
6910800,279.6805178843363
6910830,279.6814662063474
6910860,279.68241209767416
6910890,279.6833599068077
6910920,279.6843092568045
6910950,279.68525542099616
6910980,279.68620001130256
6911010,279.6871442708665
6911040,279.6880894421081
6911070,279.6890346283813
6911100,279.6899796475787
6911130,279.6909245373514
6911160,279.6918699481744
6911190,279.6928133163655
6911220,279.6937566411121
6911250,279.6947021469334
6911280,279.695646934136
6911310,279.696589070902
6911340,279.6975261615925
6911370,279.69845663621226
6911400,279.69938025074765
6911430,279.7003049618466
6911460,279.7012419571864
6911490,279.7021850840137
6911520,279.70313008665306
6911550,279.70407511981614
6911580,279.7050199155252
6911610,279.70596461027054
6911640,279.70690929654927
6911670,279.70785399606723
6911700,279.70879870759455
6911730,279.70974342824
6911760,279.71068815631816
6911790,279.711632890499
6911820,279.7125776293851
6911850,279.7135223714209
6911880,279.71446711482974
6911910,279.71541185761174
6911940,279.7163565974397
6911970,279.71730133153534
6912000,279.71824605672157
6912030,279.71919079477505
6912060,279.720135666399
6912090,279.7210769988467
6912120,279.7220148750849
6912150,279.7229590413557
6912180,279.72390339727883
6912210,279.7248476906617
6912240,279.7257924448213
6912270,279.7267373922783
6912300,279.72768230657243
6912330,279.7286271373568
6912360,279.72957191691484
6912390,279.7305166740191
6912420,279.7314614156708
6912450,279.7324061383037
6912480,279.73335083693905
6912510,279.7342955074448
6912540,279.73524014611803
6912570,279.73618474936046
6912600,279.73712931369886
6912630,279.7380739308945
6912660,279.739022220204
6912690,279.7399733186794
6912720,279.7409213452715
6912750,279.741867044272
6912780,279.74280996617557
6912810,279.743750569292
6912840,279.7446914359623
6912870,279.74563413304037
6912900,279.74657832300016
6912930,279.7475230782839
6912960,279.7484678650553
6912990,279.749412569434
6913020,279.75035722174863
6913050,279.7513018487204
6913080,279.7522464553189
6913110,279.7531910395221
6913140,279.7541355996307
6913170,279.75508013486433
6913200,279.7560246448104
6913230,279.75696919502735
6913260,279.75791383105206
6913290,279.75885849171317
6913320,279.7598031445023
6913350,279.7607477836259
6913380,279.76169241357377
6913410,279.7626370356524
6913440,279.7635816461389
6913470,279.76452624096413
6913500,279.7654708180729
6913530,279.766415376891
6913560,279.76735991716515
6913590,279.7683044384946
6913620,279.76924894052905
6913650,279.77019342297433
6913680,279.7711378856201
6913710,279.77208232831356
6913740,279.7730267509023
6913770,279.7739711533024
6913800,279.7749155354439
6913830,279.77585990405356
6913860,279.77680427063444
6913890,279.7777486301372
6913920,279.77869297438605
6913950,279.77963730211303
6913980,279.7805769822768
6914010,279.7815119068536
6914040,279.7824457903324
6914070,279.78338050724875
6914100,279.7843158238392
6914130,279.7852514665863
6914160,279.78618766693944
6914190,279.7871247097025
6914220,279.788062688586
6914250,279.7890015747732
6914280,279.7899413185463
6914310,279.79088188136154
6914340,279.79182323224353
6914370,279.7927653416995
6914400,279.7937081803398
6914430,279.7946518163283
6914460,279.7955957348626
6914490,279.79653972794375
6914520,279.7974826401288
6914550,279.7984161356718
6914580,279.79935449919225
6914610,279.80029835286786
6914640,279.8012421926467
6914670,279.8021860416688
6914700,279.80312990190276
6914730,279.80407932715053
6914760,279.80503445177277
6914790,279.80598975648246
6914820,279.80694225599166
6914850,279.80789296318807
6914880,279.8088435765915
6914910,279.8097947377604
6914940,279.81074638302437
6914970,279.81169835913676
6915000,279.81265060422027
6915030,279.81360063587056
6915060,279.8145462497562
6915090,279.8154905390627
6915120,279.8164343722329
6915150,279.81737805590393
6915180,279.81832168196524
6915210,279.81926527543425
6915240,279.8202088426516
6915270,279.82115238482754
6915300,279.8220959021025
6915330,279.8230393941533
6915360,279.82398286078205
6915390,279.82492633222853
6915420,279.82586980876954
6915450,279.82681327979384
6915480,279.8277567378154
6915510,279.82870017953894
6915540,279.8296436037494
6915570,279.83058700990676
6915600,279.8315303977918
6915630,279.83247376051884
6915660,279.83341707442185
6915690,279.83436033050805
6915720,279.8353035194882
6915750,279.83624664271315
6915780,279.8371897098453
6915810,279.83813272787177
6915840,279.83907570112996
6915870,279.84001863227036
6915900,279.840961523034
6915930,279.84190437509
6915960,279.8428471904831
6915990,279.84378997166755
6916020,279.84473272123955
6916050,279.8456754418258
6916080,279.8466181361905
6916110,279.8475608072384
6916140,279.84850345797105
6916170,279.8494460914244
6916200,279.85038871081264
6916230,279.85133126674555
6916260,279.8522737201767
6916290,279.8532161090168
6916320,279.85416211911183
6916350,279.8551076520658
6916380,279.85605056028567
6916410,279.85699288829363
6916440,279.85793549693807
6916470,279.8588789970184
6916500,279.8598265284837
6916530,279.8607744494219
6916560,279.86171986689453
6916590,279.8626629438514
6916620,279.86360506753795
6916650,279.86454711031445
6916680,279.8654892713384
6916710,279.86643150490977
6916740,279.8673737689335
6916770,279.86831605818037
6916800,279.86925838005305
6916830,279.87019946811137
6916860,279.8711400529184
6916890,279.8720812553383
6916920,279.8730227251845
6916950,279.8739624591542
6916980,279.8749041353686
6917010,279.8758419975875
6917040,279.8767787824716
6917070,279.8777194790305
6917100,279.8786608753404
6917130,279.8796024695736
6917160,279.8805441757583
6917190,279.8814858704482
6917220,279.8824275396954
6917250,279.8833692300021
6917280,279.8843109736759
6917310,279.88525277135494
6917340,279.88619461512695
6917370,279.88713650437217
6917400,279.8880784452027
6917430,279.88902029403243
6917460,279.88996000759334
6917490,279.8909000184436
6917520,279.89184108096947
6917550,279.8927871592397
6917580,279.89373069562686
6917610,279.8946696250422
6917640,279.89561361704756
6917670,279.89656386581134
6917700,279.8975162595251
6917730,279.8984710346079
6917760,279.8994252036776
6917790,279.9003802295993
6917820,279.90133441222895
6917850,279.9022894566711
6917880,279.90324364535076
6917910,279.90419870046077
6917940,279.9051475903415
6917970,279.9060918683515
6918000,279.9070347697538
6918030,279.9079769648731
6918060,279.90892107950754
6918090,279.90986472803695
6918120,279.91080720456426
6918150,279.91175169003327
6918180,279.91269557233
6918210,279.91363774813345
6918240,279.9145794982507
6918270,279.91552112088976
6918300,279.9164627999284
6918330,279.9174045466702
6918360,279.91834632429476
6918390,279.91928811020443
6918420,279.9202299121346
6918450,279.9211717470682
6918480,279.9221136253915
6918510,279.92305555051104
6918540,279.92399752334586
6918570,279.9249395445569
6918600,279.9258816147734
6918630,279.9268236222343
6918660,279.92776550707293
6918690,279.9287073921224
6918720,279.92964603494835
6918750,279.9305769026214
6918780,279.93151534817247
6918810,279.93245685588363
6918840,279.9333992154523
6918870,279.93434127696014
6918900,279.9352832193766
6918930,279.9362251258268
6918960,279.9371670375158
6918990,279.93810896525395
6919020,279.9390509112943
6919050,279.9399928771987
6919080,279.9409348639035
6919110,279.94187687156955
6919140,279.94281890000167
6919170,279.94376094891817
6919200,279.94470301805893
6919230,279.9456450967108
6919260,279.9465871627802
6919290,279.94752921872623
6919320,279.9484713843196
6919350,279.9494135056894
6919380,279.9503555489624
6919410,279.9512975008116
6919440,279.9522394507125
6919470,279.9531809521527
6919500,279.9541240253658
6919530,279.95506682477827
6919560,279.95600904017886
6919590,279.95695142544827
6919620,279.9578949586629
6919650,279.958839597127
6919680,279.9597845352831
6919710,279.9607291735424
6919740,279.9616734554664
6919770,279.96261756731246
6919800,279.9635616418226
6919830,279.9645049118487
6919860,279.9654472964355
6919890,279.96638932344734
6919920,279.96733123685897
6919950,279.96827311570047
6919980,279.96921497980634
6920010,279.9701568334084
6920040,279.9710986770354
6920070,279.9720405108098
6920100,279.9729823346487
6920130,279.973924148501
6920160,279.9748659522603
6920190,279.975807745983
6920220,279.97674952957715
6920250,279.97769130284814
6920280,279.97863306588044
6920310,279.97957481855633
6920340,279.98051656082635
6920370,279.9814582927566
6920400,279.9824000143685
6920430,279.9833417402033
6920460,279.9842834731365
6920490,279.98522520424416
6920520,279.9861669295952
6920550,279.98710864756407
6920580,279.9880503576954
6920610,279.9889920598651
6920640,279.98993375390546
6920670,279.99087543987605
6920700,279.9918171177463
6920730,279.9927587875165
6920760,279.99370044918885
6920790,279.99464210264495
6920820,279.9955837478957
6920850,279.9965253851262
6920880,279.9974670142696
6920910,279.998408635389
6920940,279.9993502485265
6920970,280.0002918536089
6921000,280.00123345080897
6921030,280.002175044063
6921060,280.0031166317888
6921090,280.00405821538453
6921120,280.0049971213225
6921150,280.00593328640974
6921180,280.006870210813
6921210,280.00781010917933
6921240,280.00875230088434
6921270,280.0096952668477
6921300,280.0106382038204
6921330,280.0115809938998
6921360,280.0125237176378
6921390,280.0134664233727
6921420,280.01440911755435
6921450,280.0153517963511
6921480,280.0162944580021
6921510,280.0172371023838
6921540,280.0181797297642
6921570,280.01912234032307
6921600,280.0200649341209
6921630,280.02100716479316
6921660,280.0219488674883
6921690,280.0228903869911
6921720,280.02383183775737
6921750,280.0247732624448
6921780,280.0257146742975
6921810,280.0266560772742
6921840,280.0275974722007
6921870,280.0285388593248
6921900,280.0294802387456
6921930,280.03042161047927
6921960,280.0313629746137
6921990,280.03230433104875
6922020,280.03324567966854
6922050,280.03418702042677
6922080,280.0351283531884
6922110,280.03606967792354
6922140,280.03701099453633
6922170,280.0379523030091
6922200,280.0388936032447
6922230,280.039834899223
6922260,280.040776188976
6922290,280.04171747229907
6922320,280.04265874851643
6922350,280.04360001732533
6922380,280.0445412784332
6922410,280.0454825316606
6922440,280.04642377684854
6922470,280.0473650139071
6922500,280.04830624277037
6922530,280.049247463366
6922560,280.0501886754812
6922590,280.05112987901225
6922620,280.0520710736887
6922650,280.0530122594771
6922680,280.05395343604107
6922710,280.05489460325504
6922740,280.05583576088344
6922770,280.0567769088016
6922800,280.0577180468666
6922830,280.05865918492157
6922860,280.05959704440727
6922890,280.0605263909862
6922920,280.06146184933425
6922950,280.06240272150586
6922980,280.0633448189549
6923010,280.0642867712624
6923040,280.0652286221887
6923070,280.066170500661
6923100,280.06711240021934
6923130,280.0680542913243
6923160,280.06899616667073
6923190,280.0699380292392
6923220,280.07087988083623
6923250,280.07182172157223
6923280,280.0727635512937
6923310,280.0737053699392
6923340,280.0746471776802
6923370,280.07558897466345
6923400,280.07653076096034
6923430,280.07747204239007
6923460,280.07841295522394
6923490,280.07935389634144
6923520,280.08029658490426
6923550,280.0812442476338
6923580,280.08218842236914
6923610,280.0831294383539
6923640,280.08407009031873
6923670,280.08501128037454
6923700,280.0859528512233
6923730,280.0868945330857
6923760,280.08783621116544
6923790,280.0887778679038
6923820,280.0897195093775
6923850,280.09066114008516
6923880,280.0916027612404
6923910,280.0925443728041
6923940,280.093485974803
6923970,280.0944275672815
6924000,280.09536915021044
6924030,280.09631050662864
6924060,280.09725155186925
6924090,280.0981924569959
6924120,280.0991333226809
6924150,280.1000741840458
6924180,280.10101676037
6924210,280.10196395743856
6924240,280.1029073418255
6924270,280.1038460900978
6924300,280.10478412406724
6924330,280.10572467322913
6924360,280.1066660622694
6924390,280.10760750185796
6924420,280.10854890511024
6924450,280.1094903232382
6924480,280.11043175710773
6924510,280.1113731880214
6924540,280.112314608151
6924570,280.113256017985
6924600,280.1141974190191
6924630,280.11513834621394
6924660,280.11607900223123
6924690,280.1170196583897
6924720,280.1179607158824
6924750,280.1189057491537
6924780,280.11985167451354
6924810,280.12079378413756
6924840,280.1217341984023
6924870,280.1226747402842
6924900,280.12361569748356
6924930,280.1245568894677
6924960,280.1254981651193
6924990,280.1264394585427
6925020,280.127380746926
6925050,280.1283220247735
6925080,280.1292632926988
6925110,280.13020455211006
6925140,280.1311458035414
6925170,280.1320870471661
6925200,280.1330282829397
6925230,280.1339685244469
6925260,280.13490854339716
6925290,280.13584887650273
6925320,280.1367897674725
6925350,280.1377344007015
6925380,280.1386797740509
6925410,280.1396216932454
6925440,280.1405619978712
6925470,280.14150240546246
6925500,280.1424432051711
6925530,280.1433842350138
6925560,280.14432535092624
6925590,280.14526648687615
6925620,280.146207618685
6925650,280.1471487404266
6925680,280.14808985261175
6925710,280.1490309567249
6925740,280.14997205356383
6925770,280.1509131431658
6925800,280.1518542254455
6925830,280.1527946241699
6925860,280.1537348422157
6925890,280.1546751445644
6925920,280.1556156316144
6925950,280.1565574106177
6925980,280.15749952700423
6926010,280.1584407357291
6926040,280.15938126289495
6926070,280.16032181330576
6926100,280.16126258343365
6926130,280.1622035127298
6926160,280.1631445038256
6926190,280.1640855003002
6926220,280.1650264850169
6926250,280.1659674582656
6926280,280.16690842304934
6926310,280.16784938084896
6926340,280.16879033179043
6926370,280.1697312756633
6926400,280.1706722125565
6926430,280.1716129677589
6926460,280.1725534620464
6926490,280.1734936163197
6926520,280.174433790519
6926550,280.17537395505457
6926580,280.17631700301445
6926610,280.1772673134894
6926640,280.17822509959404
6926670,280.1791865786347
6926700,280.18014817851525
6926730,280.1811085502804
6926760,280.1820677790568
6926790,280.1830262054518
6926820,280.1839839950385
6926850,280.1849411851213
6926880,280.18589778567997
6926910,280.186853813615
6926940,280.1878092914595
6926970,280.1887642423558
6927000,280.189718688404
6927030,280.1906690189082
6927060,280.1916128593218
6927090,280.1925518810655
6927120,280.1934916884966
6927150,280.1944320936502
6927180,280.1953723169022
6927210,280.19631356580584
6927240,280.1972582154063
6927270,280.1982067112298
6927300,280.19915725683063
6927330,280.2001079817114
6927360,280.2010581472479
6927390,280.2020077960151
6927420,280.20295711711526
6927450,280.2039062032775
6927480,280.2048550748576
6927510,280.2058037367333
6927540,280.2067521978431
6927570,280.20770047016816
6927600,280.2086485661759
6927630,280.2095942730913
6927660,280.2105358283888
6927690,280.2114759700605
6927720,280.21241588269135
6927750,280.21335593182044
6927780,280.2142977602295
6927810,280.21524243134286
6927840,280.2161891417598
6927870,280.21713646395125
6927900,280.21808362489304
6927930,280.21903053389275
6927960,280.2199773131232
6927990,280.2209240415091
6928020,280.2218707385501
6928050,280.22281740616336
6928080,280.22376404803185
6928110,280.22471067069944
6928140,280.22565728097595
6928170,280.2266038853645
6928200,280.2275504900582
6928230,280.2284950147677
6928260,280.2294360795661
6928290,280.23037622624753
6928320,280.2313161184914
6928350,280.23225518794567
6928380,280.2331954488081
6928410,280.23413906320326
6928440,280.2350854963348
6928470,280.23603289842123
6928500,280.2369801711488
6928530,280.2379271928413
6928560,280.23887415481903
6928590,280.2398211727326
6928620,280.2407682664424
6928650,280.241715429006
6928680,280.2426626571615
6928710,280.2436099521754
6928740,280.24455731629354
6928770,280.2455047510707
6928800,280.2464522578378
6928830,280.2473974627475
6928860,280.24833889658805
6928890,280.2492791069056
6928920,280.2502188882327
6928950,280.25115853503144
6928980,280.2520981390504
6929010,280.25303772642553
6929040,280.25397730431916
6929070,280.25491687463256
6929100,280.2558564379503
6929130,280.25679599456186
6929160,280.2577355447072
6929190,280.2586750884486
6929220,280.2596146261361
6929250,280.26055415804785
6929280,280.26149146582765
6929310,280.2624301930718
6929340,280.2633745554493
6929370,280.2643268813322
6929400,280.2652881058881
6929430,280.2662474920831
6929460,280.2671943247186
6929490,280.26813896753026
6929520,280.2690840209941
6929550,280.2700261367581
6929580,280.2709662399878
6929610,280.27190589171704
6929640,280.27284540508646
6929670,280.27378487766583
6929700,280.27472433716235
6929730,280.27566379164864
6929760,280.2766032436614
6929790,280.27754269447865
6929820,280.27848214504786
6929850,280.2794215962955
6929880,280.2803610490619
6929910,280.28130050429843
6929940,280.28223996288773
6929970,280.2831794259601
6930000,280.28411889470254
6930030,280.28505831677245
6930060,280.28599767206407
6930090,280.2869370299876
6930120,280.2878763934198
6930150,280.2888157563925
6930180,280.289755115007
6930210,280.2906944673708
6930240,280.29163381261276
6930270,280.2925731501348
6930300,280.2935124795962
6930330,280.294451800598
6930360,280.29539111241064
6930390,280.29633041427667
6930420,280.29726970529435
6930450,280.2982089845255
6930480,280.2991482508994
6930510,280.3000875033322
6930540,280.30102674034623
6930570,280.30196596034364
6930600,280.3029051616961
6930630,280.30384277418966
6930660,280.3047800629023
6930690,280.30571870397455
6930720,280.30665774596986
6930750,280.30759690271105
6930780,280.30853421851236
6930810,280.3094688983819
6930840,280.3104021966186
6930870,280.3113352948855
6930900,280.3122684361594
6930930,280.31320151002075
6930960,280.31413449591247
6930990,280.31506745109704
6931020,280.316000419543
6931050,280.3169334187502
6931080,280.31786645848547
6931110,280.31879955023
6931140,280.31973270711273
6931170,280.32066594276944
6931200,280.3215992709882
6931230,280.32253405910524
6931260,280.3234718605885
6931290,280.324410537342
6931320,280.3253494688652
6931350,280.32628595376684
6931380,280.3272197299913
6931410,280.3281532300079
6931440,280.3290877802263
6931470,280.3300229979509
6931500,280.33095832877075
6931530,280.33189370209385
6931560,280.33282926204015
6931590,280.333765104703
6931620,280.3347012563507
6931650,280.33563772595
6931680,280.3365751821912
6931710,280.33751351586574
6931740,280.33844877487024
6931770,280.3393849762056
6931800,280.340323458183
6931830,280.3412620061523
6931860,280.34219866299867
6931890,280.3431361298544
6931920,280.3440725142363
6931950,280.34500356306575
6931980,280.3459344203993
6932010,280.34687005844887
6932040,280.3478079506804
6932070,280.34874564135833
6932100,280.34968392458995
6932130,280.35062282224516
6932160,280.351563141806
6932190,280.35250588315216
6932220,280.35345030797106
6932250,280.3543952293529
6932280,280.3553404785915
6932310,280.35628614333075
6932340,280.3572322202797
6932370,280.3581787730631
6932400,280.3591258063518
6932430,280.36007076728777
6932460,280.36101182413665
6932490,280.36195089131786
6932520,280.3628906664092
6932550,280.3638315753266
6932580,280.36477269014
6932610,280.36571588930053
6932640,280.3666629419224
6932670,280.36761352024075
6932700,280.3685661056107
6932730,280.36951950498974
6932760,280.3704732690317
6932790,280.3714273545535
6932820,280.37238179372486
6932850,280.3733365883238
6932880,280.37429171704747
6932910,280.3752471530307
6932940,280.3762028690818
6932970,280.3771588371246
6933000,280.3781150275887
6933030,280.3790680148775
6933060,280.38001670519407
6933090,280.3809634781392
6933120,280.38190573275415
6933150,280.3828460539991
6933180,280.3837872559825
6933210,280.3847289110389
6933240,280.385668864107
6933270,280.38661035417005
6933300,280.3875513776436
6933330,280.38849182742274
6933360,280.3894313315772
6933390,280.3903724666283
6933420,280.39131931979205
6933450,280.39227088965794
6933480,280.3932234458353
6933510,280.3941759534061
6933540,280.3951281969553
6933570,280.3960797247906
6933600,280.3970306108122
6933630,280.2351169065915
6933660,279.932621616017
6933690,279.68672023622725
6933720,279.5208502932614
6933750,279.40693474470953
6933780,279.3282391209492
6933810,279.27382365492457
6933840,279.2361769729854
6933870,279.2101359494846
6933900,279.1921239998116
6933930,279.17966567411077
6933960,279.17104847384223
6933990,279.16508874996066
6934020,279.1609675323007
6934050,279.15811749283785
6934080,279.1561456133977
6934110,279.1547821945839
6934140,279.1538459951542
6934170,279.15319287232904
6934200,279.15273706229266
6934230,279.15242417076126
6934260,279.15220633174533
6934290,279.1520557157321
6934320,279.1519523376595
6934350,279.1518818899933
6934380,279.1518339930433
6934410,279.15180101162326
6934440,279.1517776037916
6934470,279.151760655184
6934500,279.1517485955051
6934530,279.15174035571647
6934560,279.15173485956825
6934590,279.15173115019115
6934620,279.1517284922028
6934650,279.1517263762845
6934680,279.1517244554432
6934710,279.15172267507137
6934740,279.1517213468479
6934770,279.1517207060548
6934800,279.15172047821056
6934830,279.1517197976803
6934860,279.15171829043794
6934890,279.15171726636595
6934920,279.1517172911443
6934950,279.15171993696345
6934980,279.15172515180456
6935010,279.15173046168627
6935040,279.1517329700764
6935070,279.1517319744703
6935100,279.1517292477586
6935130,279.1517269172922
6935160,279.15172571512426
6935190,279.15172519191174
6935220,279.1517248028102
6935250,279.15172439995615
6935280,279.1517240445481
6935310,279.1517237653248
6935340,279.1517235332415
6935370,279.15172332035945
6935400,279.1517231182862
6935430,279.1517224567687
6935460,279.1517199034527
6935490,279.15171870171656
6935520,279.1517195567333
6935550,279.15172037382973
6935580,279.1517200511027
6935610,279.1517167417008
6935640,279.1517105305455
6935670,279.1517072600963
6935700,279.15170296901056
6935730,279.1516899659717
6935760,279.1516899074886
6935790,279.1517169471326
6935820,279.15174635756483
6935850,279.15174678652033
6935880,279.15172402804694
6935910,279.15170572515314
6935940,279.1517120632951
6935970,279.1517255770849
6936000,279.15172682063434
6936030,279.15172440186126
6936060,279.15172233896453
6936090,279.151721810043
6936120,279.1517233319542
6936150,279.1517235924312
6936180,279.1517209811156
6936210,279.1517182864755
6936240,279.15171825165334
6936270,279.1517188101526
6936300,279.1517184046875
6936330,279.1517185915079
6936360,279.1517187151483
6936390,279.15171849400866
6936420,279.1517187694102
6936450,279.1517185836296
6936480,279.15171868368185
6936510,279.1517187117458
6936540,279.15171862175885
6936570,279.1517187812786
6936600,279.1517187064838
6936630,279.1517186688628
6936660,279.15171864921723
6936690,279.1517187537295
6936720,279.1517188335192
6936750,279.1517188169797
6936780,279.1517187695652
6936810,279.1517187688248
6936840,279.1517187455267
6936870,279.15171875358396
6936900,279.15171912025465
6936930,279.1517195104983
6936960,279.15171862273377
6936990,279.15171800172755
6937020,279.1517178042275
6937050,279.15171744867837
6937080,279.15171789426665
6937110,279.1517182299672
6937140,279.1517181408641
6937170,279.151718519257
6937200,279.1517184135036
6937230,279.3095048523252
6937260,280.6497299178107
6937290,281.4681311407212
6937320,281.9523810454413
6937350,282.198243252665
6937380,282.3331810647592
6937410,282.41449958803895
6937440,282.46591954411275
6937470,282.5002716194599
6937500,282.5236600154359
6937530,282.53965357542205
6937560,282.5505956136853
6937590,282.55808322490776
6937620,282.56320211772345
6937650,282.5667012579805
6937680,282.56909435665864
6937710,282.5707324964379
6937740,282.57185721093106
6937770,282.57263219687206
6937800,282.57317036127785
6937830,281.74797195488105
6937860,281.7471100062035
6937890,281.74706570978367
6937920,281.7470666009278
6937950,281.7470665530359
6937980,281.7470664994769
6938010,281.7470665325882
6938040,281.7470665325882
6938070,281.7470665325882
6938100,281.7470665325882
6938130,281.7470665325882
6938160,281.7470665325882
6938190,281.7470665325882
6938220,281.7470665325882
6938250,281.7470665325882
6938280,281.7470665325882
6938310,281.7470665325882
6938340,281.7470665325882
6938370,281.7470665325882
6938400,281.7470665325882
6938430,284.6647324037272
6938460,284.3021166050708
6938490,283.51073438553476
6938520,283.1361152126552
6938550,282.9484061603516
6938580,282.8460919374204
6938610,282.7892743777952
6938640,282.7566171710238
6938670,282.7370922030324
6938700,282.7250747305185
6938730,282.71759013166485
6938760,282.71300147704414
6938790,282.7103642736185
6938820,282.70910215710325
6938850,282.70884145478374
6938880,282.709326056851
6938910,282.71037686033156
6938940,282.7118619600534
6938970,282.7136827267437
6939000,282.71576436628965
6939030,282.9046107008843
6939060,283.15990301936904
6939090,283.30709950461426
6939120,283.3873963054435
6939150,283.43095317645566
6939180,283.45520334119425
6939210,283.4694340846079
6939240,283.4785275356065
6939270,283.48494770942244
6939300,283.49003162895633
6939330,283.49440458203645
6939360,283.4984493569914
6939390,283.5023269119195
6939420,283.50612729469606
6939450,283.5098994691164
6939480,283.5136657551683
6939510,283.5174388739398
6939540,283.52122553550987
6939570,283.5250291857191
6939600,283.5288520936149
6939630,283.50693124884856
6939660,283.4742236248713
6939690,283.4570443164515
6939720,283.4497512434771
6939750,283.4478730555849
6939780,283.4487781494575
6939810,283.4511450524076
6939840,283.45428091112797
6939870,283.45782537765757
6939900,283.46159102982176
6939930,283.4654849134692
6939960,283.4694562548944
6939990,283.4734837196846
6940020,283.47755481806826
6940050,283.481664027633
6940080,283.4858089383193
6940110,283.48998885046143
6940140,283.4942031602321
6940170,283.4984534023441
6940200,283.5027386137322
6940230,283.5068112983884
6940260,283.510797458617
6940290,283.5149799117515
6940320,283.519310971764
6940350,283.5237232573702
6940380,283.52821175689076
6940410,283.53275274891337
6940440,283.537344861818
6940470,283.54198400157526
6940500,283.54666864344335
6940530,283.5513990938051
6940560,283.5561756702579
6940590,283.5609989681676
6940620,283.56586977304664
6940650,283.5707889252015
6940680,283.57575726016074
6940710,283.58077560821454
6940740,283.5858448083833
6940770,283.59096570908486
6940800,283.5961391620548
6940830,283.59706431481317
6940860,283.59627942575673
6940890,283.59811232224024
6940920,283.6016651486687
6940950,283.6061383651306
6940980,283.6111320097238
6941010,283.61641905546173
6941040,283.62187696839595
6941070,283.6274465758196
6941100,283.63309449063047
6941130,283.63880901570565
6941160,283.6445805558214
6941190,283.6504033562647
6941220,283.6562742023377
6941250,283.6621911891811
6941280,283.6681529917668
6941310,283.6741584751388
6941340,283.6802065471162
6941370,283.68629616044103
6941400,283.6924262391776
6941430,283.6937978462762
6941460,283.69323962248336
6941490,283.6956004894954
6941520,283.69981545234845
6941550,283.7050520347816
6941580,283.7108443797501
6941610,283.7169262902735
6941640,283.7231873667397
6941670,283.7295286064289
6941700,283.7359598106339
6941730,283.7424197776237
6941760,283.74892762988117
6941790,283.75546093413953
6941820,283.7620259600545
6941850,283.76861990143567
6941880,283.7752402176585
6941910,283.7818852778102
6941940,283.7885539310935
6941970,283.7952451488562
6942000,283.801957935987
6942030,283.8030652088318
6942060,283.80188033835475
6942090,283.80410130331757
6942120,283.8084670717127
6942150,283.81401695428303
6942180,283.8201735209115
6942210,283.8266599586723
6942240,283.83331986795145
6942270,283.8400619625122
6942300,283.84685833214184
6942330,283.85369195397675
6942360,283.8605469035486
6942390,283.86741535536305
6942420,283.8742927946661
6942450,283.8811795997605
6942480,283.88807392387304
6942510,283.8949743178954
6942540,283.90187958851516
6942570,283.9087886542068
6942600,283.9157005400823
6942630,283.9165259591729
6942660,283.9149062714788
6942690,283.9168671509441
6942720,283.9211803144817
6942750,283.9267574026403
6942780,283.9329455704524
6942810,283.939472894086
6942840,283.9461573658375
6942870,283.95292790655935
6942900,283.95973677354965
6942930,283.96655726584595
6942960,283.97338314043947
6942990,283.9802048785995
6943020,283.9870174117193
6943050,283.9938206993258
6943080,284.0006131928582
6943110,284.00739303233524
6943140,284.01415878372103
6943170,284.0209096958943
6943200,284.0276448706597
6943230,284.02814870403796
6943260,284.02608897985857
6943290,284.0277649795851
6943320,284.0317753398416
6943350,284.03703917767456
6943380,284.0429408528193
6943410,284.04915423581053
6943440,284.0555197169213
6943470,283.3156839421828
6943500,280.8680168401182
6943530,279.54852818770235
6943560,278.88643704390824
6943590,278.5091871479203
6943620,278.2667628223299
6943650,278.09394035591106
6943680,277.96080014827027
6943710,277.85330983516155
6943740,277.76422619555206
6943770,277.68963597024333
6943800,277.62699822025905
6943830,277.66774424728135
6943860,277.6681481032408
6943890,277.6681429007154
6943920,277.6681429007154
6943950,277.6681429007154
6943980,277.6681429007154
6944010,277.6681429007154
6944040,277.6681429007154
6944070,277.6681429007154
6944100,277.6681429007154
6944130,277.6681429007154
6944160,277.6681429007154
6944190,277.6681429007154
6944220,277.6681429007154
6944250,277.6681429007154
6944280,277.6681429007154
6944310,277.6681429007154
6944340,277.6681429007154
6944370,277.6681429007154
6944400,277.6681429007154
6944430,282.59385253335233
6944460,280.7678690615851
6944490,279.31949574788143
6944520,278.7439760199921
6944550,278.4770773453844
6944580,278.32781435793305
6944610,278.2294791746747
6944640,278.1534389008769
6944670,278.09391485155965
6944700,278.0468378251063
6944730,278.0088128888115
6944760,277.9784119123569
6944790,277.9544825610114
6944820,277.93604643355656
6944850,277.9223394897062
6944880,277.91273208589405
6944910,277.9066881448128
6944940,277.9037448863351
6944970,277.90349999857574
6945000,277.9056021767967
6945030,277.90813732105204
6945060,277.90836743771473
6945090,277.9083672174197
6945120,277.9083672805735
6945150,277.9083672805735
6945180,277.9083672805735
6945210,277.9083672805735
6945240,277.9083672805735
6945270,277.9083672805735
6945300,277.9083672805735
6945330,277.9083672805735
6945360,277.9083672805735
6945390,277.9083672805735
6945420,277.9083672805735
6945450,277.9083672805735
6945480,277.9083672805735
6945510,277.9083672805735
6945540,277.9083672805735
6945570,277.9083672805735
6945600,277.9083672805735
6945630,282.9282411119168
6945660,281.09900745450574
6945690,279.62082066318965
6945720,279.03182093701656
6945750,278.793025434723
6945780,278.6843916804917
6945810,278.6265892336909
6945840,278.5895954653944
6945870,278.5637597485531
6945900,278.5458908153724
6945930,278.53338273749875
6945960,278.5248613804718
6945990,278.519438815264
6946020,278.51676961579096
6946050,278.5165921955173
6946080,278.5184788677532
6946110,278.52212252365086
6946140,278.52728128325884
6946170,278.5337478079062
6946200,278.5413411067079
6946230,278.5415789546072
6946260,278.5418008482141
6946290,278.54190258239277
6946320,278.5419025474038
6946350,278.5419025474038
6946380,278.5419025474038
6946410,278.5419025474038
6946440,278.5419025474038
6946470,278.5419025474038
6946500,278.5419025474038
6946530,278.5419025474038
6946560,278.5419025474038
6946590,278.5419025474038
6946620,278.5419025474038
6946650,278.5419025474038
6946680,278.5419025474038
6946710,278.5419025474038
6946740,278.5419025474038
6946770,278.5419025474038
6946800,278.5419025474038
6946830,283.4502251978445
6946860,281.6155102128705
6946890,280.10706671903426
6946920,279.47022144383084
6946950,279.19046039976007
6946980,279.07653746696485
6947010,279.03280532747783
6947040,279.01349889719705
6947070,279.0042776780016
6947100,279.00084355837845
6947130,279.00062050935026
6947160,279.00225162807294
6947190,279.00517800607736
6947220,279.00913354014347
6947250,279.0139437229113
6947280,279.0194724831878
6947310,279.0255090188719
6947340,279.0320770121677
6947370,279.0392013019783
6947400,279.04667975110436
6947430,279.04632396422534
6947460,279.0465347040783
6947490,279.04653582790695
6947520,279.0465359253129
6947550,279.0465359253129
6947580,279.0465359253129
6947610,279.0465359253129
6947640,279.0465359253129
6947670,279.0465359253129
6947700,279.0465359253129
6947730,279.0465359253129
6947760,279.0465359253129
6947790,279.0465359253129
6947820,279.0465359253129
6947850,279.0465359253129
6947880,279.0465359253129
6947910,279.0465359253129
6947940,279.0465359253129
6947970,279.0465359253129
6948000,279.0465359253129
6948030,283.8320513209749
6948060,281.9856918588527
6948090,280.45332490148934
6948120,279.7774499395817
6948150,279.4584934126553
6948180,279.3097038952062
6948210,279.2415863161543
6948240,279.2113466705396
6948270,279.1987166005525
6948300,279.1953847765541
6948330,279.19605383573656
6948360,279.19815588027046
6948390,279.2005880389385
6948420,279.20301009955176
6948450,279.20533455275745
6948480,279.20754966552147
6948510,279.20966609212735
6948540,279.21169988210426
6948570,279.2136667043657
6948600,279.2155800314993
6948630,279.19828309933257
6948660,279.19822767860046
6948690,279.19827661598345
6948720,279.1982796089633
6948750,279.1982796089633
6948780,279.1982796089633
6948810,279.1982796089633
6948840,279.1982796089633
6948870,279.1982796089633
6948900,279.1982796089633
6948930,279.1982796089633
6948960,279.1982796089633
6948990,279.1982796089633
6949020,279.1982796089633
6949050,279.1982796089633
6949080,279.1982796089633
6949110,279.1982796089633
6949140,279.1982796089633
6949170,279.1982796089633
6949200,279.1982796089633
6949230,283.9705268144779
6949260,282.1130547200444
6949290,280.566889049244
6949320,279.8801636990965
6949350,279.55284000865004
6949380,279.39741427100773
6949410,279.32402228848173
6949440,279.28967497122454
6949470,279.27420919901584
6949500,279.26891486707837
6949530,279.26813323973767
6949560,279.26909235256466
6949590,279.2705402291013
6949620,279.2720949505326
6949650,279.2736706557819
6949680,279.275248853544
6949710,279.2768250416216
6949740,279.2783980895058
6949770,279.2799676636836
6949800,279.28153368457026
6949830,279.2459074353158
6949860,279.2460543561808
6949890,279.2460597233298
6949920,279.2460600512145
6949950,279.2460600516858
6949980,279.2460600516858
6950010,279.2460600516858
6950040,279.2460600516858
6950070,279.2460600516858
6950100,279.2460600516858
6950130,279.2460600516858
6950160,279.2460600516858
6950190,279.2460600516858
6950220,279.2460600516858
6950250,279.2460600516858
6950280,279.2460600516858
6950310,279.2460600516858
6950340,279.2460600516858
6950370,279.2460600516858
6950400,279.2460600516858
6950430,284.0520977078924
6950460,282.1879381386601
6950490,280.63062745080987
6950520,279.93969877478156
6950550,279.6109635835161
6950580,279.45511970295104
6950610,279.381615617947
6950640,279.3473282287142
6950670,279.3322186174614
6950700,279.3273511564898
6950730,279.3271694307548
6950760,279.3285675512692
6950790,279.3302231851794
6950820,279.3318245860525
6950850,279.3333617728213
6950880,279.3348611173264
6950910,279.3363410007598
6950940,279.33781082923286
6950970,279.3392752411418
6951000,279.340736431192
6951030,279.2883877647525
6951060,279.2885140504936
6951090,279.2885148821299
6951120,279.2885151116164
6951150,279.28851511288593
6951180,279.28851511288593
6951210,279.28851511288593
6951240,279.28851511288593
6951270,279.28851511288593
6951300,279.28851511288593
6951330,279.28851511288593
6951360,279.28851511288593
6951390,279.28851511288593
6951420,279.28851511288593
6951450,279.28851511288593
6951480,279.28851511288593
6951510,279.28851511288593
6951540,279.28851511288593
6951570,279.28851511288593
6951600,279.28851511288593
6951630,284.1278477866289
6951660,282.25755665879825
6951690,280.6898637744558
6951720,279.9950448052701
6951750,279.66508391833133
6951780,279.5089654255632
6951810,279.43544558935025
6951840,279.40133889432724
6951870,279.3865344976718
6951900,279.3820396956793
6951930,279.38265127943714
6951960,279.3846252813561
6951990,279.38655414117926
6952020,279.38826362069557
6952050,279.3898297676
6952080,279.3913219516144
6952110,279.3927782265474
6952140,279.39421726800134
6952170,279.39564776887835
6952200,279.39707379181857
6952230,279.32867029611987
6952260,279.328774078716
6952290,279.328548361108
6952320,279.32854915612256
6952350,279.3285491413722
6952380,279.3285491413722
6952410,279.3285491413722
6952440,279.3285491413722
6952470,279.3285491413722
6952500,279.3285491413722
6952530,279.3285491413722
6952560,279.3285491413722
6952590,279.3285491413722
6952620,279.3285491413722
6952650,279.3285491413722
6952680,279.3285491413722
6952710,279.3285491413722
6952740,279.3285491413722
6952770,279.3285491413722
6952800,279.3285491413722
6952830,284.2012260685633
6952860,282.32506196494717
6952890,280.7470570680051
6952920,280.04844075198525
6952950,279.7172903968229
6952980,279.56087819528625
6953010,279.4873485648316
6953040,279.4533373547914
6953070,279.43873433220074
6953100,279.43464399646047
6953130,279.43612831239295
6953160,279.43862808781495
6953190,279.44076461589043
6953220,279.4425265862952
6953250,279.4440735285437
6953280,279.44551317972474
6953310,279.4469013766877
6953340,279.4482632707762
6953370,279.44961163791476
6953400,279.4509523892485
6953430,279.36682522776925
6953460,279.36691792459374
6953490,279.3669236787368
6953520,279.3669236757923
6953550,279.366923676287
6953580,279.366923676287
6953610,279.366923676287
6953640,279.366923676287
6953670,279.366923676287
6953700,279.366923676287
6953730,279.366923676287
6953760,279.366923676287
6953790,279.366923676287
6953820,279.366923676287
6953850,279.366923676287
6953880,279.366923676287
6953910,279.366923676287
6953940,279.366923676287
6953970,279.366923676287
6954000,279.366923676287
6954030,284.2706552015322
6954060,282.3884364529608
6954090,280.8003958393264
6954120,280.0980509736564
6954150,279.7656564685365
6954180,279.6089145228562
6954210,279.535275486111
6954240,279.50121218355594
6954270,279.4866578737654
6954300,279.4828882358599
6954330,279.4851019807827
6954360,279.48803369707497
6954390,279.4903153716636
6954420,279.49206617911824
6954450,279.4935264558188
6954480,279.49484283674593
6954510,279.4960901239697
6954540,279.49730131889663
6954570,279.498494294451
6954600,279.49967639214833
6954630,279.4017003492341
6954660,279.4016607424981
6954690,279.40164063514794
6954720,279.40164017084567
6954750,279.40164017084567
6954780,279.40164017084567
6954810,279.40164017084567
6954840,279.40164017084567
6954870,279.40164017084567
6954900,279.40164017084567
6954930,279.40164017084567
6954960,279.40164017084567
6954990,279.40164017084567
6955020,279.40164017084567
6955050,279.40164017084567
6955080,279.40164017084567
6955110,279.40164017084567
6955140,279.40164017084567
6955170,279.40164017084567
6955200,279.40164017084567
6955230,284.3322525177154
6955260,282.44402999921397
6955290,280.8468383655649
6955320,280.1408380495809
6955350,279.8069760486883
6955380,279.6494566882694
6955410,279.57523807069657
6955440,279.54059496060535
6955470,279.52551780623304
6955500,279.5218522942449
6955530,279.52363869036964
6955560,279.52557046126367
6955590,279.5266519254228
6955620,279.52710415295934
6955650,279.5271863919727
6955680,279.5270476571926
6955710,279.52676338623604
6955740,279.52636822757813
6955770,279.5258807373253
6955800,279.5253096592773
6955830,279.4192933034381
6955860,279.41932583423846
6955890,279.4192421600063
6955920,279.41924193325684
6955950,279.41924193325684
6955980,279.41924193325684
6956010,279.41924193325684
6956040,279.41924193325684
6956070,279.41924193325684
6956100,279.41924193325684
6956130,279.41924193325684
6956160,279.41924193325684
6956190,279.41924193325684
6956220,279.41924193325684
6956250,279.41924193325684
6956280,279.41924193325684
6956310,279.41924193325684
6956340,279.41924193325684
6956370,279.41924193325684
6956400,279.41924193325684
6956430,284.31769110934334
6956460,282.4182597168267
6956490,280.82016997384
6956520,280.11202545900136
6956550,279.7755890494635
6956580,279.61543459818745
6956610,279.5386239996664
6956640,279.50142715665413
6956670,279.4838464045964
6956700,279.47781382167483
6956730,279.4765214752122
6956760,279.4755059466977
6956790,279.4740020766085
6956820,279.4721356626612
6956850,279.47006997445965
6956880,279.467901658159
6956910,279.4656773444101
6956940,279.4634213509486
6956970,279.4611453256083
6957000,279.45885562404254
6957030,279.3714961876398
6957060,279.3715912155852
6957090,279.3715932471905
6957120,279.37159379537303
6957150,279.37159379537303
6957180,279.37159379537303
6957210,279.37159379537303
6957240,279.37159379537303
6957270,279.37159379537303
6957300,279.37159379537303
6957330,279.37159379537303
6957360,279.37159379537303
6957390,279.37159379537303
6957420,279.37159379537303
6957450,279.37159379537303
6957480,279.37159379537303
6957510,279.37159379537303
6957540,279.37159379537303
6957570,279.37159379537303
6957600,279.37159379537303
6957630,284.2094161692991
6957660,282.31487093869174
6957690,280.73200219507584
6957720,280.029204518001
6957750,279.69430822264445
6957780,279.5344071001689
6957810,279.4575585246408
6957840,279.4202524493128
6957870,279.40238134848806
6957900,279.3957051947464
6957930,279.3935303621948
6957960,279.3921171007534
6957990,279.3906834037391
6958020,279.38918367667725
6958050,279.38766591360877
6958080,279.3861660607244
6958110,279.3847037374073
6958140,279.3832890038915
6958170,279.38192770396046
6958200,279.38062340298154
6958230,279.316261389813
6958260,279.3163582313538
6958290,279.31563839396483
6958320,279.31561476981653
6958350,279.31561476981653
6958380,279.31561476981653
6958410,279.31561476981653
6958440,279.31561476981653
6958470,279.31561476981653
6958500,279.31561476981653
6958530,279.31561476981653
6958560,279.31561476981653
6958590,279.31561476981653
6958620,279.31561476981653
6958650,279.31561476981653
6958680,279.31561476981653
6958710,279.31561476981653
6958740,279.31561476981653
6958770,279.31561476981653
6958800,279.31561476981653
6958830,284.14087743753055
6958860,282.26127205726317
6958890,280.6906132901597
6958920,279.99394538831973
6958950,279.6627145536245
6958980,279.5056202264603
6959010,279.4312862217298
6959040,279.3963266016778
6959070,279.38046572822464
6959100,279.37509859490774
6959130,279.37546811789497
6959160,279.3770110802121
6959190,279.3784384450888
6959220,279.3796765471111
6959250,279.3808174634791
6959280,279.3819288728209
6959310,279.3830460138609
6959340,279.38418514749054
6959370,279.38535342618115
6959400,279.3865536795883
6959430,279.32107645662063
6959460,279.3211847788648
6959490,279.3211817760479
6959520,279.3211817671747
6959550,279.3211817671747
6959580,279.3211817671747
6959610,279.3211817671747
6959640,279.3211817671747
6959670,279.3211817671747
6959700,279.3211817671747
6959730,279.3211817671747
6959760,279.3211817671747
6959790,279.3211817671747
6959820,279.3211817671747
6959850,279.3211817671747
6959880,279.3211817671747
6959910,279.3211817671747
6959940,279.3211817671747
6959970,279.3211817671747
6960000,279.3211817671747
6960030,284.18941864866554
6960060,282.3151212610953
6960090,280.7391688314534
6960120,280.0415307822867
6960150,279.7109400640968
6960180,279.5549569415827
6960210,279.48182880107584
6960240,279.4480415983235
6960270,279.4332710654595
6960300,279.42833980107997
6960330,279.4300590126176
6960360,279.43380990305565
6960390,279.43705599434304
6960420,279.4396538843763
6960450,279.441867138929
6960480,279.44388822901675
6960510,279.4458187095568
6960540,279.44770734931853
6960570,279.4495758016593
6960600,279.45143415806143
6960630,279.36754566757963
6960660,279.36763966604303
6960690,279.36763956957503
6960720,279.36763956946197
6960750,279.36763956946197
6960780,279.36763956946197
6960810,279.36763956946197
6960840,279.36763956946197
6960870,279.36763956946197
6960900,279.36763956946197
6960930,279.36763956946197
6960960,279.36763956946197
6960990,279.36763956946197
6961020,279.36763956946197
6961050,279.36763956946197
6961080,279.36763956946197
6961110,279.36763956946197
6961140,279.36763956946197
6961170,279.36763956946197
6961200,279.36763956946197
6961230,284.280767786951
6961260,282.39968409561686
6961290,280.8105597792182
6961320,280.1079707427428
6961350,279.77571144224953
6961380,279.6191656412194
6961410,279.54581729143115
6961440,279.5118021485707
6961470,279.4967925737035
6961500,279.49165270926824
6961530,279.4936293013833
6961560,279.4978965442025
6961590,279.50128184833113
6961620,279.50365595582343
6961650,279.50542239879803
6961680,279.50687054431575
6961710,279.50814831742383
6961740,279.50932840937617
6961770,279.5104436519051
6961800,279.5115088946045
6961830,279.40988685699364
6961860,279.4100077312184
6961890,279.41001248900363
6961920,279.41001247937027
6961950,279.4100124793742
6961980,279.4100124793742
6962010,279.4100124793742
6962040,279.4100124793742
6962070,279.4100124793742
6962100,279.4100124793742
6962130,279.4100124793742
6962160,279.4100124793742
6962190,279.4100124793742
6962220,279.4100124793742
6962250,279.4100124793742
6962280,279.4100124793742
6962310,279.4100124793742
6962340,279.4100124793742
6962370,279.4100124793742
6962400,279.4100124793742
6962430,284.3374187235111
6962460,282.44534207759506
6962490,280.8462660940081
6962520,280.13908161974365
6962550,279.8043449389516
6962580,279.6461151283181
6962610,279.57133013628084
6962640,279.535986108074
6962670,279.5196677194218
6962700,279.51327889460737
6962730,279.514085258609
6962760,279.5173857111872
6962790,279.51973990036186
6962820,279.5209907745197
6962850,279.52159432439805
6962880,279.5218762301744
6962910,279.522007367259
6962940,279.52206649777406
6962970,279.52209354801863
6963000,279.52210597496884
6963030,279.417007216401
6963060,279.4170720478323
6963090,279.4170673153091
6963120,279.41706703580877
6963150,279.41706703573476
6963180,279.41706703573476
6963210,279.41706703573476
6963240,279.41706703573476
6963270,279.41706703573476
6963300,279.41706703573476
6963330,279.41706703573476
6963360,279.41706703573476
6963390,279.41706703573476
6963420,279.41706703573476
6963450,279.41706703573476
6963480,279.41706703573476
6963510,279.41706703573476
6963540,279.41706703573476
6963570,279.41706703573476
6963600,279.41706703573476
6963630,284.3407676568555
6963660,282.44647179609694
6963690,280.84685215466493
6963720,280.13937850758606
6963750,279.80451146241455
6963780,279.6462066670846
6963810,279.57138911187616
6963840,279.5360310187764
6963870,279.519733047804
6963900,279.5136136573543
6963930,279.514654141645
6963960,279.51780152835124
6963990,279.51997613409833
6964020,279.52112100283574
6964050,279.5216727348649
6964080,279.5219298226813
6964110,279.52204758513597
6964140,279.5221016202062
6964170,279.5221264129929
6964200,279.5221378245651
6964230,279.41723212675225
6964260,279.41731741537626
6964290,279.41733726420057
6964320,279.4173362582595
6964350,279.41733631263867
6964380,279.41733631263867
6964410,279.41733631263867
6964440,279.41733631263867
6964470,279.41733631263867
6964500,279.41733631263867
6964530,279.41733631263867
6964560,279.41733631263867
6964590,279.41733631263867
6964620,279.41733631263867
6964650,279.41733631263867
6964680,279.41733631263867
6964710,279.41733631263867
6964740,279.41733631263867
6964770,279.41733631263867
6964800,279.41733631263867
6964830,284.3405852496616
6964860,282.44632324327637
6964890,280.84681535099463
6964920,280.13937078218277
6964950,279.8045213308315
6964980,279.64623264335006
6965010,279.57139529085686
6965040,279.5360434376649
6965070,279.5197910130703
6965100,279.51393714881726
6965130,279.5151111885017
6965160,279.51811636536553
6965190,279.52014995651825
6965220,279.5212139427701
6965250,279.5217251826207
6965280,279.5219632072888
6965310,279.5220723030232
6965340,279.5221223515772
6965370,279.52214521243997
6965400,279.5221557098784
6965430,279.41704800951635
6965460,279.4170859182044
6965490,279.41708615006036
6965520,279.4170861496224
6965550,279.417086149622
6965580,279.417086149622
6965610,279.417086149622
6965640,279.417086149622
6965670,279.417086149622
6965700,279.417086149622
6965730,279.417086149622
6965760,279.417086149622
6965790,279.417086149622
6965820,279.417086149622
6965850,279.417086149622
6965880,279.417086149622
6965910,279.417086149622
6965940,279.417086149622
6965970,279.417086149622
6966000,279.417086149622
6966030,284.3405008884808
6966060,282.44632585007525
6966090,280.84679194845603
6966120,280.13935977663107
6966150,279.8045171962977
6966180,279.6462363009878
6966210,279.57143455981503
6966240,279.53606637517953
6966270,279.51987715689876
6966300,279.51422007062473
6966330,279.5154673453857
6966360,279.51835216502553
6966390,279.52027707499434
6966420,279.5212792600003
6966450,279.52175998669867
6966480,279.52198336044745
6966510,279.5220856032973
6966540,279.52213230728046
6966570,279.522153624834
6966600,279.52216335608165
6966630,279.41725754671654
6966660,279.4172879330242
6966690,279.41719624310497
6966720,279.41719247003476
6966750,279.4171924642498
6966780,279.4171924642498
6966810,279.4171924642498
6966840,279.4171924642498
6966870,279.4171924642498
6966900,279.4171924642498
6966930,279.4171924642498
6966960,279.4171924642498
6966990,279.4171924642498
6967020,279.4171924642498
6967050,279.4171924642498
6967080,279.4171924642498
6967110,279.4171924642498
6967140,279.4171924642498
6967170,279.4171924642498
6967200,279.4171924642498
6967230,284.34048469900637
6967260,282.44631624395714
6967290,280.8467867148315
6967320,280.1393586767914
6967350,279.8045173049386
6967380,279.6462313782036
6967410,279.5714105647416
6967440,279.53605513604316
6967470,279.519970341868
6967500,279.5144948589354
6967530,279.51579083195696
6967560,279.5185607985633
6967590,279.5203849018188
6967620,279.5213311063225
6967650,279.5217835450639
6967680,279.52199373574126
6967710,279.5220902655657
6967740,279.52213439612905
6967770,279.52215451684214
6967800,279.5221636590188
6967830,279.4170576163484
6967860,279.4171275544185
6967890,279.4171276957037
6967920,279.4171276931189
6967950,279.4171276931195
6967980,279.4171276931195
6968010,279.4171276931195
6968040,279.4171276931195
6968070,279.4171276931195
6968100,279.4171276931195
6968130,279.4171276931195
6968160,279.4171276931195
6968190,279.4171276931195
6968220,279.4171276931195
6968250,279.4171276931195
6968280,279.4171276931195
6968310,279.4171276931195
6968340,279.4171276931195
6968370,279.4171276931195
6968400,279.4171276931195
6968430,284.34050194011417
6968460,282.446324731807
6968490,280.84678889848635
6968520,280.1393597081103
6968550,279.80451566605916
6968580,279.6462218724305
6968610,279.5714067542657
6968640,279.53605019915386
6968670,279.5200751232846
6968700,279.5147484815034
6968730,279.51607733341893
6968760,279.5187411086152
6968790,279.52047659088527
6968820,279.52137346070003
6968850,279.52180213862124
6968880,279.52200110097294
6968910,279.5220924555434
6968940,279.5221342096951
6968970,279.522153285987
6969000,279.52216191604873
6969030,279.4171480465795
6969060,279.41721486279
6969090,279.41721478459937
6969120,279.41721477901865
6969150,279.4172147791389
6969180,279.4172147791389
6969210,279.4172147791389
6969240,279.4172147791389
6969270,279.4172147791389
6969300,279.4172147791389
6969330,279.4172147791389
6969360,279.4172147791389
6969390,279.4172147791389
6969420,279.4172147791389
6969450,279.4172147791389
6969480,279.4172147791389
6969510,279.4172147791389
6969540,279.4172147791389
6969570,279.4172147791389
6969600,279.4172147791389
6969630,284.34052225013613
6969660,282.44626868813003
6969690,280.84674916014967
6969720,280.13925154247323
6969750,279.8043164175693
6969780,279.64590918412335
6969810,279.5709353997402
6969840,279.53539773289765
6969870,279.5193138756195
6969900,279.5138504811752
6969930,279.51488913104
6969960,279.517110950002
6969990,279.51839827634757
6970020,279.5188568915873
6970050,279.5188428247119
6970080,279.518581130426
6970110,279.5181875625996
6970140,279.5177176133157
6970170,279.5171966399999
6970200,279.5166369420105
6970230,279.41303526789727
6970260,279.4130930590767
6970290,279.41317259669586
6970320,279.4131758047169
6970350,279.4131758137677
6970380,279.4131758137677
6970410,279.4131758137677
6970440,279.4131758137677
6970470,279.4131758137677
6970500,279.4131758137677
6970530,279.4131758137677
6970560,279.4131758137677
6970590,279.4131758137677
6970620,279.4131758137677
6970650,279.4131758137677
6970680,279.4131758137677
6970710,279.4131758137677
6970740,279.4131758137677
6970770,279.4131758137677
6970800,279.4131758137677
6970830,284.3154118920839
6970860,282.418630859654
6970890,280.8216582181342
6970920,280.1143431859017
6970950,279.7786997155872
6970980,279.61930422539297
6971010,279.5432356712567
6971040,279.5066540556017
6971070,279.4896205879912
6971100,279.48309215113653
6971130,279.4827032014698
6971160,279.4833694830483
6971190,279.48331272895246
6971220,279.48261516291046
6971250,279.48155357042157
6971280,279.4803052476205
6971310,279.47896084634175
6971340,279.4775632561733
6971370,279.4761330427038
6971400,279.4746794281074
6971430,279.38325019184697
6971460,279.3833270113982
6971490,279.38259202587614
6971520,279.38262012913526
6971550,279.38260143741053
6971580,279.38260143741053
6971610,279.38260143741053
6971640,279.38260143741053
6971670,279.38260143741053
6971700,279.38260143741053
6971730,279.38260143741053
6971760,279.38260143741053
6971790,279.38260143741053
6971820,279.38260143741053
6971850,279.38260143741053
6971880,279.38260143741053
6971910,279.38260143741053
6971940,279.38260143741053
6971970,279.38260143741053
6972000,279.38260143741053
6972030,284.2439525523987
6972060,282.3495612249715
6972090,280.76212987491886
6972120,280.0579395489003
6972150,279.7228077376629
6972180,279.56308003885636
6972210,279.48642567072795
6972240,279.44922925893337
6972270,279.43160121465354
6972300,279.4243188607111
6972330,279.42258745134524
6972360,279.42185556586077
6972390,279.42077859734337
6972420,279.4193511109438
6972450,279.41772348111994
6972480,279.4159954945784
6972510,279.4142187486799
6972540,279.41241804448225
6972570,279.4106050878205
6972600,279.4087854377642
6972630,279.3362707054855
6972660,279.3363312954344
6972690,279.336315849563
6972720,279.3363110432543
6972750,279.3363108279616
6972780,279.3363108279616
6972810,279.3363108279616
6972840,279.3363108279616
6972870,279.3363108279616
6972900,279.3363108279616
6972930,279.3363108279616
6972960,279.3363108279616
6972990,279.3363108279616
6973020,279.3363108279616
6973050,279.3363108279616
6973080,279.3363108279616
6973110,279.3363108279616
6973140,279.3363108279616
6973170,279.3363108279616
6973200,279.3363108279616
6973230,285.1304021580507
6973260,283.77951312838195
6973290,282.1477592977775
6973320,281.1293696028493
6973350,280.460534625642
6973380,280.0183623834195
6973410,279.72558221860606
6973440,279.53168479688225
6973470,279.4032723805238
6973500,279.3182287175513
6973530,279.26190654154647
6973560,279.22461248220117
6973590,279.1999147169409
6973620,279.18355807133463
6973650,279.1727229932188
6973680,279.1655333058036
6973710,279.1607791053941
6973740,279.1576257749612
6973770,279.1555413465417
6973800,279.15416346093645
6973830,279.1533330910668
6973860,279.1528197388088
6973890,279.15246472641235
6973920,279.15222068817457
6973950,279.1520522076875
6973980,279.15193704374076
6974010,279.1518570052786
6974040,279.151802089311
6974070,279.15176479868694
6974100,279.1517401716373
6974130,279.15172337788437
6974160,279.1517104134696
6974190,279.1517014354539
6974220,279.15169577800225
6974250,279.1516935627353
6974280,279.1516921918922
6974310,279.1516892338851
6974340,279.1516871218705
6974370,279.1516857936024
6974400,279.1516848321153
6974430,279.1516841752836
6974460,279.1516825800755
6974490,279.1516804444431
6974520,279.15167980077166
6974550,279.1516803523018
6974580,279.1516811246064
6974610,279.15168146114246
6974640,279.15168174229655
6974670,279.1516818741215
6974700,279.1516823510197
6974730,279.1516826778892
6974760,279.1516822033883
6974790,279.1516813016696
6974820,279.1516802119154
6974850,279.1516801798792
6974880,279.1516805402861
6974910,279.15168190466136
6974940,279.15168559378606
6974970,279.15168425995097
6975000,279.15168217518976
6975030,279.15168011044324
6975060,279.1516781135023
6975090,279.15167731144476
6975120,279.1516780436729
6975150,279.1516787361128
6975180,279.15167936051694
6975210,279.15168000088676
6975240,279.1516805544952
6975270,279.15168095141695
6975300,279.1516812282971
6975330,279.15168143959613
6975360,279.15168161334196
6975390,279.15168176007535
6975420,279.15168188636164
6975450,279.1516819983042
6975480,279.15168210074035
6975510,279.1516821969349
6975540,279.1516822890011
6975570,279.15168237836065
6975600,279.15168246598586
6975630,279.1516821385835
6975660,279.15168054911885
6975690,279.1516788671537
6975720,279.1516804126581
6975750,279.1516815274602
6975780,279.1516819554137
6975810,279.1516824780779
6975840,279.15168247267184
6975870,279.15168177213155
6975900,279.15168197599075
6975930,279.15168294577893
6975960,279.1516829659617
6975990,279.1516823240894
6976020,279.15168316131906
6976050,279.1516843566511
6976080,279.15168356849586
6976110,279.15168235125043
6976140,279.1516814557009
6976170,279.15168087036534
6976200,279.151680479485
6976230,279.1516788236599
6976260,279.15167452728997
6976290,279.1516777248143
6976320,279.1516836566637
6976350,279.1516878782063
6976380,279.1516941830484
6976410,279.1516985044772
6976440,279.1516984998361
6976470,279.1516951236345
6976500,279.15169077818194
6976530,279.1516871142547
6976560,279.15168455674313
6976590,279.151682888606
6976620,279.1516817980377
6976650,279.1516810698494
6976680,279.1516805783928
6976710,279.15168024652496
6976740,279.15168002233924
6976770,279.15168057049175
6976800,279.1516817643818
6976830,279.15168255151565
6976860,279.15168007256335
6976890,279.1516784821357
6976920,279.1516787360792
6976950,279.15167936971164
6976980,279.15167979637687
6977010,279.15167992595605
6977040,279.151679765053
6977070,279.1516793403542
6977100,279.1516787133504
6977130,279.1516779616044
6977160,279.1516771510367
6977190,279.15167632624866
6977220,279.151675514787
6977250,279.15167473382104
6977280,279.1516739944806
6977310,279.1516733040163
6977340,279.15167266695
6977370,279.15167208597904
6977400,279.15167156272554
6977430,279.15167028781576
6977460,279.15166601135104
6977490,279.15166791705803
6977520,279.15167208923464
6977550,279.151674214608
6977580,279.1516747830556
6977610,279.1516742763974
6977640,279.15167322540003
6977670,279.15167214794786
6977700,279.151671344599
6977730,279.1516708740484
6977760,279.15167067470594
6977790,279.1516706717039
6977820,279.1516708143833
6977850,279.15167107354836
6977880,279.1516714314507
6977910,279.151671876321
6977940,279.1516724001829
6977970,279.15167299759173
6978000,279.15167366494336
6978030,279.15167454508355
6978060,279.1516744977454
6978090,279.1516727620312
6978120,279.1516733984758
6978150,279.1516754032546
6978180,279.151677108152
6978210,279.15167780532914
6978240,279.151677410455
6978270,279.1516772223889
6978300,279.15167793066377
6978330,279.15167891327314
6978360,279.1516796459584
6978390,279.15168027891735
6978420,279.15168163063294
6978450,279.1516841249102
6978480,279.15168739904016
6978510,279.15169079151406
6978540,279.15169389012834
6978570,279.15169662729625
6978600,279.15169910251126
6978630,279.1516995178989
6978660,279.1516942023451
6978690,279.151688699684
6978720,279.1516867471346
6978750,279.15168573865753
6978780,279.1516862525092
6978810,279.15169010792096
6978840,279.1516969958568
6978870,279.15170483989124
6978900,279.151711883978
6978930,279.15171757419597
6978960,279.1517221348287
6978990,279.1517259543038
6979020,279.1517293159774
6979050,279.1517323852209
6979080,279.1517352597348
6979110,279.1517380028391
6979140,279.15174065698096
6979170,279.1517432498343
6979200,279.1517449888624
6979230,279.15173653552773
6979260,279.15172061046394
6979290,279.15170757270386
6979320,279.15169875683034
6979350,279.1516925173013
6979380,279.1516884315898
6979410,279.1516855163592
6979440,279.15168347445956
6979470,279.15168219011974
6979500,279.15168137443106
6979530,279.1516807387531
6979560,279.15168023196037
6979590,279.1516798878344
6979620,279.15167966778506
6979650,279.1516795199475
6979680,279.15167942175054
6979710,279.151679350087
6979740,279.1516792898343
6979770,279.15167924922633
6979800,279.15167923175756
6979830,279.1516817325789
6979860,279.1516929561947
6979890,279.15170281304745
6979920,279.151703058694
6979950,279.151697108621
6979980,279.1516941906887
6980010,279.15169271976885
6980040,279.1516935666345
6980070,279.151692858535
6980100,279.1516917420478
6980130,279.1516914646509
6980160,279.15169049233424
6980190,279.1516892485967
6980220,279.1516879233691
6980250,279.1516865576084
6980280,279.1516851638547
6980310,279.15168377557336
6980340,279.15168253590576
6980370,279.15168157369203
6980400,279.15168090660137
6980430,279.1524143155977
6980460,279.1532382928883
6980490,279.1540205371969
6980520,279.15494374157373
6980550,279.1559006551047
6980580,279.1568476663749
6980610,279.1577945775365
6980640,279.15874153245665
6980670,279.15968851732515
6980700,279.1606356238062
6980730,279.16158270684804
6980760,279.1625296730591
6980790,279.1634766694352
6980820,279.1644236684323
6980850,279.16537066254057
6980880,279.1663176734075
6980910,279.1672646947059
6980940,279.1682117246432
6980970,279.1691587685269
6981000,279.17010580864354
6981030,279.17105321100826
6981060,279.1720014853591
6981090,279.1729467957609
6981120,279.17388910584924
6981150,279.1748326099729
6981180,279.17577650225866
6981210,279.17672000198667
6981240,279.1776645602569
6981270,279.178609080637
6981300,279.1795519814201
6981330,279.1804947245835
6981360,279.181435855754
6981390,279.1823744531043
6981420,279.18331447648427
6981450,279.1842577229195
6981480,279.1852025708653
6981510,279.186147800826
6981540,279.1870929190888
6981570,279.1880380516612
6981600,279.1889830845235
6981630,279.1899291145112
6981660,279.1908802316925
6981690,279.1918291870614
6981720,279.1927729944276
6981750,279.1937144666936
6981780,279.1946562944895
6981810,279.1956007951058
6981840,279.196546656944
6981870,279.19749196121234
6981900,279.19843727538637
6981930,279.1993831906084
6981960,279.20032975687906
6981990,279.2012770255971
6982020,279.20222445922565
6982050,279.2031716887775
6982080,279.2041186953298
6982110,279.2050655965886
6982140,279.20601247046574
6982170,279.2069593352015
6982200,279.20790618637636
6982230,279.2088526076771
6982260,279.2097970823262
6982290,279.21074084668066
6982320,279.21168481163824
6982350,279.2126300195013
6982380,279.21357746721236
6982410,279.21451756835154
6982440,279.21544052197083
6982470,279.21634672543144
6982500,279.21724366798594
6982530,279.21813801527236
6982560,279.2190325494244
6982590,279.2199275386092
6982620,279.22082267655816
6982650,279.22171785918124
6982680,279.22261315163763
6982710,279.2235086238043
6982740,279.2244042981369
6982770,279.22530016769076
6982800,279.2261962180596
6982830,279.22709998274667
6982860,279.22801519057595
6982890,279.228943799916
6982920,279.2298850127152
6982950,279.230825800281
6982980,279.23176664292345
6983010,279.2327099412669
6983040,279.233655450099
6983070,279.2346019594323
6983100,279.23554127943447
6983130,279.23646969906923
6983160,279.23739577360794
6983190,279.2383298356415
6983220,279.2392766883775
6983250,279.2402294542714
6983280,279.24117907104596
6983310,279.2421233837166
6983340,279.24306709627473
6983370,279.244013706368
6983400,279.2449616773456
6983430,279.2459074591015
6983460,279.24685301714396
6983490,279.247793226114
6983520,279.2487342143303
6983550,279.2496783254249
6983580,279.2506219720831
6983610,279.25156616907776
6983640,279.25251149799254
6983670,279.2534575749761
6983700,279.25440387646637
6983730,279.2553501590181
6983760,279.2562963875939
6983790,279.257242581982
6983820,279.2581887541754
6983850,279.2591349058274
6983880,279.2600810359895
6983910,279.2610271439957
6983940,279.26197322956716
6983970,279.2629192925185
6984000,279.2638653325922
6984030,279.2648113491821
6984060,279.26575732474475
6984090,279.26670254391234
6984120,279.2676479237318
6984150,279.26859388746027
6984180,279.2695346119756
6984210,279.2704638873719
6984240,279.27138190568184
6984270,279.27229312504954
6984300,279.2732013174586
6984330,279.27410795693265
6984360,279.27501319622957
6984390,279.2759169251906
6984420,279.2768191196483
6984450,279.27771970976886
6984480,279.278618450873
6984510,279.27951513850365
6984540,279.28040981215594
6984570,279.2813026729867
6984600,279.28219390668295
6984630,279.2830962845296
6984660,279.28402680085657
6984690,279.2849704945127
6984720,279.28591033551595
6984750,279.2868319796247
6984780,279.28773244487655
6984810,279.28861864465347
6984840,279.2894988605061
6984870,279.2903775583682
6984900,279.2912558129408
6984930,279.2921334716222
6984960,279.2930103669545
6984990,279.29388651843584
6985020,279.29476202473705
6985050,279.29563699193767
6985080,279.2965115226089
6985110,279.2973857205019
6985140,279.2982596928817
6985170,279.29913355107095
6985200,279.3000074102551
6985230,279.3008969076708
6985260,279.301823482118
6985290,279.3027661085886
6985320,279.30371319332
6985350,279.3046583937279
6985380,279.30560325025255
6985410,279.30654823131056
6985440,279.3074932991621
6985470,279.3084383677178
6985500,279.30938340702806
6985530,279.3103284152044
6985560,279.31127339403486
6985590,279.31221834398053
6985620,279.313163265104
6985650,279.314108157451
6985680,279.3150530208799
6985710,279.31599785519535
6985740,279.31693612543705
6985770,279.317861305472
6985800,279.3187751806433
6985830,279.3196891450466
6985860,279.3206223319903
6985890,279.32156423969946
6985920,279.32250680909283
6985950,279.32344978593466
6985980,279.32439141094295
6986010,279.3253326088575
6986040,279.32627481073024
6986070,279.3272168224893
6986100,279.3281582796307
6986130,279.3291004185471
6986160,279.3300449173275
6986190,279.33099281428576
6986220,279.3319444121099
6986250,279.3328992696686
6986280,279.3338564245746
6986310,279.33481525793775
6986340,279.3357759289901
6986370,279.3367389648128
6986400,279.3377047392645
6986430,279.33866677783243
6986460,279.33961758440074
6986490,279.3405629752884
6986520,279.3415067050943
6986550,279.3424503900646
6986580,279.3434004859408
6986610,279.3443636901411
6986640,279.345340169588
6986670,279.34632527361606
6986700,279.3473145264509
6986730,279.34830571274614
6986760,279.34929822375796
6986790,279.35029197610703
6986820,279.3512869049662
6986850,279.3522828837436
6986880,279.3532797583802
6986910,279.3542773713281
6986940,279.3552755678292
6986970,279.3562741968782
6987000,279.35727311127886
6987030,279.3582596737414
6987060,279.35921331931326
6987090,279.3601564390684
6987120,279.361100145449
6987150,279.36205039315024
6987180,279.36300642821897
6987210,279.36395498818666
6987240,279.36490112144475
6987270,279.3658463603607
6987300,279.36679070751364
6987330,279.3677343573743
6987360,279.36867773651824
6987390,279.3696211096932
6987420,279.3705645364097
6987450,279.371508001721
6987480,279.37245149478383
6987510,279.3733950191705
6987540,279.37433858428784
6987570,279.37528220098693
6987600,279.3762258816649
6987630,279.37716943015806
6987660,279.37811260269103
6987690,279.37905557614016
6987720,279.37999852158725
6987750,279.38094136976986
6987780,279.3818837814327
6987810,279.3828257736171
6987840,279.383767659511
6987870,279.3847095332323
6987900,279.3856513656164
6987930,279.38659312882146
6987960,279.3875346367602
6987990,279.38847588788474
6988020,279.3894170065363
6988050,279.3903580967771
6988080,279.3912990778212
6988110,279.39223990212076
6988140,279.3931804745761
6988170,279.39412082302965
6988200,279.39506108459864
6988230,279.39600130948884
6988260,279.39694525310074
6988290,279.39790543594216
6988320,279.3988360712441
6988350,279.3997695488367
6988380,279.400707709732
6988410,279.4016468274849
6988440,279.4025859281679
6988470,279.4035247705324
6988500,279.4044633967938
6988530,279.4054018768814
6988560,279.40634026753656
6988590,279.4072786259728
6988620,279.40821701351433
6988650,279.4091554363165
6988680,279.41009391032736
6988710,279.41103262262465
6988740,279.41197169002254
6988770,279.4129113543062
6988800,279.41385178735715
6988830,279.4147933639946
6988860,279.4157358894114
6988890,279.41667960302703
6988920,279.41762451607286
6988950,279.4185706593874
6988980,279.4195181238553
6989010,279.4204669796387
6989040,279.42141716073974
6989070,279.42236846570495
6989100,279.42332062982956
6989130,279.424273374405
6989160,279.42522643150573
6989190,279.42617965611703
6989220,279.4271329997817
6989250,279.4280864115351
6989280,279.42903981177216
6989310,279.4299931194668
6989340,279.4309462719278
6989370,279.4318992255871
6989400,279.43285195070627
6989430,279.4338040980311
6989460,279.4347555657827
6989490,279.4357074719782
6989520,279.4366606858575
6989550,279.4376146969143
6989580,279.43856818795336
6989610,279.43952046566915
6989640,279.4404718255552
6989670,279.4414226937325
6989700,279.4423733174884
6989730,279.4433237069481
6989760,279.4442738605331
6989790,279.4452237597175
6989820,279.4461734262044
6989850,279.44712307869224
6989880,279.4480727014715
6989910,279.44902208620334
6989940,279.4499712283466
6989970,279.450920386692
6990000,279.45186985891263
6990030,279.4528193222839
6990060,279.4537679645633
6990090,279.45471604288815
6990120,279.4556640219857
6990150,279.4566121369434
6990180,279.45756041113975
6990210,279.458508806702
6990240,279.4594573104676
6990270,279.46040592870804
6990300,279.461354654748
6990330,279.4623034608522
6990360,279.46325231120585
6990390,279.4642011736934
6990420,279.46515002266153
6990450,279.46609883705486
6990480,279.4670475985524
6990510,279.4679962909011
6990540,279.4689448997964
6990570,279.46989341273775
6990600,279.4708418227089
6990630,279.471789572937
6990660,279.47273718948213
6990690,279.4736934304403
6990720,279.4746454934639
6990750,279.475595319293
6990780,279.4765473426293
6990810,279.47749828772425
6990840,279.47844643602684
6990870,279.4793925471793
6990900,279.4803379180001
6990930,279.48128320213976
6990960,279.48222850585785
6990990,279.48317980130975
6991020,279.48413726358353
6991050,279.4850939347876
6991080,279.4860424521311
6991110,279.48697738347914
6991140,279.48789471321146
6991170,279.48879165319767
6991200,279.48966646242354
6991230,279.49053834234405
6991260,279.4914738590042
6991290,279.49242776013017
6991320,279.4933733773659
6991350,279.4943179677863
6991380,279.4952627396069
6991410,279.4962076035658
6991440,279.49715247825185
6991470,279.4980973680542
6991500,279.4990422832566
6991530,279.4999872224691
6991560,279.50093218199027
6991590,279.5018771596067
6991620,279.5028221535915
6991650,279.50376716204465
6991680,279.5047121828583
6991710,279.5056572136441
6991740,279.506602251772
6991770,279.5075472945204
6991800,279.5084923391548
6991830,279.5094374203671
6991860,279.51038256789127
6991890,279.5113277720457
6991920,279.5122730073787
6991950,279.51321824267626
6991980,279.51416346434826
6992010,279.5151086753777
6992040,279.5160538814775
6992070,279.51699908335667
6992100,279.51794427762945
6992130,279.5188894597513
6992160,279.5198346254008
6992190,279.52077977042904
6992220,279.5217248906506
6992250,279.52266998169864
6992280,279.52361503899334
6992310,279.5245600578708
6992340,279.525505033555
6992370,279.52644996114947
6992400,279.52739483576204
6992430,279.52834049540365
6992460,279.5292863606067
6992490,279.5302318860115
6992520,279.5311761864224
6992550,279.53211887274426
6992580,279.53305866913183
6992610,279.5339992312824
6992640,279.53494553972683
6992670,279.53589387471243
6992700,279.5368411589264
6992730,279.5377869448058
6992760,279.538732014182
6992790,279.53967694920186
6992820,279.5406218981046
6992850,279.54156683288403
6992880,279.5425117187268
6992910,279.5434565423958
6992940,279.5444012992
6992970,279.54534598523077
6993000,279.5462905963246
6993030,279.54723534455763
6993060,279.5481803391539
6993090,279.54912545191996
6993120,279.5500714219892
6993150,279.55101323893723
6993180,279.5519537773606
6993210,279.552896295243
6993240,279.5538406570569
6993270,279.55478569077565
6993300,279.5557307360191
6993330,279.55667566488256
6993360,279.55762051225173
6993390,279.5585653024022
6993420,279.55951003600677
6993450,279.5604547078629
6993480,279.5613993136354
6993510,279.5623438499072
6993540,279.5632883134302
6993570,279.56423270099833
6993600,279.56517700955703
6993630,279.56612142936143
6993660,279.56706607007425
6993690,279.56801080871537
6993720,279.5689556228421
6993750,279.5698981092352
6993780,279.57083814909174
6993810,279.57177844482646
6993840,279.5727207708087
6993870,279.5736647698936
6993900,279.57460939358396
6993930,279.5755540310019
6993960,279.5764985496633
6993990,279.57744298307455
6994020,279.57838736118646
6994050,279.57933168896244
6994080,279.5802759630746
6994110,279.5812201805148
6994140,279.58216433920956
6994170,279.5831084373433
6994200,279.5840524731406
6994230,279.5849965757052
6994260,279.58594081443795
6994290,279.5868851053259
6994320,279.5878297563848
6994350,279.5887742999948
6994380,279.58971864482464
6994410,279.5906628898944
6994440,279.5916070776077
6994470,279.59255123237347
6994500,279.5934953542547
6994530,279.59443944912346
6994560,279.5953835132566
6994590,279.5963275494315
6994620,279.59727155481056
6994650,279.59821552123395
6994680,279.5991594588755
6994710,279.6001033688926
6994740,279.6010472471684
6994770,279.6019910904605
6994800,279.6029348979789
6994830,279.6038786797337
6994860,279.6048224371438
6994890,279.6057661743773
6994920,279.6067099148468
6994950,279.6076548986107
6994980,279.608600386302
6995010,279.60954559793294
6995040,279.6104904378435
6995070,279.61143468250737
6995100,279.61237844075345
6995130,279.61332198680515
6995160,279.614265493823
6995190,279.6152090031462
6995220,279.6161525049567
6995250,279.61709598932475
6995280,279.6180394543294
6995310,279.61898290110565
6995340,279.6199263308237
6995370,279.6208697443607
6995400,279.6218131424149
6995430,279.6227565165474
6995460,279.6236998675329
6995490,279.6246431964681
6995520,279.6255865093138
6995550,279.6265298090539
6995580,279.62747309431114
6995610,279.6284163637341
6995640,279.62935961793903
6995670,279.6303028584912
6995700,279.63124608676793
6995730,279.6321893037527
6995760,279.6331325103091
6995790,279.6340757072633
6995820,279.6350188955127
6995850,279.63596207600773
6995880,279.63690524969934
6995910,279.63784841761105
6995940,279.63879158083927
6995970,279.6397347405288
6996000,279.640677897797
6996030,279.64162101423545
6996060,279.6425638593195
6996090,279.6435066748323
6996120,279.64444959351636
6996150,279.6453926910494
6996180,279.6463357152387
6996210,279.6472786075267
6996240,279.6482238790791
6996270,279.64917461225946
6996300,279.65011893139655
6996330,279.6510670332885
6996360,279.6520300171761
6996390,279.6530014581226
6996420,279.6539666478595
6996450,279.65492861794036
6996480,279.65590136799653
6996510,279.65688940649443
6996540,279.6578866115989
6996570,279.6588864607677
6996600,279.65988659431974
6996630,279.6608728260507
6996660,279.66181913255645
6996690,279.662759227966
6996720,279.66370109762534
6996750,279.66464281871197
6996780,279.6655870477038
6996810,279.6665291104832
6996840,279.66746768083334
6996870,279.6684079043822
6996900,279.6693526072603
6996930,279.67029916898855
6996960,279.67124332560815
6996990,279.67218642557293
6997020,279.6731288578421
6997050,279.6740712684908
6997080,279.6750141664535
6997110,279.6759570352711
6997140,279.67689984019154
6997170,279.67784261472724
6997200,279.6787853816749
6997230,279.6797281299231
6997260,279.68067087932855
6997290,279.6816169618343
6997320,279.68256056114507
6997350,279.6835027911096
6997380,279.6844453584914
6997410,279.6853881621907
6997440,279.6863309828528
6997470,279.68727375445513
6997500,279.68821650125307
6997530,279.68915924999146
6997560,279.6901020096057
6997590,279.69104478066873
6997620,279.69198756301626
6997650,279.6929303571774
6997680,279.6938731638684
6997710,279.6948159836831
6997740,279.6957588171589
6997770,279.6967016649005
6997800,279.69764452748933
6997830,279.6985873664412
6997860,279.69953051061185
6997890,279.7004754890802
6997920,279.70142037774036
6997950,279.702363425901
6997980,279.70330602262203
6998010,279.7042487615932
6998040,279.70519158715217
6998070,279.70613442329085
6998100,279.7070772596806
6998130,279.70802010449046
6998160,279.70896296196656
6998190,279.7099058327947
6998220,279.71084871710826
6998250,279.71179161525464
6998280,279.71273452756674
6998310,279.7136774542697
6998340,279.7146203955653
6998370,279.71556335167105
6998400,279.71650632275384
6998430,279.7174492950932
6998460,279.7183922345212
6998490,279.71933513299916
6998520,279.7202779871716
6998550,279.721220798005
6998580,279.72216356694116
6998610,279.72310629474003
6998640,279.72404898169805
6998670,279.7249975613497
6998700,279.72595218101685
6998730,279.7269096910579
6998760,279.727868398412
6998790,279.7288267500909
6998820,279.729782468412
6998850,279.73073377811875
6998880,279.73168015072224
6998910,279.7326219883526
6998940,279.7335599792619
6998970,279.7344946867294
6999000,279.7354264865739
6999030,279.73635940265535
6999060,279.73729829849407
6999090,279.73823946678857
6999120,279.739181288977
6999150,279.74012323673213
6999180,279.74107065586134
6999210,279.7420237205697
6999240,279.7429719555676
6999270,279.7439067470466
6999300,279.7448290360999
6999330,279.7457446678265
6999360,279.7466580928653
6999390,279.7475708520984
6999420,279.7484829355663
6999450,279.7493940341237
6999480,279.7503039338111
6999510,279.7512124925092
6999540,279.7521195740862
6999570,279.75302502894584
6999600,279.7539286979979
6999630,279.7548376971384
6999660,279.7557666973171
6999690,279.75670380485025
6999720,279.75764151767487
6999750,279.7585807379089
6999780,279.75952092748884
6999810,279.7604616185305
6999840,279.7614025058748
6999870,279.76234339007215
6999900,279.7632841657994
6999930,279.7642247948045
6999960,279.76516526234064
6999990,279.76610555264955
7000020,279.7670456459404
7000050,279.7679855229307
7000080,279.76892516947095
7000110,279.7698645810205
7000140,279.77080376859976
7000170,279.77174276704534
7000200,279.77268164605675
7000230,279.77362088004566
7000260,279.77456081010996
7000290,279.77550105493293
7000320,279.7764414008973
7000350,279.77738174582095
7000380,279.77832209197487
7000410,279.7792624979315
7000440,279.7802030891775
7000470,279.78114410065297
7000500,279.78208591966353
7000530,279.78302806763014
7000560,279.7839696557633
7000590,279.78491047520174
7000620,279.7858511063295
7000650,279.7867917967549
7000680,279.7877323470098
7000710,279.78867281403507
7000740,279.7896132385794
7000770,279.7905535518401
7000800,279.7914936783519
7000830,279.79243333625396
7000860,279.7933729990457
7000890,279.79431278313575
7000920,279.79525267209476
7000950,279.796192643706
7000980,279.7971326888102
7001010,279.7980727538516
7001040,279.7990128370621
7001070,279.79995292389873
7001100,279.80089302537027
7001130,279.80183314018785
7001160,279.80277327815253
7001190,279.80371353565704
7001220,279.8046540479164
7001250,279.80559471643716
7001280,279.8065353275234
7001310,279.8074758182657
7001340,279.80841627460507
7001370,279.8093567889101
7001400,279.81029740014804
7001430,279.8112426352255
7001460,279.8121887497943
7001490,279.81313012353195
7001520,279.81408370146363
7001550,279.8150320906111
7001580,279.8159624238502
7001610,279.8168841618027
7001640,279.81782366077573
7001670,279.81877892436785
7001700,279.81972682083597
7001730,279.82066666248943
7001760,279.82160525077734
7001790,279.8225454510384
7001820,279.82348681097255
7001850,279.82442877624663
7001880,279.8253710458952
7001910,279.8263134786063
7001940,279.82725599308947
7001970,279.82819854735624
7002000,279.82914112661433
7002030,279.8300837299819
7002060,279.83102635469317
7002090,279.8319690039421
7002120,279.8329116795005
7002150,279.83385437864695
7002180,279.83479258424546
7002210,279.83572098066077
7002240,279.8366380633889
7002270,279.83754519487366
7002300,279.83844389624556
7002330,279.8393348800526
7002360,279.8402183975366
7002390,279.84109464607013
7002420,279.8419638835651
7002450,279.8428264070241
7002480,279.8436825273836
7002510,279.84453256238476
7002540,279.84537683594266
7002570,279.8462156766284
7002600,279.8470494155401
7002630,279.8479017613981
7002660,279.84882065953474
7002690,279.84976168378836
7002720,279.8507019259184
7002750,279.8516345103117
7002780,279.8525622958067
7002810,279.8534976156207
7002840,279.85443864022193
7002870,279.85538126379004
7002900,279.8563210257451
7002930,279.8572715586476
7002960,279.8582275572001
7002990,279.85917569156635
7003020,279.8601190932603
7003050,279.86106136658793
7003080,279.8620040402342
7003110,279.8629471394225
7003140,279.8638903729178
7003170,279.86483360054655
7003200,279.86577680557053
7003230,279.86672079946663
7003260,279.8676647274744
7003290,279.86860828231505
7003320,279.86955156844044
7003350,279.8704948031576
7003380,279.871438051686
7003410,279.87238130762876
7003440,279.87332455955226
7003470,279.8742678049719
7003500,279.8752110448089
7003530,279.8761542795116
7003560,279.87709750868623
7003590,279.87804073178495
7003620,279.8789839483889
7003650,279.87992715816125
7003680,279.8808703606674
7003710,279.88181355543264
7003740,279.88275674196393
7003770,279.88369991969205
7003800,279.884643087993
7003830,279.8855862454381
7003860,279.8865293964154
7003890,279.88747254119835
7003920,279.8884144188094
7003950,279.8893539241569
7003980,279.89029059906267
7004010,279.8912222738283
7004040,279.8921599973668
7004070,279.8931011840181
7004100,279.89404298257193
7004130,279.8949852487418
7004160,279.89592804399797
7004190,279.8968710942927
7004220,279.89781416366077
7004250,279.8987571869821
7004280,279.8997001770224
7004310,279.90064314816226
7004340,279.9015861030816
7004370,279.9025290402948
7004400,279.9034719585285
7004430,279.9044148745526
7004460,279.90535779936334
7004490,279.906300728946
7004520,279.907243674134
7004550,279.9081863575785
7004580,279.9091288536676
7004610,279.9100714657617
7004640,279.9110090072191
7004670,279.91193620536825
7004700,279.9128541339705
7004730,279.91376738916784
7004760,279.9146795709416
7004790,279.915592291309
7004820,279.9165059954212
7004850,279.91742070521263
7004880,279.9183363582448
7004910,279.9192529059459
7004940,279.9201703175597
7004970,279.92108856794397
7005000,279.92200763221456
7005030,279.92293242348535
7005060,279.92386790685487
7005090,279.92480726295645
7005120,279.92574546830394
7005150,279.92667982603876
7005180,279.9276094980886
7005210,279.9285356969786
7005240,279.92946054039953
7005270,279.9303855255087
7005300,279.9313111641937
7005330,279.93223745422426
7005360,279.93316430614374
7005390,279.93409167125105
7005420,279.93501952785556
7005450,279.9359478587201
7005480,279.9368766451904
7005510,279.9378058682431
7005540,279.9387355090812
7005570,279.93966554934394
7005600,279.940595970987
7005630,279.94153013498106
7005660,279.9424692841187
7005690,279.9434106819254
7005720,279.9443535464701
7005750,279.9452948018505
7005780,279.94623621678534
7005810,279.9471777097102
7005840,279.9481234257524
7005870,279.94907333386493
7005900,279.9500203925732
7005930,279.95096755588787
7005960,279.9519223717258
7005990,279.95287262485476
7006020,279.9538151536098
7006050,279.95475676631503
7006080,279.95569623424757
7006110,279.9566356497541
7006140,279.95757658952584
7006170,279.95851841157713
7006200,279.95945976372116
7006230,279.96040152491804
7006260,279.96134317969427
7006290,279.9622848296788
7006320,279.963226465614
7006350,279.96416805149016
7006380,279.9651095978361
7006410,279.96605115255454
7006440,279.9669927440541
7006470,279.9679343693627
7006500,279.9688760174748
7006530,279.96981768502707
7006560,279.9707593755756
7006590,279.9717010944151
7006620,279.97264284631143
7006650,279.97358463547766
7006680,279.97452646575226
7006710,279.97546834070096
7006740,279.97641026370565
7006770,279.9773522379039
7006800,279.97829426626237
7006830,279.97923607846167
7006860,279.98017754250304
7006890,279.9811188905206
7006920,279.9820643032875
7006950,279.9830086578882
7006980,279.98394632220675
7007010,279.9848858081743
7007040,279.98582697120275
7007070,279.98676841396315
7007100,279.98770995535386
7007130,279.9886516443921
7007160,279.9895934200792
7007190,279.9905352180014
7007220,279.9914770233453
7007250,279.99241884469006
7007280,279.99336069019665
7007310,279.9943025641481
7007340,279.9952444695468
7007370,279.99618640948813
7007400,279.9971283869793
7007430,279.99807281414616
7007460,279.9990222491354
7007490,279.99996673704663
7007520,280.0009089034601
7007550,280.0018481533049
7007580,280.0027827830612
7007610,280.0037259304557
7007640,280.00467792426645
7007670,280.0056283081185
7007700,280.0065779360298
7007730,280.00752700390916
7007760,280.0084766901988
7007790,280.0094257498279
7007820,280.0103753556905
7007850,280.0113243600463
7007880,280.0122739054307
7007910,280.0132228523639
7007940,280.0141713778517
7007970,280.0151171471698
7008000,280.01605955096494
7008030,280.01700112654817
7008060,280.01794237586194
7008090,280.0188822250148
7008120,280.01981790033807
7008150,280.02075726970565
7008180,280.021699356451
7008210,280.0226422264989
7008240,280.02358395895953
7008270,280.02452490149074
7008300,280.0254657943719
7008330,280.0264068652392
7008360,280.027348038852
7008390,280.0282892385959
7008420,280.0292304485888
7008450,280.0301716759434
7008480,280.03111292633884
7008510,280.0320542016438
7008540,280.0329955025032
7008570,280.0339368294929
7008600,280.03487818324066
7008630,280.03581950913843
7008660,280.03676078792535
7008690,280.03770203179914
7008720,280.03864073409403
7008750,280.0395833252888
7008780,280.0405282970063
7008810,280.0414701707691
7008840,280.0424119563655
7008870,280.0433534614527
7008900,280.04429487224314
7008930,280.0452401414774
7008960,280.04618474692916
7008990,280.04712690048046
7009020,280.0480684505709
7009050,280.0490098029701
7009080,280.0499511674447
7009110,280.0508925569853
7009140,280.0518400545374
7009170,280.05280060036625
7009200,280.0537740498141
7009230,280.0547485882239
7009260,280.05570208240624
7009290,280.05664585218057
7009320,280.0575878640729
7009350,280.05852957220696
7009380,280.05947115119415
7009410,280.060412736869
7009440,280.06135435084536
7009470,280.0622959902872
7009500,280.06323764983455
7009530,280.06417932757785
7009560,280.06512102342026
7009590,280.0660627372262
7009620,280.06700446841427
7009650,280.0679462161452
7009680,280.0688879796003
7009710,280.069829758011
7009740,280.07077155059795
7009770,280.0717133565407
7009800,280.07265517496734
7009830,280.0735970064995
7009860,280.0745388461503
7009890,280.07548069397575
7009920,280.07642263677917
7009950,280.07736459269114
7009980,280.07830651126636
7010010,280.0792484038214
7010040,280.08019028934143
7010070,280.08113217926393
7010100,280.08207407606693
7010130,280.0830159771803
7010160,280.0839578788436
7010190,280.08489977791817
7010220,280.0858416718121
7010250,280.0867835580282
7010280,280.08772543408145
7010310,280.0886672974182
7010340,280.08960914544474
7010370,280.09055097542995
7010400,280.09149278457033
7010430,280.09243476232666
7010460,280.0933774777143
7010490,280.09431984040384
7010520,280.0952633033397
7010550,280.0962095094628
7010580,280.09714861979114
7010610,280.0980854197742
7010640,280.09902557130226
7010670,280.09996697063934
7010700,280.1009057326057
7010730,280.10184526286133
7010760,280.10278636217527
7010790,280.10372905605715
7010820,280.1046760958427
7010850,280.1056167544023
7010880,280.10655724997963
7010910,280.10749837050537
7010940,280.1084396383314
7010970,280.10938094789043
7011000,280.1103223648831
7011030,280.11126397708387
7011060,280.1122056645741
7011090,280.1131473714
7011120,280.11408910161316
7011150,280.11502559138523
7011180,280.11594424324596
7011210,280.1168468501668
7011240,280.11775955315494
7011270,280.11869066196493
7011300,280.1196265914612
7011330,280.1205656143901
7011360,280.1215063790604
7011390,280.1224476962345
7011420,280.1233893021032
7011450,280.12433081202124
7011480,280.125272267464
7011510,280.12621369807033
7011540,280.12715509411265
7011570,280.1280964733834
7011600,280.12903782023375
7011630,280.1299791479076
7011660,280.1309204585529
7011690,280.13186175301894
7011720,280.13280302614777
7011750,280.1337442750657
7011780,280.1346854984129
7011810,280.1356266956493
7011840,280.13656786631606
7011870,280.1375089935047
7011900,280.1384500952828
7011930,280.1393911613891
7011960,280.1403322060599
7011990,280.1412732173364
7012020,280.1422142069582
7012050,280.14315516368106
7012080,280.1440960978178
7012110,280.14503699931663
7012140,280.14597787719896
7012170,280.1469187227268
7012200,280.1478595434865
7012230,280.14880034005796
7012260,280.14974109564963
7012290,280.15068183583577
7012320,280.15162200212603
7012350,280.15256284971565
7012380,280.1535034600892
7012410,280.154444033966
7012440,280.1553846304884
7012470,280.15632326104947
7012500,280.1572552875615
7012530,280.1581784463139
7012560,280.1590949117022
7012590,280.1600082288152
7012620,280.16092047820683
7012650,280.161832103816
7012680,280.1627428910551
7012710,280.16365259991215
7012740,280.1645610871455
7012770,280.16546825223463
7012800,280.16637399716177
7012830,280.1672852608247
7012860,280.1682143081869
7012890,280.16915122440497
7012920,280.1700893775923
7012950,280.17102854757456
7012980,280.1719683035995
7013010,280.17290838168964
7013040,280.1738485393922
7013070,280.17478872327865
7013100,280.17572891088906
7013130,280.1766690939217
7013160,280.17760926954736
7013190,280.17854943664315
7013220,280.1794895949257
7013250,280.18042974415494
7013280,280.1813698842464
7013310,280.1823100150545
7013340,280.1832501365197
7013370,280.1841902485638
7013400,280.18513035107895
7013430,280.18607045243334
7013460,280.1870105666126
7013490,280.1879506785325
7013520,280.18889078537177
7013550,280.18983088581473
7013580,280.1907709792725
7013610,280.19171106545406
7013640,280.1926511440889
7013670,280.19359121517573
7013700,280.19453127835266
7013730,280.1954713336545
7013760,280.196411380963
7013790,280.19735142008295
7013820,280.1982914509423
7013850,280.1992314734682
7013880,280.20017148751424
7013910,280.20111149291176
7013940,280.2020514896415
7013970,280.20299147761324
7014000,280.20393145672455
7014030,280.2048714373556
7014060,280.20581142140304
7014090,280.2067514025586
7014120,280.2076913781525
7014150,280.20863134724317
7014180,280.20957130938234
7014210,280.2105112644293
7014240,280.21145121220104
7014270,280.21239115261386
7014300,280.21333108560225
7014330,280.2142710109292
7014360,280.21521092857876
7014390,280.21615083854084
7014420,280.2170907407444
7014450,280.21803063515125
7014480,280.2189705216167
7014510,280.21991039989325
7014540,280.2208502700937
7014570,280.22179013211326
7014600,280.22272998604006
7014630,280.22366723893543
7014660,280.22460140108444
7014690,280.22553845847847
7014720,280.2264776034212
7014750,280.22741723009693
7014780,280.22835700112364
7014810,280.22929680822295
7014840,280.2302366201149
7014870,280.23117642799485
7014900,280.2321162295772
7014930,280.23305602426456
7014960,280.2339958116886
7014990,280.23493559166735
7015020,280.2358753642342
7015050,280.23681512929824
7015080,280.2377548869399
7015110,280.2386946370942
7015140,280.23963437974027
7015170,280.2405741147108
7015200,280.24151384191265
7015230,280.24245153813575
7015260,280.2433877330844
7015290,280.244326282981
7015320,280.2452655909792
7015350,280.2462051713086
7015380,280.24714483358014
7015410,280.2480845149718
7015440,280.249024196769
7015470,280.24996387363586
7015500,280.2509035440223
7015530,280.25184320765436
7015560,280.25278286424486
7015590,280.2537225137573
7015620,280.2546621561145
7015650,280.25560179132964
7015680,280.2565414193151
7015710,280.25748104009665
7015740,280.2584206536931
7015770,280.2593602601272
7015800,280.2602998593177
7015830,280.2612394549641
7015860,280.2621790455644
7015890,280.26311863043776
7015920,280.2640582089326
7015950,280.26499778074646
7015980,280.2659373459432
7016010,280.2668769044187
7016040,280.26781645605
7016070,280.2687560008532
7016100,280.26969553869077
7016130,280.2706350697486
7016160,280.27157459405987
7016190,280.27251411150496
7016220,280.2734536219116
7016250,280.2743931253971
7016280,280.27533262191236
7016310,280.27627211150144
7016340,280.27721159412545
7016370,280.2781510696413
7016400,280.2790905380587
7016430,280.2800300020915
7016460,280.2809694242023
7016490,280.2819075863077
7016520,280.2828465291014
7016550,280.2837843836351
7016580,280.28472171195057
7016610,280.2856612716114
7016640,280.2865981978637
7016670,280.2875351114999
7016700,280.28847337991476
7016730,280.2894089032332
7016760,280.2903446771187
7016790,280.29128335888186
7016820,280.29222296893084
7016850,280.2931624116548
7016880,280.2941015923693
7016910,280.2950406750776
7016940,280.29597974653973
7016970,280.29691881957984
7017000,280.2978578892994
7017030,280.2987968273907
7017060,280.29973587856136
7017090,280.30067271223965
7017120,280.30160980127016
7017150,280.30254817111864
7017180,280.30348855988257
7017210,280.30443146402956
7017240,280.30537323132506
7017270,280.3063130531485
7017300,280.30725202653906
7017330,280.30819096011976
7017360,280.3091299568403
7017390,280.3100689563708
7017420,280.3110079396959
7017450,280.3119469137936
7017480,280.31288588300384
7017510,280.31382484694853
7017540,280.31476380462516
7017570,280.3157027558666
7017600,280.3166417010145
7017630,280.3175805543702
7017660,280.31851712478147
7017690,280.3194530156902
7017720,280.32039128365017
7017750,280.32133058332323
7017780,280.32226981865153
7017810,280.3232090003264
7017840,280.324148157279
7017870,280.3250873021045
7017900,280.32602643875146
7017930,280.3269655682996
7017960,280.3279046909784
7017990,280.32884380687335
7018020,280.329782916108
7018050,280.3307220185828
7018080,280.33166111420667
7018110,280.33260020304
7018140,280.3335392850281
7018170,280.3344783601801
7018200,280.33541742864816
7018230,280.33635479043613
7018260,280.3372917161872
7018290,280.3382301355418
7018320,280.3391689693561
7018350,280.34010794131007
7018380,280.3410469513658
7018410,280.3419859675773
7018440,280.3429249805614
7018470,280.3438639877859
7018500,280.34480298846665
7018530,280.34574198226755
7018560,280.3466809691466
7018590,280.34761994917386
7018620,280.3485589222652
7018650,280.3494978883068
7018680,280.350436847338
7018710,280.35137579952715
7018740,280.3523147448192
7018770,280.35325368309213
7018800,280.3541926143002
7018830,280.3551315408019
7018860,280.3560704598996
7018890,280.3570093724955
7018920,280.35794827850634
7018950,280.3588871777491
7018980,280.35982607009015
7019010,280.3607649554173
7019040,280.3617038338243
7019070,280.36264270520047
7019100,280.3635815694237
7019130,280.36452042653514
7019160,280.3654592766469
7019190,280.3663981196631
7019220,280.3673369554454
7019250,280.3682757838517
7019280,280.36921460499553
7019310,280.3701534188681
7019340,280.3710922254043
7019370,280.3720310244811
7019400,280.3729698161015
7019430,280.37390577308696
7019460,280.3748387294011
7019490,280.3757749662647
7019520,280.376711969163
7019550,280.37765077619264
7019580,280.3785904399424
7019610,280.3795294700631
7019640,280.38046354664016
7019670,280.3813925982964
7019700,280.3823222774031
7019730,280.3832562836751
7019760,280.38419375182053
7019790,280.385132468079
7019820,280.3860712220083
7019850,280.38700979276035
7019880,280.38794827376245
7019910,280.3888867369512
7019940,280.3898251989476
7019970,280.3907636576501
7020000,280.39170211037543
7020030,280.2294434880813
7020060,279.92457980724646
7020090,279.6777631146922
7020120,279.512419545546
7020150,279.39957865435116
7020180,279.32210139453923
7020210,279.268837369282
7020240,279.23222126262226
7020270,279.2070492630085
7020300,279.1897439239584
7020330,279.17784703605105
7020360,279.16966844084334
7020390,279.16404530684844
7020420,279.1601808371972
7020450,279.15752431682245
7020480,279.1556960217368
7020510,279.154440967104
7020540,279.153577228485
7020570,279.1529853338886
7020600,279.15257593056606
7020630,279.1522981524447
7020660,279.1521031031592
7020690,279.15197005099725
7020720,279.15187878748986
7020750,279.1518160443048
7020780,279.1517729054081
7020810,279.1517432482109
7020840,279.1517229854127
7020870,279.151709060475
7020900,279.1516993475682
7020930,279.15169271043965
7020960,279.1516881335802
7020990,279.1516848356983
7021020,279.1516824314598
7021050,279.1516805893748
7021080,279.1516794714103
7021110,279.15167910774557
7021140,279.15167892875354
7021170,279.15167900193524
7021200,279.15167903533376
7021230,279.1516782850304
7021260,279.1516764855023
7021290,279.1516758077571
7021320,279.1516763346953
7021350,279.15167965785366
7021380,279.1516864537801
7021410,279.1516873933987
7021440,279.151683044678
7021470,279.15167955087577
7021500,279.15167877188594
7021530,279.1516786668118
7021560,279.1516782807276
7021590,279.15167802068476
7021620,279.15167799780755
7021650,279.1516778333766
7021680,279.1516777919173
7021710,279.1516777513396
7021740,279.1516776922125
7021770,279.1516776857535
7021800,279.1516776421358
7021830,279.1516772124005
7021860,279.1516753829475
7021890,279.15167471507056
7021920,279.15167475013345
7021950,279.15167417568927
7021980,279.15167368433146
7022010,279.1516743430117
7022040,279.1516758986738
7022070,279.15167826261313
7022100,279.1516808132363
7022130,279.1516823311604
7022160,279.1516821353844
7022190,279.151680911137
7022220,279.151679856588
7022250,279.1516794459223
7022280,279.15167940159273
7022310,279.15167940501004
7022340,279.1516794063899
7022370,279.15167945473206
7022400,279.1516795515899
7022430,279.15167873162216
7022460,279.1516729923445
7022490,279.15167080449805
7022520,279.15167221599484
7022550,279.1516723834681
7022580,279.1516724270876
7022610,279.1516738646026
7022640,279.15167579365857
7022670,279.1516764194492
7022700,279.1516760680518
7022730,279.15167604950767
7022760,279.15167637413407
7022790,279.1516768179305
7022820,279.1516768469389
7022850,279.1516767784143
7022880,279.15167685119513
7022910,279.1516768579196
7022940,279.1516768743057
7022970,279.1516768941403
7023000,279.15167602338045
7023030,279.1516764536372
7023060,279.1516766902706
7023090,279.1516769400362
7023120,279.1516778038983
7023150,279.15167855055927
7023180,279.15167866008915
7023210,279.1516779415975
7023240,279.1516772075653
7023270,279.15167752083335
7023300,279.15167896055254
7023330,279.1516806356319
7023360,279.15168176952744
7023390,279.1516823080674
7023420,279.15168257721797
7023450,279.151682788526
7023480,279.1516829582096
7023510,279.15168305913437
7023540,279.1516831000359
7023570,279.1516829937561
7023600,279.15168206527983
7023630,279.0032813050276
7023660,278.5428676033344
7023690,278.23510893097585
7023720,277.9968549478071
7023750,277.79345983342995
7023780,277.6204034547035
7023810,277.473289789678
7023840,277.34709202388905
7023870,277.2381920629278
7023900,277.1439735101441
7023930,277.0624090077526
7023960,276.99182944278226
7023990,276.9308178012656
7024020,276.87815312266633
7024050,276.83277555102325
7024080,276.79376085887264
7024110,276.76030393242513
7024140,276.73170165624236
7024170,276.70733886782307
7024200,276.686680802051
7024230,276.69628803013563
7024260,276.6965480169599
7024290,276.6965479669411
7024320,276.69654796694095
7024350,276.69654796694095
7024380,276.69654796694095
7024410,276.69654796694095
7024440,276.69654796694095
7024470,276.69654796694095
7024500,276.69654796694095
7024530,276.69654796694095
7024560,276.69654796694095
7024590,276.69654796694095
7024620,276.69654796694095
7024650,276.69654796694095
7024680,276.69654796694095
7024710,276.69654796694095
7024740,276.69654796694095
7024770,276.69654796694095
7024800,276.69654796694095
7024830,281.5816345928796
7024860,279.76376450132267
7024890,278.39469415609784
7024920,277.855369691082
7024950,277.5826298727313
7024980,277.42136850547433
7025010,277.3096323728999
7025040,277.22307059328784
7025070,277.15252327237016
7025100,277.09359970367666
7025130,277.0436279002428
7025160,277.0009637159792
7025190,276.96447998779115
7025220,276.9333196776393
7025250,276.9067809974253
7025280,276.8842679735117
7025310,276.8652686591527
7025340,276.8493376036074
7025370,276.8360874690289
7025400,276.8251794616537
7025430,276.83148288331756
7025460,276.83173796357937
7025490,276.8317379216464
7025520,276.8317379216464
7025550,276.8317379216464
7025580,276.8317379216464
7025610,276.8317379216464
7025640,276.8317379216464
7025670,276.8317379216464
7025700,276.8317379216464
7025730,276.8317379216464
7025760,276.8317379216464
7025790,276.8317379216464
7025820,276.8317379216464
7025850,276.8317379216464
7025880,276.8317379216464
7025910,276.8317379216464
7025940,276.8317379216464
7025970,276.8317379216464
7026000,276.8317379216464
7026030,281.8839507339059
7026060,280.05519127544073
7026090,278.63755568576164
7026120,278.0849573362563
7026150,277.80908955882956
7026180,277.6472680904911
7026210,277.5330214266933
7026240,277.44209108009477
7026270,277.36884012089246
7026300,277.30829552544145
7026330,277.2572241220807
7026360,277.21372987577837
7026390,277.1765824334114
7026420,277.14486879159404
7026450,277.1178563805384
7026480,277.0949313620973
7026510,277.07556519017754
7026540,277.0593027766731
7026570,277.0457462008221
7026600,277.0345501457608
7026630,277.04062618766847
7026660,277.0408676389611
7026690,277.04086767473694
7026720,277.04086767473694
7026750,277.04086767473694
7026780,277.04086767473694
7026810,277.04086767473694
7026840,277.04086767473694
7026870,277.04086767473694
7026900,277.04086767473694
7026930,277.04086767473694
7026960,277.04086767473694
7026990,277.04086767473694
7027020,277.04086767473694
7027050,277.04086767473694
7027080,277.04086767473694
7027110,277.04086767473694
7027140,277.04086767473694
7027170,277.04086767473694
7027200,277.04086767473694
7027230,282.05911732733335
7027260,280.22863168758954
7027290,278.8025864477424
7027320,278.2485137616968
7027350,277.97579114991674
7027380,277.81717161425354
7027410,277.70595960916154
7027440,277.61762115074333
7027470,277.54646204611277
7027500,277.4876303342418
7027530,277.4379653005602
7027560,277.39562404868576
7027590,277.3594102760253
7027620,277.32844218741184
7027650,277.30201511234367
7027680,277.2795346213425
7027710,277.2604940811796
7027740,277.24445084696333
7027770,277.2310226608659
7027800,277.2198733844722
7027830,277.2257852534002
7027860,277.22599883455973
7027890,277.2259989274127
7027920,277.2259989274127
7027950,277.2259989274127
7027980,277.2259989274127
7028010,277.2259989274127
7028040,277.2259989274127
7028070,277.2259989274127
7028100,277.2259989274127
7028130,277.2259989274127
7028160,277.2259989274127
7028190,277.2259989274127
7028220,277.2259989274127
7028250,277.2259989274127
7028280,277.2259989274127
7028310,277.2259989274127
7028340,277.2259989274127
7028370,277.2259989274127
7028400,277.2259989274127
7028430,282.21886855120044
7028460,280.38516299684414
7028490,278.95031289898765
7028520,278.39282491465485
7028550,278.1231555832767
7028580,277.9680803613725
7028610,277.86201127856344
7028640,277.7770430373088
7028670,277.7078153974686
7028700,277.6507060935229
7028730,277.60260643727696
7028760,277.5616466743371
7028790,277.5266324008838
7028820,277.4966950981587
7028850,277.47114659267993
7028880,277.4494115836981
7028910,277.43099712305775
7028940,277.41547461846
7028970,277.402472377501
7029000,277.3916681543169
7029030,277.3973474179105
7029060,277.39759531073446
7029090,277.3975953133294
7029120,277.3975953133294
7029150,277.3975953133294
7029180,277.3975953133294
7029210,277.3975953133294
7029240,277.3975953133294
7029270,277.3975953133294
7029300,277.3975953133294
7029330,277.3975953133294
7029360,277.3975953133294
7029390,277.3975953133294
7029420,277.3975953133294
7029450,277.3975953133294
7029480,277.3975953133294
7029510,277.3975953133294
7029540,277.3975953133294
7029570,277.3975953133294
7029600,277.3975953133294
7029630,282.3718572870252
7029660,280.5331642120983
7029690,279.0885101115488
7029720,278.52554368151186
7029750,278.25867342308794
7029780,278.10663876165705
7029810,278.0012791881253
7029840,277.9194467489296
7029870,277.85348185308226
7029900,277.7989760072533
7029930,277.75298563509364
7029960,277.7137744632467
7029990,277.6802280016825
7030020,277.65152433876403
7030050,277.62700850769795
7030080,277.6061287948838
7030110,277.5884171248154
7030140,277.5734630938409
7030170,277.56091150711075
7030200,277.55045559186976
7030230,277.55588732815295
7030260,277.5561312433671
7030290,277.5561312284367
7030320,277.5561312284367
7030350,277.5561312284367
7030380,277.5561312284367
7030410,277.5561312284367
7030440,277.5561312284367
7030470,277.5561312284367
7030500,277.5561312284367
7030530,277.5561312284367
7030560,277.5561312284367
7030590,277.5561312284367
7030620,277.5561312284367
7030650,277.5561312284367
7030680,277.5561312284367
7030710,277.5561312284367
7030740,277.5561312284367
7030770,277.5561312284367
7030800,277.5561312284367
7030830,282.5097776131983
7030860,280.6673734306771
7030890,279.2142112378991
7030920,278.64425038974167
7030950,278.379345825795
7030980,278.2302931972036
7031010,278.12937717053245
7031040,278.04999439814827
7031070,277.9853935130898
7031100,277.9318910807133
7031130,277.88661162053
7031160,277.8478041259051
7031190,277.81435620187466
7031220,277.7854656217737
7031250,277.7604950370818
7031280,277.73891333254284
7031310,277.7202658676332
7031340,277.7041610145096
7031370,277.6902584877109
7031400,277.67826075913996
7031430,277.683862930226
7031460,277.68410489503214
7031490,277.68410489498217
7031520,277.6841048949759
7031550,277.6841048949759
7031580,277.6841048949759
7031610,277.6841048949759
7031640,277.6841048949759
7031670,277.6841048949759
7031700,277.6841048949759
7031730,277.6841048949759
7031760,277.6841048949759
7031790,277.6841048949759
7031820,277.6841048949759
7031850,277.6841048949759
7031880,277.6841048949759
7031910,277.6841048949759
7031940,277.6841048949759
7031970,277.6841048949759
7032000,277.6841048949759
7032030,282.5960490447118
7032060,280.7462315122707
7032090,279.2874343665418
7032120,278.708816922349
7032150,278.43868760424965
7032180,278.2844087510314
7032210,278.17852355076053
7032240,278.0943334517753
7032270,278.0250704536988
7032300,277.9670627630831
7032330,277.91743733250405
7032360,277.8744354006097
7032390,277.83693619598597
7032420,277.80412991796805
7032450,277.7753746104042
7032480,277.75013355988096
7032510,277.7279492477743
7032540,277.7084257230138
7032570,277.69121911778024
7032600,277.6760306348297
7032630,277.6824431778452
7032660,277.68270472815084
7032690,277.6827047279553
7032720,277.6827047279553
7032750,277.6827047279553
7032780,277.6827047279553
7032810,277.6827047279553
7032840,277.6827047279553
7032870,277.6827047279553
7032900,277.6827047279553
7032930,277.6827047279553
7032960,277.6827047279553
7032990,277.6827047279553
7033020,277.6827047279553
7033050,277.6827047279553
7033080,277.6827047279553
7033110,277.6827047279553
7033140,277.6827047279553
7033170,277.6827047279553
7033200,277.6827047279553
7033230,282.57973998418123
7033260,280.7276906647099
7033290,279.2700057924179
7033320,278.6908115818103
7033350,278.4173528410163
7033380,278.259441257882
7033410,278.1501644485757
7033440,278.0628029987576
7033470,277.9909082208593
7033500,277.9306819430493
7033530,277.8792002841954
7033560,277.83466881938017
7033590,277.7959363669761
7033620,277.76216649117197
7033650,277.7326947066775
7033680,277.7069656425899
7033710,277.6845051183988
7033740,277.66490229779936
7033770,277.64780093289573
7033800,277.6328911407262
7033830,277.6393757044324
7033860,277.6396085258452
7033890,277.6396085049336
7033920,277.63960850493305
7033950,277.63960850493305
7033980,277.63960850493305
7034010,277.63960850493305
7034040,277.63960850493305
7034070,277.63960850493305
7034100,277.63960850493305
7034130,277.63960850493305
7034160,277.63960850493305
7034190,277.63960850493305
7034220,277.63960850493305
7034250,277.63960850493305
7034280,277.63960850493305
7034310,277.63960850493305
7034340,277.63960850493305
7034370,277.63960850493305
7034400,277.63960850493305
7034430,282.55891342655343
7034460,280.71046849013203
7034490,279.2543065836642
7034520,278.67891549780904
7034550,278.4097349063186
7034580,278.25623278943874
7034610,278.1515187182106
7034640,278.0688672621011
7034670,278.00174997560106
7034700,277.9462076036618
7034730,277.8993258610076
7034760,277.8593368450892
7034790,277.82511116310275
7034820,277.7958226711106
7034850,277.7708169251182
7034880,277.74954313613455
7034910,277.73152971869183
7034940,277.7163725817158
7034970,277.7037147742537
7035000,277.693248003524
7035030,277.69866426463943
7035060,277.6988791634426
7035090,277.6988791281863
7035120,277.69887912818893
7035150,277.69887912818893
7035180,277.69887912818893
7035210,277.69887912818893
7035240,277.69887912818893
7035270,277.69887912818893
7035300,277.69887912818893
7035330,277.69887912818893
7035360,277.69887912818893
7035390,277.69887912818893
7035420,277.69887912818893
7035450,277.69887912818893
7035480,277.69887912818893
7035510,277.69887912818893
7035540,277.69887912818893
7035570,277.69887912818893
7035600,277.69887912818893
7035630,282.6435518028843
7035660,280.80086894659894
7035690,279.3402314978722
7035720,278.76379772921837
7035750,278.5042009223447
7035780,278.3615390763188
7035810,278.2678984622517
7035840,278.19581504059585
7035870,278.13838605430414
7035900,278.0916146315977
7035930,278.0526871732573
7035960,278.0199489053632
7035990,277.99235570185965
7036020,277.96915939269104
7036050,277.94976211638794
7036080,277.93366665571375
7036110,277.92044531387853
7036140,277.90972912237027
7036170,277.9011974136671
7036200,277.89456956005847
7036230,277.8988172984451
7036260,277.8991032645741
7036290,277.899125257277
7036320,277.899125257279
7036350,277.899125257279
7036380,277.899125257279
7036410,277.899125257279
7036440,277.899125257279
7036470,277.899125257279
7036500,277.899125257279
7036530,277.899125257279
7036560,277.899125257279
7036590,277.899125257279
7036620,277.899125257279
7036650,277.899125257279
7036680,277.899125257279
7036710,277.899125257279
7036740,277.899125257279
7036770,277.899125257279
7036800,277.899125257279
7036830,282.8259905250151
7036860,280.9845313915336
7036890,279.51396398569534
7036920,278.92478533864175
7036950,278.6693392250331
7036980,278.53460068701344
7037010,278.4494592914359
7037040,278.38534556670476
7037070,278.3348225972138
7037100,278.2939776047319
7037130,278.26010347981344
7037160,278.231648070236
7037190,278.20766251374584
7037220,278.18747286762806
7037250,278.17055092203526
7037280,278.1564550629802
7037310,278.1448067529963
7037340,278.13528206757553
7037370,278.1275944999106
7037400,278.121498745572
7037430,278.1253276697695
7037460,278.1255484229528
7037490,278.125652395789
7037520,278.1256523295027
7037550,278.1256523295027
7037580,278.1256523295027
7037610,278.1256523295027
7037640,278.1256523295027
7037670,278.1256523295027
7037700,278.1256523295027
7037730,278.1256523295027
7037760,278.1256523295027
7037790,278.1256523295027
7037820,278.1256523295027
7037850,278.1256523295027
7037880,278.1256523295027
7037910,278.1256523295027
7037940,278.1256523295027
7037970,278.1256523295027
7038000,278.1256523295027
7038030,283.00215783889973
7038060,281.15708852336263
7038090,279.6768555418528
7038120,279.0708423632479
7038150,278.8093768711144
7038180,278.67500386722963
7038210,278.5909857100572
7038240,278.5277981901372
7038270,278.47753276027197
7038300,278.43641326922886
7038330,278.40176623203683
7038360,278.3720824244452
7038390,278.3464646838185
7038420,278.3242807059756
7038450,278.30504413705427
7038480,278.28834821471787
7038510,278.27384667674096
7038540,278.2612425829958
7038570,278.2502769583698
7038600,278.24072627960925
7038630,278.2451864416027
7038660,278.24544976389444
7038690,278.24552941910656
7038720,278.2455293980351
7038750,278.2455293980351
7038780,278.2455293980351
7038810,278.2455293980351
7038840,278.2455293980351
7038870,278.2455293980351
7038900,278.2455293980351
7038930,278.2455293980351
7038960,278.2455293980351
7038990,278.2455293980351
7039020,278.2455293980351
7039050,278.2455293980351
7039080,278.2455293980351
7039110,278.2455293980351
7039140,278.2455293980351
7039170,278.2455293980351
7039200,278.2455293980351
7039230,283.06783303921196
7039260,281.21700611675294
7039290,279.73379053694623
7039320,279.1188073974002
7039350,278.84892995182474
7039380,278.70782186590816
7039410,278.61745235019004
7039440,278.548023329718
7039470,278.49190514194913
7039500,278.4453812629121
7039530,278.4056953703057
7039560,278.3712957087188
7039590,278.34124768832527
7039620,278.31489779747346
7039650,278.29173588788285
7039680,278.271339385921
7039710,278.253348139991
7039740,278.23745222340455
7039770,278.22338269155574
7039800,278.2109044410128
7039830,278.21615845574155
7039860,278.2163938712326
7039890,278.2163949743023
7039920,278.2163949337505
7039950,278.2163949337505
7039980,278.2163949337505
7040010,278.2163949337505
7040040,278.2163949337505
7040070,278.2163949337505
7040100,278.2163949337505
7040130,278.2163949337505
7040160,278.2163949337505
7040190,278.2163949337505
7040220,278.2163949337505
7040250,278.2163949337505
7040280,278.2163949337505
7040310,278.2163949337505
7040340,278.2163949337505
7040370,278.2163949337505
7040400,278.2163949337505
7040430,283.03320758388116
7040460,281.1820120745529
7040490,279.7013592439371
7040520,279.08888065936003
7040550,278.8188278132983
7040580,278.67539803163436
7040610,278.58259213394655
7040640,278.51091272475344
7040670,278.4530710106525
7040700,278.40526514206994
7040730,278.36468780586404
7040760,278.3297533895362
7040790,278.2994959393255
7040820,278.2732345740755
7040850,278.25043549690815
7040880,278.23065453239906
7040910,278.21351551723546
7040940,278.19868957961796
7040970,278.18589695169624
7041000,278.1748902110326
7041030,278.1799469839167
7041060,278.1801825444023
7041090,278.1801832228975
7041120,278.18018359332996
7041150,278.18018359332996
7041180,278.18018359332996
7041210,278.18018359332996
7041240,278.18018359332996
7041270,278.18018359332996
7041300,278.18018359332996
7041330,278.18018359332996
7041360,278.18018359332996
7041390,278.18018359332996
7041420,278.18018359332996
7041450,278.18018359332996
7041480,278.18018359332996
7041510,278.18018359332996
7041540,278.18018359332996
7041570,278.18018359332996
7041600,278.18018359332996
7041630,283.0295125878
7041660,281.18401711400196
7041690,279.70396960247206
7041720,279.09504994492204
7041750,278.83116704533643
7041780,278.69561340725005
7041810,278.6104613069378
7041840,278.5467392050671
7041870,278.4970134739063
7041900,278.45684104174893
7041930,278.42342874109045
7041960,278.3952782316543
7041990,278.37148324210125
7042020,278.35139951054083
7042050,278.3345231840953
7042080,278.32043296244717
7042110,278.30876920890125
7042140,278.2992205640967
7042170,278.2915170099355
7042200,278.28542359100555
7042230,278.28920307479297
7042260,278.2894347090131
7042290,278.289435902466
7042320,278.2894359041057
7042350,278.2894359041057
7042380,278.2894359041057
7042410,278.2894359041057
7042440,278.2894359041057
7042470,278.2894359041057
7042500,278.2894359041057
7042530,278.2894359041057
7042560,278.2894359041057
7042590,278.2894359041057
7042620,278.2894359041057
7042650,278.2894359041057
7042680,278.2894359041057
7042710,278.2894359041057
7042740,278.2894359041057
7042770,278.2894359041057
7042800,278.2894359041057
7042830,283.14638287883565
7042860,281.30386024898627
7042890,279.8165672138981
7042920,279.19950712599365
7042950,278.9341990004292
7042980,278.80716470333874
7043010,278.7315030877807
7043040,278.6773605128738
7043070,278.63631996988306
7043100,278.6038215344571
7043130,278.57716977832155
7043160,278.55498444825514
7043190,278.53646482958516
7043220,278.52105808763275
7043250,278.5083336016136
7043280,278.49793688039074
7043310,278.48956435737097
7043340,278.4829536483541
7043370,278.4778777169257
7043400,278.4741387540862
7043430,278.4771296525086
7043460,278.4772604253274
7043490,278.4772706913585
7043520,278.47727068491673
7043550,278.47727068491673
7043580,278.47727068491673
7043610,278.47727068491673
7043640,278.47727068491673
7043670,278.47727068491673
7043700,278.47727068491673
7043730,278.47727068491673
7043760,278.47727068491673
7043790,278.47727068491673
7043820,278.47727068491673
7043850,278.47727068491673
7043880,278.47727068491673
7043910,278.47727068491673
7043940,278.47727068491673
7043970,278.47727068491673
7044000,278.47727068491673
7044030,283.31053465439516
7044060,281.46832692235876
7044090,279.97176689378813
7044120,279.3408119133463
7044150,279.0640950870011
7044180,278.94145335714717
7044210,278.8736290792837
7044240,278.8275915477711
7044270,278.79410702945256
7044300,278.7683324090573
7044330,278.74754020781006
7044360,278.73044221488874
7044390,278.71633520206603
7044420,278.704751804605
7044450,278.69533652444983
7044480,278.6877975886825
7044510,278.6818841842408
7044540,278.67738763982817
7044570,278.6741198052679
7044600,278.671920014464
7044630,278.6743253339188
7044660,278.67469574122276
7044690,278.6746834803809
7044720,278.67468351351226
7044750,278.67468351351226
7044780,278.67468351351226
7044810,278.67468351351226
7044840,278.67468351351226
7044870,278.67468351351226
7044900,278.67468351351226
7044930,278.67468351351226
7044960,278.67468351351226
7044990,278.67468351351226
7045020,278.67468351351226
7045050,278.67468351351226
7045080,278.67468351351226
7045110,278.67468351351226
7045140,278.67468351351226
7045170,278.67468351351226
7045200,278.67468351351226
7045230,283.4759935655721
7045260,281.63311514117584
7045290,280.1269143802718
7045320,279.4810745840417
7045350,279.18958065729333
7045380,279.06321416248204
7045410,279.0019047240457
7045440,278.96384413480945
7045470,278.9372932134837
7045500,278.91791700906646
7045530,278.90282849831783
7045560,278.8907275213874
7045590,278.8809833569531
7045620,278.87321188301627
7045650,278.8671350417669
7045680,278.8625267018494
7045710,278.85919885088686
7045740,278.85698708791097
7045770,278.8557508073377
7045800,278.85536692292834
7045830,278.85716785467395
7045860,278.8573874946648
7045890,278.8570756589289
7045920,278.85707579143605
7045950,278.85707579143605
7045980,278.85707579143605
7046010,278.85707579143605
7046040,278.85707579143605
7046070,278.85707579143605
7046100,278.85707579143605
7046130,278.85707579143605
7046160,278.85707579143605
7046190,278.85707579143605
7046220,278.85707579143605
7046250,278.85707579143605
7046280,278.85707579143605
7046310,278.85707579143605
7046340,278.85707579143605
7046370,278.85707579143605
7046400,278.85707579143605
7046430,283.63743023698066
7046460,281.79522385089774
7046490,280.27943907612536
7046520,279.61971927967784
7046550,279.3147059836611
7046580,279.17746529558536
7046610,279.1182873754039
7046640,279.09053175144635
7046670,279.0744990759366
7046700,279.06511374553816
7046730,279.05906223536437
7046760,279.05493249892095
7046790,279.0521698569241
7046820,279.0505022008235
7046850,279.04975335199435
7046880,279.04979031815174
7046910,279.05050375676535
7046940,279.0518002658537
7046970,279.05359946141743
7047000,279.05583140307726
7047030,279.0566619686022
7047060,279.05686691134633
7047090,279.0568774292434
7047120,279.05687748369644
7047150,279.05687748369644
7047180,279.05687748369644
7047210,279.05687748369644
7047240,279.05687748369644
7047270,279.05687748369644
7047300,279.05687748369644
7047330,279.05687748369644
7047360,279.05687748369644
7047390,279.05687748369644
7047420,279.05687748369644
7047450,279.05687748369644
7047480,279.05687748369644
7047510,279.05687748369644
7047540,279.05687748369644
7047570,279.05687748369644
7047600,279.05687748369644
7047630,283.80184075565654
7047660,281.95520671468194
7047690,280.4279228105474
7047720,279.7528875617956
7047750,279.4332403288214
7047780,279.28323057689556
7047810,279.21359104660746
7047840,279.1816651689871
7047870,279.1678524449163
7047900,279.16353300791326
7047930,279.16304562805914
7047960,279.16392960866693
7047990,279.165263021481
7048020,279.16668666224354
7048050,279.16806765997563
7048080,279.16936184694754
7048110,279.1705612225045
7048140,279.1716710417942
7048170,279.1727005252963
7048200,279.1736590163446
7048230,279.16788637778495
7048260,279.1680865560297
7048290,279.16809226471037
7048320,279.16809222347683
7048350,279.16809222347683
7048380,279.16809222347683
7048410,279.16809222347683
7048440,279.16809222347683
7048470,279.16809222347683
7048500,279.16809222347683
7048530,279.16809222347683
7048560,279.16809222347683
7048590,279.16809222347683
7048620,279.16809222347683
7048650,279.16809222347683
7048680,279.16809222347683
7048710,279.16809222347683
7048740,279.16809222347683
7048770,279.16809222347683
7048800,279.16809222347683
7048830,283.8837728336764
7048860,282.0275941753348
7048890,280.4923463944024
7048920,279.80886555708025
7048950,279.4816399191523
7048980,279.32509641623665
7049010,279.2499675315738
7049040,279.21357301387013
7049070,279.1960496093233
7049100,279.18869185598805
7049130,279.1856487143659
7049160,279.18433123278663
7049190,279.183741207324
7049220,279.1834743107935
7049250,279.18335303889995
7049280,279.18329806923083
7049310,279.18327331665097
7049340,279.18326239757215
7049370,279.1832576569668
7049400,279.18325573938296
7049430,279.17481296341094
7049460,279.1750101778343
7049490,279.1750109312939
7049520,279.1750109944874
7049550,279.1750109944874
7049580,279.1750109944874
7049610,279.1750109944874
7049640,279.1750109944874
7049670,279.1750109944874
7049700,279.1750109944874
7049730,279.1750109944874
7049760,279.1750109944874
7049790,279.1750109944874
7049820,279.1750109944874
7049850,279.1750109944874
7049880,279.1750109944874
7049910,279.1750109944874
7049940,279.1750109944874
7049970,279.1750109944874
7050000,279.1750109944874
7050030,283.88682416839066
7050060,282.0287427771128
7050090,280.4930047339572
7050120,279.80925302304547
7050150,279.48186623563595
7050180,279.32523562102244
7050210,279.2500595028814
7050240,279.213620091479
7050270,279.1960927770305
7050300,279.1887367026708
7050330,279.1856817888026
7050360,279.1843532553171
7050390,279.18375711255464
7050420,279.1834863473494
7050450,279.1833622381032
7050480,279.1833052551296
7050510,279.1832790532279
7050540,279.1832670785715
7050570,279.1832615440753
7050600,279.183258991023
7050630,279.174815950396
7050660,279.17502033238287
7050690,279.1750184320533
7050720,279.17501833248326
7050750,279.17501833248326
7050780,279.17501833248326
7050810,279.17501833248326
7050840,279.17501833248326
7050870,279.17501833248326
7050900,279.17501833248326
7050930,279.17501833248326
7050960,279.17501833248326
7050990,279.17501833248326
7051020,279.17501833248326
7051050,279.17501833248326
7051080,279.17501833248326
7051110,279.17501833248326
7051140,279.17501833248326
7051170,279.17501833248326
7051200,279.17501833248326
7051230,283.8867815766026
7051260,282.0287378549247
7051290,280.49298699390016
7051320,279.8092449159862
7051350,279.4818596226979
7051380,279.3252302430143
7051410,279.25005505368284
7051440,279.2136135535584
7051470,279.1960895860646
7051500,279.18874183675354
7051530,279.1856867272457
7051560,279.18435621460395
7051590,279.1837588219933
7051620,279.1834871323909
7051650,279.1833626458991
7051680,279.18330552141003
7051710,279.18327925907823
7051740,279.18326725197136
7051770,279.1832616970016
7051800,279.1832591433955
7051830,279.17481634447466
7051860,279.17501306301835
7051890,279.1750128381494
7051920,279.1750128378859
7051950,279.1750128378859
7051980,279.1750128378859
7052010,279.1750128378859
7052040,279.1750128378859
7052070,279.1750128378859
7052100,279.1750128378859
7052130,279.1750128378859
7052160,279.1750128378859
7052190,279.1750128378859
7052220,279.1750128378859
7052250,279.1750128378859
7052280,279.1750128378859
7052310,279.1750128378859
7052340,279.1750128378859
7052370,279.1750128378859
7052400,279.1750128378859
7052430,283.88677020046345
7052460,282.0287604370627
7052490,280.49299698282874
7052520,279.8092431162208
7052550,279.48186604619656
7052580,279.325234119993
7052610,279.2500617230182
7052640,279.2136371766521
7052670,279.1960874256711
7052700,279.18873053001874
7052730,279.1856784620103
7052760,279.1843518257166
7052790,279.18375670042474
7052820,279.18348634139545
7052850,279.1833623997129
7052880,279.1833054670425
7052910,279.1832793140011
7052940,279.1832672955404
7052970,279.1832617646378
7053000,279.18325922829075
7053030,279.17481614284844
7053060,279.1749936364304
7053090,279.1749512900573
7053120,279.1749496366627
7053150,279.1749496366627
7053180,279.1749496366627
7053210,279.1749496366627
7053240,279.1749496366627
7053270,279.1749496366627
7053300,279.1749496366627
7053330,279.1749496366627
7053360,279.1749496366627
7053390,279.1749496366627
7053420,279.1749496366627
7053450,279.1749496366627
7053480,279.1749496366627
7053510,279.1749496366627
7053540,279.1749496366627
7053570,279.1749496366627
7053600,279.1749496366627
7053630,283.88678382850435
7053660,282.0287669980343
7053690,280.49299986968384
7053720,279.80924464386715
7053750,279.4818603335342
7053780,279.3252383672782
7053810,279.2500718525512
7053840,279.2136863994068
7053870,279.1960887825595
7053900,279.188703590661
7053930,279.18565864102663
7053960,279.1843419977119
7053990,279.1837528545285
7054020,279.18348436704815
7054050,279.1833614144252
7054080,279.1833049833853
7054110,279.18327904787833
7054140,279.1832671214047
7054170,279.1832616316918
7054200,279.183259117859
7054230,279.17481626740107
7054260,279.17501472986703
7054290,279.17501475189437
7054320,279.17501467854015
7054350,279.17501467854015
7054380,279.17501467854015
7054410,279.17501467854015
7054440,279.17501467854015
7054470,279.17501467854015
7054500,279.17501467854015
7054530,279.17501467854015
7054560,279.17501467854015
7054590,279.17501467854015
7054620,279.17501467854015
7054650,279.17501467854015
7054680,279.17501467854015
7054710,279.17501467854015
7054740,279.17501467854015
7054770,279.17501467854015
7054800,279.17501467854015
7054830,283.88679296839973
7054860,282.02877324112114
7054890,280.49300412787414
7054920,279.8092455764473
7054950,279.4818693608573
7054980,279.3252488844703
7055010,279.2500805146825
7055040,279.21371842406506
7055070,279.1960925551007
7055100,279.1886872580069
7055130,279.185645776283
7055160,279.18433441279603
7055190,279.18374917756177
7055220,279.183482624326
7055250,279.1833605865301
7055280,279.18330455887167
7055310,279.1832788139418
7055340,279.18326698739247
7055370,279.1832615566494
7055400,279.1832590563111
7055430,279.17481593267007
7055460,279.1749938495582
7055490,279.1749866361065
7055520,279.1749862847071
7055550,279.1749862847071
7055580,279.1749862847071
7055610,279.1749862847071
7055640,279.1749862847071
7055670,279.1749862847071
7055700,279.1749862847071
7055730,279.1749862847071
7055760,279.1749862847071
7055790,279.1749862847071
7055820,279.1749862847071
7055850,279.1749862847071
7055880,279.1749862847071
7055910,279.1749862847071
7055940,279.1749862847071
7055970,279.1749862847071
7056000,279.1749862847071
7056030,283.88681793966964
7056060,282.02877447327813
7056090,280.49311869713785
7056120,279.8095065686403
7056150,279.4823244046991
7056180,279.3259729418668
7056210,279.25115258888354
7056240,279.21520262489895
7056270,279.19812665743166
7056300,279.191360983404
7056330,279.188992846989
7056360,279.188410354993
7056390,279.18861763295894
7056420,279.1892072595698
7056450,279.19000503167644
7056480,279.1909316576172
7056510,279.1919498476842
7056540,279.1930420954262
7056570,279.1941993917466
7056600,279.19541701699256
7056630,279.18377413792183
7056660,279.1840362676926
7056690,279.184036483124
7056720,279.1840364837558
7056750,279.1840364837558
7056780,279.1840364837558
7056810,279.1840364837558
7056840,279.1840364837558
7056870,279.1840364837558
7056900,279.1840364837558
7056930,279.1840364837558
7056960,279.1840364837558
7056990,279.1840364837558
7057020,279.1840364837558
7057050,279.1840364837558
7057080,279.1840364837558
7057110,279.1840364837558
7057140,279.1840364837558
7057170,279.1840364837558
7057200,279.1840364837558
7057230,283.93704225615954
7057260,282.08489071673216
7057290,280.54495452912096
7057320,279.8611049848989
7057350,279.5352677854921
7057380,279.38074945319937
7057410,279.3079343051567
7057440,279.27418789026603
7057470,279.2598162729982
7057500,279.25575747789765
7057530,279.25567478754465
7057560,279.25702604828797
7057590,279.2589460457316
7057620,279.26111417786586
7057650,279.2633975068541
7057680,279.26573759738255
7057710,279.2681071457296
7057740,279.27049299573883
7057770,279.2728884016793
7057800,279.27528952555537
7057830,279.2416768809152
7057860,279.24183662643225
7057890,279.2418633576286
7057920,279.2418593843401
7057950,279.2418593843401
7057980,279.2418593843401
7058010,279.2418593843401
7058040,279.2418593843401
7058070,279.2418593843401
7058100,279.2418593843401
7058130,279.2418593843401
7058160,279.2418593843401
7058190,279.2418593843401
7058220,279.2418593843401
7058250,279.2418593843401
7058280,279.2418593843401
7058310,279.2418593843401
7058340,279.2418593843401
7058370,279.2418593843401
7058400,279.2418593843401
7058430,284.05148028464663
7058460,282.1931441035483
7058490,280.63797265576284
7058520,279.9485090071939
7058550,279.62089199371945
7058580,279.46589967636015
7058610,279.3930600034754
7058640,279.359600214621
7058670,279.34596786705123
7058700,279.3428815738475
7058730,279.34331135213154
7058760,279.34466318061885
7058790,279.34625327420576
7058820,279.3479003120622
7058850,279.3495422829412
7058880,279.3511567196884
7058910,279.3527330989705
7058940,279.35426606678243
7058970,279.35575243946647
7059000,279.35719006371164
7059030,279.30025058730786
7059060,279.30038271851265
7059090,279.30038266220123
7059120,279.300382677307
7059150,279.300382677307
7059180,279.300382677307
7059210,279.300382677307
7059240,279.300382677307
7059270,279.300382677307
7059300,279.300382677307
7059330,279.300382677307
7059360,279.300382677307
7059390,279.300382677307
7059420,279.300382677307
7059450,279.300382677307
7059480,279.300382677307
7059510,279.300382677307
7059540,279.300382677307
7059570,279.300382677307
7059600,279.300382677307
7059630,285.10259064261527
7059660,283.7651331164659
7059690,282.13993091778485
7059720,281.12529903567844
7059750,280.4585847034246
7059780,280.0175669473031
7059810,279.7253851522538
7059840,279.53177457421856
7059870,279.40347649801816
7059900,279.3184603528103
7059930,279.26212267333904
7059960,279.22478757787457
7059990,279.20004572423005
7060020,279.1836692193961
7060050,279.1728079019223
7060080,279.16559585336245
7060110,279.1608292613432
7060140,279.15766930904994
7060170,279.1555794458935
7060200,279.1541878807414
7060230,279.15335019575537
7060260,279.15283184570274
7060290,279.1524731369453
7060320,279.1522260021957
7060350,279.1520566522881
7060380,279.1519389842652
7060410,279.1518591117072
7060440,279.1518035613627
7060470,279.15176507727955
7060500,279.15173936698596
7060530,279.1517199069262
7060560,279.1517090759649
7060590,279.1516999721431
7060620,279.15169394122944
7060650,279.1516907015831
7060680,279.1516880031155
7060710,279.1516854227346
7060740,279.1516837491129
7060770,279.1516829629364
7060800,279.15168260342404
7060830,279.15168211582983
7060860,279.15168068231816
7060890,279.15168070084536
7060920,279.15168082112007
7060950,279.15168061620494
7060980,279.15168060227666
7061010,279.15168071089096
7061040,279.15168078957777
7061070,279.1516807538552
7061100,279.15168063305833
7061130,279.15168062431763
7061160,279.15168078467
7061190,279.151680953784
7061220,279.15168094418715
7061250,279.1516808447395
7061280,279.1516807859364
7061310,279.1516808668949
7061340,279.15168074901015
7061370,279.1516805727231
7061400,279.15168093520845
7061430,279.1516809679286
7061460,279.1516793863328
7061490,279.15168043808313
7061520,279.1516816478096
7061550,279.1516819522536
7061580,279.1516822347963
7061610,279.1516820411821
7061640,279.1516796389893
7061670,279.1516793166343
7061700,279.15167980954186
7061730,279.1516808436048
7061760,279.1516816473189
7061790,279.1516814040846
7061820,279.15168112589555
7061850,279.1516807633075
7061880,279.1516808081425
7061910,279.151681568147
7061940,279.151683332057
7061970,279.1516843377799
7062000,279.15168345165046
7062030,279.15168143510726
7062060,279.1516793651828
7062090,279.15168016425673
7062120,279.1516810484881
7062150,279.1516812456887
7062180,279.15168224687477
7062210,279.1516839719581
7062240,279.1516850594436
7062270,279.1516847991553
7062300,279.1516835550186
7062330,279.1516824215121
7062360,279.15168332347355
7062390,279.1516845616714
7062420,279.1516856132841
7062450,279.1516873021669
7062480,279.1516865102357
7062510,279.1516834234887
7062540,279.15168185823313
7062570,279.15168151611203
7062600,279.15168149613106
7062630,279.1516822703523
7062660,279.15168614971907
7062690,279.1516875136815
7062720,279.15168822185285
7062750,279.15169480007296
7062780,279.15169719900234
7062810,279.15169347444646
7062840,279.1516894209978
7062870,279.15168645524943
7062900,279.1516845027274
7062930,279.15168323632236
7062960,279.15168241196517
7062990,279.15168187871484
7063020,279.1516815394944
7063050,279.1516813294658
7063080,279.1516812052662
7063110,279.1516811378356
7063140,279.1516811075139
7063170,279.1516811009646
7063200,279.15168110912487
7063230,279.151681423049
7063260,279.1516799349216
7063290,279.15167610358253
7063320,279.15167538105766
7063350,279.1516763511266
7063380,279.15167703254434
7063410,279.1516771888576
7063440,279.15167598453274
7063470,279.1516733461896
7063500,279.151670152221
7063530,279.151667401686
7063560,279.1516655670409
7063590,279.1516646106208
7063620,279.15166429385795
7063650,279.15166439485927
7063680,279.15166476563445
7063710,279.15166531485823
7063740,279.1516659834386
7063770,279.1516667308425
7063800,279.15166752891366
7063830,279.15166688464984
7063860,279.1516580353626
7063890,279.1516550036455
7063920,279.151661781036
7063950,279.1516678427905
7063980,279.15167170468084
7064010,279.15167418246523
7064040,279.1516760166182
7064070,279.15167730587234
7064100,279.1516782343953
7064130,279.15167888962316
7064160,279.15167937919983
7064190,279.15167984481207
7064220,279.1516803948726
7064250,279.15168107582343
7064280,279.1516818888141
7064310,279.15168281956227
7064340,279.1516838573196
7064370,279.1516849996174
7064400,279.1516862508277
7064430,279.15168690418767
7064460,279.15168568740216
7064490,279.1516834937045
7064520,279.1516824544374
7064550,279.15168284156186
7064580,279.1516838558846
7064610,279.15168409619366
7064640,279.1516840139675
7064670,279.15168381224316
7064700,279.15168330878106
7064730,279.15168261346014
7064760,279.1516819642951
7064790,279.1516815027905
7064820,279.1516812442559
7064850,279.15168115076
7064880,279.15168118686813
7064910,279.15168133469973
7064940,279.1516815903281
7064970,279.15168195870444
7065000,279.1516824509686
7065030,279.15168265008856
7065060,279.1516811204013
7065090,279.15168056183325
7065120,279.1516813054429
7065150,279.15168180956795
7065180,279.15168175629225
7065210,279.1516815069733
7065240,279.151681379011
7065270,279.15168147148825
7065300,279.15168159666587
7065330,279.1516815320286
7065360,279.15168126888307
7065390,279.1516809578179
7065420,279.1516807386736
7065450,279.1516806714742
7065480,279.1516807640572
7065510,279.15168101259036
7065540,279.1516812471263
7065570,279.1516812779237
7065600,279.1516811059798
7065630,279.1516810838169
7065660,279.15168355697324
7065690,279.15168503460075
7065720,279.15168508874086
7065750,279.15168527099877
7065780,279.151685331737
7065810,279.15168588426167
7065840,279.15168605229553
7065870,279.1516890135907
7065900,279.1516909336446
7065930,279.15168924394925
7065960,279.1516858861356
7065990,279.15168548015066
7066020,279.15168646121674
7066050,279.15168745776737
7066080,279.1516901850462
7066110,279.1516906693427
7066140,279.151687639625
7066170,279.15168448284334
7066200,279.15169164587667
7066230,279.1517006051534
7066260,279.1516984480556
7066290,279.1516933698392
7066320,279.15168858619194
7066350,279.15168589515093
7066380,279.15168949424174
7066410,279.1516923852556
7066440,279.1516903046353
7066470,279.15168690514787
7066500,279.15168553330545
7066530,279.15168421516927
7066560,279.15168325400623
7066590,279.1516826006286
7066620,279.15168219998014
7066650,279.1516819850643
7066680,279.15168188386616
7066710,279.1516818417086
7066740,279.15168182911253
7066770,279.15168183290046
7066800,279.15168184628857
7066830,279.152415205311
7066860,279.1532391710815
7066890,279.15402131583534
7066920,279.15494471475307
7066950,279.1559012958417
7066980,279.1568483553115
7067010,279.1577953706226
7067040,279.15874256389657
7067070,279.15969082784466
7067100,279.160639140851
7067130,279.16157713682037
7067160,279.16249524071895
7067190,279.16342640806505
7067220,279.16435352095056
7067250,279.1652794689571
7067280,279.166195778996
7067310,279.1671361046207
7067340,279.16808559972736
7067370,279.16903295331247
7067400,279.16997645498515
7067430,279.17092912799177
7067460,279.1718950918694
7067490,279.1728349586862
7067520,279.17377810143495
7067550,279.17473697547837
7067580,279.1756883408732
7067610,279.1766330765086
7067640,279.1775766885299
7067670,279.178522930616
7067700,279.1794705274515
7067730,279.1804158207745
7067760,279.18135997909593
7067790,279.1823063165673
7067820,279.18325346512466
7067850,279.18418995308934
7067880,279.18511652409177
7067910,279.18606485015005
7067940,279.1870169164304
7067970,279.18796367570474
7068000,279.1889025452596
7068030,279.18984077435556
7068060,279.190782124718
7068090,279.19170364475167
7068120,279.1926232754916
7068150,279.19354194593836
7068180,279.19440587825727
7068210,279.1952385508497
7068240,279.1961010451876
7068270,279.19702117844406
7068300,279.1979589814458
7068330,279.198882279469
7068360,279.19981349160076
7068390,279.2007550972326
7068420,279.20169867344646
7068450,279.20264406550746
7068480,279.2036043137889
7068510,279.20453256713245
7068540,279.2054350081813
7068570,279.2063514220255
7068600,279.2072900049283
7068630,279.2082341181117
7068660,279.2091813483932
7068690,279.2101325737625
7068720,279.2110851405836
7068750,279.2120366192512
7068780,279.2129934520848
7068810,279.21394769798735
7068840,279.2148974249423
7068870,279.2158473741039
7068900,279.2167970671484
7068930,279.21772478539873
7068960,279.21863552013235
7068990,279.2195587607352
7069020,279.2205052413786
7069050,279.22145669991295
7069080,279.2224063048138
7069110,279.22335401860533
7069140,279.2243002912171
7069170,279.2252474493863
7069200,279.2262127819136
7069230,279.2271724081826
7069260,279.2281225422723
7069290,279.22906888145775
7069320,279.2300143073329
7069350,279.2309597858429
7069380,279.23190534555
7069410,279.2328508850079
7069440,279.23379637283824
7069470,279.23474181776044
7069500,279.23568723408306
7069530,279.2366326337046
7069560,279.23757802671173
7069590,279.238523422067
7069620,279.23946882776414
7069650,279.24041437036846
7069680,279.2413600593702
7069710,279.2423058301724
7069740,279.24325180909153
7069770,279.24419794429025
7069800,279.2451440094097
7069830,279.246089855052
7069860,279.2470353778036
7069890,279.2479780386203
7069920,279.2489197365138
7069950,279.2498627575375
7069980,279.25080744206974
7070010,279.25175304540215
7070040,279.25269886332734
7070070,279.2536446411496
7070100,279.2545904083628
7070130,279.2555362496821
7070160,279.2564821891329
7070190,279.2574281730231
7070220,279.25837411496724
7070250,279.2593199528302
7070280,279.26026567709556
7070310,279.26121132346856
7070340,279.2621569456913
7070370,279.2631025886485
7070400,279.26404827407634
7070430,279.2649918144178
7070460,279.2659322856894
7070490,279.2668778957839
7070520,279.2678301640702
7070550,279.2687801616622
7070580,279.2697224997419
7070610,279.27066306231626
7070640,279.27160826251156
7070670,279.2725560016026
7070700,279.27349980636745
7070730,279.27443973705476
7070760,279.27538211783127
7070790,279.27632706298874
7070820,279.2772814378761
7070850,279.27823585241714
7070880,279.2791778827473
7070910,279.28011234542265
7070940,279.2810499131119
7070970,279.28198416250405
7071000,279.2829157049367
7071030,279.28385129918706
7071060,279.28479358292736
7071090,279.28573761999604
7071120,279.2866817632171
7071150,279.2876253773111
7071180,279.28856861013475
7071210,279.28951189409645
7071240,279.2904554684832
7071270,279.29139939427836
7071300,279.29234345832305
7071330,279.29328739897966
7071360,279.2942312699114
7071390,279.29517510910864
7071420,279.2961188715055
7071450,279.297062497575
7071480,279.29800605588207
7071510,279.2989495848629
7071540,279.29989314865236
7071570,279.3008367270204
7071600,279.3017803452817
7071630,279.30272430148193
7071660,279.3036683491693
7071690,279.3046102669827
7071720,279.3055528435922
7071750,279.306514371185
7071780,279.3074691306764
7071810,279.30842362270783
7071840,279.3093838316946
7071870,279.31033746502493
7071900,279.31128153799483
7071930,279.31221344753504
7071960,279.31312212024955
7071990,279.3140071385294
7072020,279.31490270986
7072050,279.31584668476216
7072080,279.31681720131604
7072110,279.3177487657734
7072140,279.31865167226687
7072170,279.31959797841154
7072200,279.32052019419143
7072230,279.3214585186237
7072260,279.32241992723596
7072290,279.3233703912234
7072320,279.3243100960464
7072350,279.3252444703916
7072380,279.32618072312624
7072410,279.3271196553848
7072440,279.32805811925715
7072470,279.32898938158917
7072500,279.3299074428955
7072530,279.33082602209544
7072560,279.3317549805185
7072590,279.33269352837505
7072620,279.333631295251
7072650,279.33456480987064
7072680,279.3355005244739
7072710,279.3364426397613
7072740,279.33738968871137
7072770,279.3383441356803
7072800,279.3393079284289
7072830,279.3402599961876
7072860,279.3412088951734
7072890,279.3421552905888
7072920,279.34310278113327
7072950,279.3440523616809
7072980,279.34500253948863
7073010,279.3459499007065
7073040,279.3468929018809
7073070,279.34783595427274
7073100,279.3487815328903
7073130,279.3497281846885
7073160,279.3506747061851
7073190,279.3516227651234
7073220,279.3525715891631
7073250,279.35352128417816
7073280,279.35446997815467
7073310,279.355416589881
7073340,279.3563617758282
7073370,279.3573066507333
7073400,279.35825183111416
7073430,279.3591971362482
7073460,279.3601415673405
7073490,279.3610770189925
7073520,279.3620222502789
7073550,279.3629690220554
7073580,279.36391070248584
7073610,279.3648620065071
7073640,279.3658117468149
7073670,279.36675718714514
7073700,279.3677031501064
7073730,279.36866941454815
7073760,279.36965381442894
7073790,279.3706122863934
7073820,279.3715581614122
7073850,279.37250125751734
7073880,279.37344598786274
7073910,279.3743909989724
7073940,279.37533603048263
7073970,279.3762822997337
7074000,279.3772307347048
7074030,279.3781824237087
7074060,279.3791331586082
7074090,279.38007920474655
7074120,279.3810209177472
7074150,279.38196040077213
7074180,279.38289878100875
7074210,279.38383675931794
7074240,279.38477714876285
7074270,279.3857195288658
7074300,279.38666311004954
7074330,279.3876076286062
7074360,279.3885527315513
7074390,279.3894980452371
7074420,279.3904433754875
7074450,279.3913886859757
7074480,279.39233399198184
7074510,279.3932793048766
7074540,279.3942246263349
7074570,279.39516995500895
7074600,279.39611528984466
7074630,279.39706063469504
7074660,279.3980059925254
7074690,279.39895136182497
7074720,279.3998964760385
7074750,279.400841324309
7074780,279.40178621120066
7074810,279.40273133552245
7074840,279.4036766561337
7074870,279.4046220543981
7074900,279.4055674610731
7074930,279.40651286076275
7074960,279.4074582567427
7074990,279.4084036519316
7075020,279.4093490464042
7075050,279.4102944391822
7075080,279.4112398293706
7075110,279.41218521624296
7075140,279.4131305990301
7075170,279.4140759768684
7075200,279.4150213488846
7075230,279.4159681053716
7075260,279.4169150200837
7075290,279.4178610541198
7075320,279.4188058480329
7075350,279.4197471918877
7075380,279.4206869405177
7075410,279.42162931536876
7075440,279.4225737878573
7075470,279.42351904147
7075500,279.4244645079798
7075530,279.42540995050354
7075560,279.426355338635
7075590,279.4273006957608
7075620,279.4282460384024
7075650,279.42919137094754
7075680,279.4301366927119
7075710,279.4310820022581
7075740,279.43202729851146
7075770,279.4329725807176
7075800,279.433917848185
7075830,279.4348631218465
7075860,279.43580841889246
7075890,279.4367537175282
7075920,279.43769901159624
7075950,279.43864429810486
7075980,279.43958957609846
7076010,279.44053484404407
7076040,279.4414801001666
7076070,279.4424253432551
7076100,279.4433705725201
7076130,279.4443157872726
7076160,279.445260986901
7076190,279.4462061708087
7076220,279.4471513383655
7076250,279.4480964889975
7076280,279.4490416221559
7076310,279.44998673732897
7076340,279.45093183396307
7076370,279.4518769113908
7076400,279.4528219689952
7076430,279.4537670244943
7076460,279.4547120946344
7076490,279.45565716502205
7076520,279.4566022465753
7076550,279.45754729580693
7076580,279.45849229618
7076610,279.4594372670724
7076640,279.46037620322704
7076670,279.46130114051994
7076700,279.46221024296705
7076730,279.463108271516
7076760,279.4640014054704
7076790,279.4648935144007
7076820,279.46578593809954
7076850,279.4666787732805
7076880,279.46757185019953
7076910,279.468465059556
7076940,279.4693583586954
7076970,279.47025172602525
7077000,279.471145139876
7077030,279.4720496768959
7077060,279.47298042160406
7077090,279.4739223467572
7077120,279.4748637378599
7077150,279.4758058854823
7077180,279.4767491567459
7077210,279.477693670223
7077240,279.47863835159046
7077270,279.4795829839802
7077300,279.4805275708708
7077330,279.4814721339976
7077360,279.48241667748454
7077390,279.4833611988176
7077420,279.48430569664373
7077450,279.4852501708433
7077480,279.48619462137094
7077510,279.4871390479583
7077540,279.4880834503446
7077570,279.4890278283434
7077600,279.4899721817077
7077630,279.49091651118914
7077660,279.49186083069367
7077690,279.4928052068511
7077720,279.49375212161004
7077750,279.49469998085084
7077780,279.49564706271224
7077810,279.49659368389854
7077840,279.4975407828395
7077870,279.49849045369626
7077900,279.4994441446962
7077930,279.5004012084064
7077960,279.5013599373104
7077990,279.5023190460801
7078020,279.50327805910973
7078050,279.50423695000575
7078080,279.50519578350577
7078110,279.50615459294403
7078140,279.5071133838129
7078170,279.50807215508297
7078200,279.50903090675325
7078230,279.50998584341585
7078260,279.5109339127539
7078290,279.51187747586744
7078320,279.512819327851
7078350,279.5137608018484
7078380,279.51470400800315
7078410,279.5156491673628
7078440,279.5165962201667
7078470,279.5175424399833
7078500,279.51849034361953
7078530,279.51943850405013
7078560,279.5203858623776
7078590,279.5213325446559
7078620,279.5222777800504
7078650,279.52322295993196
7078680,279.5241730452826
7078710,279.52512856731744
7078740,279.5260872522735
7078770,279.52704665652345
7078800,279.5280057077498
7078830,279.52896033621647
7078860,279.5299076076352
7078890,279.53084943883897
7078920,279.531791054028
7078950,279.53273405592364
7078980,279.5336760165773
7079010,279.5346185363918
7079040,279.53556605277845
7079070,279.53651988730616
7079100,279.53747765679185
7079130,279.5384366085131
7079160,279.5393954782822
7079190,279.54035412021835
7079220,279.5413126811017
7079250,279.5422712448777
7079280,279.5432298235842
7079310,279.54418841091666
7079340,279.54514700299165
7079370,279.54610559905007
7079400,279.5470641989892
7079430,279.54801917040925
7079460,279.5489665414572
7079490,279.54991525819895
7079520,279.55086384862847
7079550,279.5518090205666
7079580,279.5527532918504
7079610,279.5536972600973
7079640,279.5546411333009
7079670,279.5555849757497
7079700,279.55652880626866
7079730,279.5574726302157
7079760,279.55841644905576
7079790,279.55936026337696
7079820,279.5603040734063
7079850,279.5612478792528
7079880,279.562191680914
7079910,279.5631354785154
7079940,279.564079272105
7079970,279.5650230618332
7080000,279.56596684770034
7080030,279.56691118448106
7080060,279.56785491569207
7080090,279.56879902896935
7080120,279.5697416984897
7080150,279.57068483461904
7080180,279.57162856151683
7080210,279.5725710577652
7080240,279.57351629817066
7080270,279.57446122986994
7080300,279.57540813736256
7080330,279.57636125635355
7080360,279.5773178532159
7080390,279.5782735026702
7080420,279.5792294537341
7080450,279.5801862642098
7080480,279.58114285458197
7080510,279.58209956544067
7080540,279.58305627921044
7080570,279.5840128676717
7080600,279.5849694788087
7080630,279.58592380349114
7080660,279.5868707265475
7080690,279.58781519816256
7080720,279.58875875249043
7080750,279.5897013143931
7080780,279.59064478885534
7080810,279.5915898329541
7080840,279.59253619814024
7080870,279.59347936316493
7080900,279.5944193637232
7080930,279.59536364890914
7080960,279.5963104618622
7080990,279.5972568209768
7081020,279.5982023965547
7081050,279.59914206666315
7081080,279.6000798555
7081110,279.60102343609043
7081140,279.6019724320281
7081170,279.60292557170584
7081200,279.60388125551077
7081230,279.604834858554
7081260,279.60578218393647
7081290,279.60672660317266
7081320,279.60767013978494
7081350,279.60861366958403
7081380,279.60955219132615
7081410,279.6104800371021
7081440,279.6113970458118
7081470,279.61230712386214
7081500,279.61321400396224
7081530,279.61411950427527
7081560,279.6150240951625
7081590,279.61592780728364
7081620,279.61683065146235
7081650,279.61773268560677
7081680,279.6186339877499
7081710,279.6195346372225
7081740,279.6204347106061
7081770,279.62133428216123
7081800,279.6222334244948
7081830,279.6231451246495
7081860,279.62408512028173
7081890,279.62502807595234
7081920,279.6259644864131
7081950,279.6269046889063
7081980,279.6278475635388
7082010,279.6287909695545
7082040,279.62973463407747
7082070,279.6306783504632
7082100,279.63162205693754
7082130,279.63256575053634
7082160,279.63350943695247
7082190,279.63445311899767
7082220,279.63539679720935
7082250,279.63634047129256
7082280,279.6372841408637
7082310,279.6382278056681
7082340,279.63917146548937
7082370,279.64011512011984
7082400,279.64105876938953
7082430,279.6420025032348
7082460,279.64294663975005
7082490,279.6438908427345
7082520,279.6448347114066
7082550,279.64577842160185
7082580,279.646720425694
7082610,279.6476625671535
7082640,279.6486054125643
7082670,279.64954871437925
7082700,279.6504922051844
7082730,279.65143575393773
7082760,279.6523793123219
7082790,279.65332286470556
7082820,279.6542664058194
7082850,279.6552099333242
7082880,279.6561534456194
7082910,279.65709694128884
7082940,279.658040418734
7082970,279.6589838764503
7083000,279.65992731290476
7083030,279.66086966864714
7083060,279.66181094090285
7083090,279.6627535472996
7083120,279.66369682866247
7083150,279.66464024235677
7083180,279.66558368521385
7083210,279.66652712598983
7083240,279.66747055526855
7083270,279.6684139696851
7083300,279.6693573673761
7083330,279.6703007468286
7083360,279.6712441065039
7083390,279.67218744512456
7083420,279.67313076163765
7083450,279.67407405500916
7083480,279.6750173240532
7083510,279.67596056775153
7083540,279.6769037853845
7083570,279.677846976394
7083600,279.6787901404704
7083630,279.6797333563369
7083660,279.6806766359955
7083690,279.68161944447996
7083720,279.68256421098533
7083750,279.68350885972677
7083780,279.684452516157
7083810,279.6853959052057
7083840,279.6863392008589
7083870,279.68728245976797
7083900,279.6882256986645
7083930,279.6891689222525
7083960,279.690112132592
7083990,279.69105533109035
7084020,279.6919985193169
7084050,279.69294169925985
7084080,279.69388487329456
7084110,279.69482804398183
7084140,279.6957712144944
7084170,279.6967143884031
7084200,279.6976575699862
7084230,279.69860077705613
7084260,279.6995439877035
7084290,279.70048683401177
7084320,279.70143018481997
7084350,279.70237854009895
7084380,279.7033310683701
7084410,279.7042824084287
7084440,279.7052335451688
7084470,279.70618918571887
7084500,279.70715051344115
7084530,279.70811509556023
7084560,279.70908038475613
7084590,279.7100452843468
7084620,279.71100965606666
7084650,279.71197357555474
7084680,279.7129370540932
7084710,279.7139000439841
7084740,279.7148624834712
7084770,279.71582431295934
7084800,279.71678547493195
7084830,279.7177414276246
7084860,279.71869321645
7084890,279.7196376041403
7084920,279.7205814430776
7084950,279.72152499004153
7084980,279.7224682204356
7085010,279.72341133243697
7085040,279.7243544603217
7085070,279.7252976184574
7085100,279.72624078605253
7085130,279.7271839523861
7085160,279.72812711585755
7085190,279.72907027595465
7085220,279.7300134310655
7085250,279.7309565790565
7085280,279.73189971773695
7085310,279.7328428447991
7085340,279.73378595781884
7085370,279.73472905431333
7085400,279.73567213173675
7085430,279.73661525226396
7085460,279.7375584598303
7085490,279.73850170280986
7085520,279.739444355272
7085550,279.7403887786731
7085580,279.741333310288
7085610,279.74227478158576
7085640,279.74320792823886
7085670,279.74414129200005
7085700,279.7450813072653
7085730,279.74602482444124
7085760,279.7469685703141
7085790,279.7479120502237
7085820,279.7488552150023
7085850,279.749798397241
7085880,279.7507416480992
7085910,279.7516849417428
7085940,279.7526282351868
7085970,279.7535714913503
7086000,279.7545147023719
7086030,279.7554580771664
7086060,279.7564053287969
7086090,279.75735463703154
7086120,279.75830140153664
7086150,279.75924556745764
7086180,279.7601899906246
7086210,279.7611366024784
7086240,279.7620801121564
7086270,279.7630229067614
7086300,279.7639633560534
7086330,279.764902186429
7086360,279.7658431496166
7086390,279.76678497281165
7086420,279.7677269039395
7086450,279.7686690086938
7086480,279.76961142861506
7086510,279.7705540440515
7086540,279.7714966772285
7086570,279.77243924640914
7086600,279.77338174505866
7086630,279.7743233253763
7086660,279.7752654461857
7086690,279.7762088632321
7086720,279.777152782136
7086750,279.77809615243416
7086780,279.7790391491267
7086810,279.7799821238624
7086840,279.7809250926713
7086870,279.7818680623236
7086900,279.78281101533486
7086930,279.78375396070106
7086960,279.78469688502537
7086990,279.7856398003664
7087020,279.78658269373943
7087050,279.7875255778715
7087080,279.78846843950464
7087110,279.7894112916531
7087140,279.7903541207684
7087170,279.7912969400571
7087200,279.7922397359135
7087230,279.7931825152518
7087260,279.7941252426189
7087290,279.79506352979524
7087320,279.79600244439393
7087350,279.7969428344588
7087380,279.7978804016257
7087410,279.79882122555915
7087440,279.79976327913204
7087470,279.8007057508311
7087500,279.8016483290097
7087530,279.80259093320257
7087560,279.80353352549014
7087590,279.80447611011937
7087620,279.8054186738761
7087650,279.80636122678106
7087680,279.80730375828966
7087710,279.80824627834477
7087740,279.80918877734376
7087770,279.8101312643221
7087800,279.81107373023207
7087830,279.81201618022556
7087860,279.8129585981641
7087890,279.81390101046657
7087920,279.8148430350757
7087950,279.8157811278969
7087980,279.8167218665474
7088010,279.8176635384965
7088040,279.81860575888106
7088070,279.8195497862427
7088100,279.8204955060741
7088130,279.82143445779127
7088160,279.8223585499506
7088190,279.82326830499886
7088220,279.8241695122693
7088250,279.82506689270275
7088280,279.82596216471137
7088310,279.826855319353
7088340,279.82774597747346
7088370,279.8286338573563
7088400,279.82951876311245
7088430,279.8304134343877
7088460,279.83133897012533
7088490,279.8322776984002
7088520,279.83321870773784
7088550,279.8341602241742
7088580,279.8351021213327
7088610,279.8360429398025
7088640,279.8369849252923
7088670,279.8379274632546
7088700,279.8388696977981
7088730,279.83981177414466
7088760,279.84075378984903
7088790,279.8416957819565
7088820,279.84263776140943
7088850,279.8435797312638
7088880,279.8445216922179
7088910,279.8454636441575
7088940,279.84640558704046
7088970,279.84734752083443
7089000,279.84828944523383
7089030,279.8492313699621
7089060,279.85017313423316
7089090,279.85111048058644
7089120,279.85204500755077
7089150,279.8529828190036
7089180,279.85392253276376
7089210,279.8548627094997
7089240,279.8558027947363
7089270,279.85674273673897
7089300,279.8576825952234
7089330,279.8586224082745
7089360,279.85956219057795
7089390,279.8605019464252
7089420,279.8614416765743
7089450,279.86238138089675
7089480,279.8633221805697
7089510,279.8642632872663
7089540,279.86520477503933
7089570,279.8661464523864
7089600,279.86708819337315
7089630,279.8680299605806
7089660,279.86897174463115
7089690,279.8699135281963
7089720,279.87085530643554
7089750,279.8717970775778
7089780,279.8727388408405
7089810,279.87368059575556
7089840,279.8746223421551
7089870,279.87556407957146
7089900,279.87650580774374
7089930,279.87744752638724
7089960,279.87838923506297
7089990,279.87933093346516
7090020,279.8802726212279
7090050,279.881214298082
7090080,279.8821559637519
7090110,279.88309761769506
7090140,279.88403925950195
7090170,279.8849808886784
7090200,279.8859225048769
7090230,279.8868611827095
7090260,279.887795871243
7090290,279.88873488346695
7090320,279.8896756403247
7090350,279.89061701163837
7090380,279.89155856264136
7090410,279.89250015679806
7090440,279.8934417555353
7090470,279.89438334803765
7090500,279.89532493113273
7090530,279.8962665037001
7090560,279.8972080650161
7090590,279.89814961461184
7090620,279.89909115170343
7090650,279.90003267577174
7090680,279.9009741863597
7090710,279.90191568283683
7090740,279.9028571644318
7090770,279.90379863064885
7090800,279.9047400807265
7090830,279.90568095899147
7090860,279.9066154935241
7090890,279.9075518341871
7090920,279.90849177793007
7090950,279.90943278309373
7090980,279.91037412617504
7091010,279.911315559328
7091040,279.9122570090499
7091070,279.91319845476664
7091100,279.91413989035357
7091130,279.9150813137685
7091160,279.9160227237804
7091190,279.91696411952734
7091220,279.9179055002953
7091250,279.918846865137
7091280,279.91978821313865
7091310,279.92072954350755
7091340,279.9216708554671
7091370,279.9226121479721
7091400,279.9235534197823
7091430,279.9244929734941
7091460,279.92543230108686
7091490,279.92637300702063
7091520,279.92731415312437
7091550,279.9282554393094
7091580,279.929196758609
7091610,279.9301380780472
7091640,279.9310793879881
7091670,279.9320206850917
7091700,279.932961967687
7091730,279.933903234509
7091760,279.93484448439386
7091790,279.9357857161011
7091820,279.93672692832234
7091850,279.9376681197225
7091880,279.9386092890619
7091910,279.9395504349723
7091940,279.94049155585685
7091970,279.94143265013565
7092000,279.94237371629134
7092030,279.9433148305316
7092060,279.9442552974121
7092090,279.94519551545744
7092120,279.9461354540767
7092150,279.94707520997304
7092180,279.9480156180139
7092210,279.94895626402985
7092240,279.9498971919964
7092270,279.95083825273304
7092300,279.9517793499247
7092330,279.95272044378
7092360,279.95366152005846
7092390,279.95460257332
7092420,279.9555436005979
7092450,279.9564845995117
7092480,279.95742556781624
7092510,279.95836650328675
7092540,279.9593074036208
7092570,279.960248266288
7092600,279.9611890887632
7092630,279.96212998468224
7092660,279.96307099906966
7092690,279.96401204700527
7092720,279.9649509725704
7092750,279.9658881991702
7092780,279.96682602824455
7092810,279.96776527072177
7092840,279.9687051836974
7092870,279.96964503020484
7092900,279.97058464564327
7092930,279.97152413684796
7092960,279.9724635920765
7092990,279.97340303201923
7093020,279.97434245160207
7093050,279.9752818461183
7093080,279.9762212147197
7093110,279.9771605579389
7093140,279.9780998760934
7093170,279.9790391694245
7093200,279.9799784382095
7093230,279.98091782180273
7093260,279.9818581608772
7093290,279.9827988743169
7093320,279.9837397195775
7093350,279.9846805939957
7093380,279.98562146071373
7093410,279.9865623064543
7093440,279.98750312476176
7093470,279.9884439109685
7093500,279.98938466070445
7093530,279.99032536960453
7093560,279.9912660329851
7093590,279.9922066460524
7093620,279.993147203598
7093650,279.99408770018414
7093680,279.99502830900946
7093710,279.99596903264575
7093740,279.99690981143664
7093770,279.99785060215874
7093800,279.9987913833241
7093830,279.9997321639758
7093860,280.00067294419443
7093890,280.0016137191536
7093920,280.00255183324765
7093950,280.0034878136758
7093980,280.0044244661105
7094010,280.00536282523063
7094040,280.00630204335414
7094070,280.00724124237973
7094100,280.0081802115795
7094130,280.00911906981054
7094160,280.0100579221773
7094190,280.0109967962862
7094220,280.0119356891226
7094250,280.0128745975934
7094280,280.01381352278537
7094310,280.01475246736175
7094340,280.0156914341755
7094370,280.0166304261595
7094400,280.0175694462075
7094430,280.0185089900817
7094460,280.0194492412038
7094490,280.0203897278477
7094520,280.02133027923355
7094550,280.0222708265858
7094580,280.02321134334215
7094610,280.02415181651935
7094640,280.02509223675713
7094670,280.02603259555565
7094700,280.02697288435826
7094730,280.02791325941223
7094760,280.0288537281278
7094790,280.02979423936534
7094820,280.03073475346787
7094850,280.03167524855735
7094880,280.03261571201676
7094910,280.0335561343544
7094940,280.0344965070575
7094970,280.0354368217908
7095000,280.03637707012473
7095030,280.03731737410806
7095060,280.0382577808033
7095090,280.0391982120501
7095120,280.04013863197684
7095150,280.0410790220977
7095180,280.0420193714473
7095210,280.04295967146163
7095240,280.04389991406174
7095270,280.04484009136684
7095300,280.0457803416595
7095330,280.046720672143
7095360,280.0476610381579
7095390,280.0486014047474
7095420,280.0495417525956
7095450,280.050482070591
7095480,280.05142235092814
7095510,280.05236258695527
7095540,280.0533027725616
7095570,280.0542429019981
7095600,280.05518297002277
7095630,280.05612312045014
7095660,280.0570634010971
7095690,280.0580037594263
7095720,280.0589441007887
7095750,280.0598799403975
7095780,280.0608147261702
7095810,280.06175266096255
7095840,280.0626919300203
7095870,280.0636318488331
7095900,280.06457222840635
7095930,280.06551284131706
7095960,280.06645351098825
7095990,280.0673941829758
7096020,280.0683348652269
7096050,280.069275570205
7096080,280.07021630135955
7096110,280.07115705811356
7096140,280.0720978396436
7096170,280.0730386453492
7096200,280.0739794744205
7096230,280.0749203288706
7096260,280.0758612106562
7096290,280.07680536282345
7096320,280.07774906620824
7096350,280.0786907712744
7096380,280.0796318317876
7096410,280.08057275181835
7096440,280.08151368717154
7096470,280.0824546355305
7096500,280.0833955769277
7096530,280.0843365031549
7096560,280.08527740919
7096590,280.0862182877418
7096620,280.08715912990147
7096650,280.0880999265982
7096680,280.08904066927664
7096710,280.08998135003645
7096740,280.09092196182314
7096770,280.0918624985887
7096800,280.092802955476
7096830,280.0937443177605
7096860,280.0946881997647
7096890,280.09563105627456
7096920,280.09657275062705
7096950,280.0975129523349
7096980,280.09845116843667
7097010,280.0993841014016
7097040,280.100319160021
7097070,280.10125981404354
7097100,280.10220185612144
7097130,280.10314309935023
7097160,280.10408337232445
7097190,280.1050232622181
7097220,280.10596316768033
7097250,280.1069031844816
7097280,280.1078432891796
7097310,280.1087834536803
7097340,280.10972366540244
7097370,280.11066391885555
7097400,280.1116042096831
7097430,280.1125451987811
7097460,280.11348605478577
7097490,280.1144268962073
7097520,280.11536773169985
7097550,280.1163085640955
7097580,280.11724938096637
7097610,280.11819015410697
7097640,280.1191309190387
7097670,280.12007167724244
7097700,280.12101240276036
7097730,280.12195312118376
7097760,280.1228938320994
7097790,280.12383451429315
7097820,280.12477518713376
7097850,280.1257158502495
7097880,280.1266564877672
7097910,280.1275971138989
7097940,280.1285377283517
7097970,280.12947831997667
7098000,280.1304188759814
7098030,280.131359421887
7098060,280.1322947919697
7098090,280.13322895855964
7098120,280.1341673841781
7098150,280.1351077527423
7098180,280.13604822221924
7098210,280.1369886704996
7098240,280.13792908310904
7098270,280.138866500123
7098300,280.1398044820953
7098330,280.14074429911557
7098360,280.14168453941977
7098390,280.1426249067112
7098420,280.1435652635342
7098450,280.1445085644419
7098480,280.1454606227726
7098510,280.14642359199973
7098540,280.14739413935564
7098570,280.14836780074546
7098600,280.14934224814544
7098630,280.15030909386184
7098660,280.1512546122065
7098690,280.15219228566207
7098720,280.1531321508034
7098750,280.15407235482445
7098780,280.1550164342346
7098810,280.15597179282895
7098840,280.1569404710972
7098870,280.1579173801201
7098900,280.15889656273424
7098930,280.15987524151814
7098960,280.16085313747885
7098990,280.1618306057223
7099020,280.16280780243324
7099050,280.1637846822063
7099080,280.1647611485778
7099110,280.16573711467953
7099140,280.1667125039886
7099170,280.16768724314517
7099200,280.16866125945864
7099230,280.1696293343078
7099260,280.17058185197783
7099290,280.17152716612014
7099320,280.17246896366424
7099350,280.1734104140154
7099380,280.17434990034405
7099410,280.1752891870189
7099440,280.1762289466714
7099470,280.177168936652
7099500,280.17810902616003
7099530,280.1790491709118
7099560,280.1799893619707
7099590,280.18092960158936
7099620,280.18186974911646
7099650,280.1828097994376
7099680,280.1837497996722
7099710,280.18468978625907
7099740,280.1856297790833
7099770,280.1865697900622
7099800,280.18750982783746
7099830,280.1884514659669
7099860,280.1893952159342
7099890,280.190337296126
7099920,280.1912802283564
7099950,280.1922241953108
7099980,280.1931663473357
7100010,280.1941070212946
7100040,280.19504714967064
7100070,280.19598604115384
7100100,280.19692205307246
7100130,280.19785477195074
7100160,280.1987853259106
7100190,280.1997150725132
7100220,280.20064470869477
7100250,280.20157436437273
7100280,280.2025039796243
7100310,280.2034335100753
7100340,280.2043629514118
7100370,280.2052923157568
7100400,280.2062216163544
7100430,280.20715510142315
7100460,280.2080966057897
7100490,280.20904359378255
7100520,280.2099894206006
7100550,280.21093261889825
7100580,280.2118754898045
7100610,280.2128173560339
7100640,280.2137561369297
7100670,280.21469449617496
7100700,280.2156334376688
7100730,280.21657280170155
7100760,280.2175123040518
7100790,280.2184517828294
7100820,280.21939116010014
7100850,280.2203303901578
7100880,280.22126943512734
7100910,280.2222087025619
7100940,280.223148220348
7100970,280.224087865643
7101000,280.22502754398226
7101030,280.2259672375513
7101060,280.2269069349942
7101090,280.22784662250973
7101120,280.22878386016754
7101150,280.2297176117402
7101180,280.23064915226047
7101210,280.2315800719412
7101240,280.23251105690747
7101270,280.23344219499506
7101300,280.2343734526434
7101330,280.2353048342438
7101360,280.23623635551456
7101390,280.23716802468346
7101420,280.2380998420108
7101450,280.23903180758543
7101480,280.2399639212082
7101510,280.2408961833698
7101540,280.24182859362907
7101570,280.24276115175843
7101600,280.2436938567964
7101630,280.2446287257907
7101660,280.24556632574456
7101690,280.2465054551415
7101720,280.24744478153576
7101750,280.248381213324
7101780,280.2493145660633
7101810,280.2502471338326
7101840,280.2511804696182
7101870,280.2521145069174
7101900,280.25304877001776
7101930,280.25398304478233
7101960,280.2549173588518
7101990,280.25585176302866
7102020,280.256786277296
7102050,280.25772089446184
7102080,280.2586556078207
7102110,280.2595904091976
7102140,280.2605252941493
7102170,280.261460255699
7102200,280.26239528869405
7102230,280.26333196436923
7102260,280.2642686928491
7102290,280.26520643876216
7102320,280.26614508396614
7102350,280.2670840237506
7102380,280.268020703973
7102410,280.2689553492201
7102440,280.26988988531065
7102470,280.27082521264265
7102500,280.27176092702774
7102530,280.27269655787296
7102560,280.27363199607066
7102590,280.27456732878414
7102620,280.27550261715953
7102650,280.2764378729794
7102680,280.27737308247697
7102710,280.27830823361535
7102740,280.2792433151718
7102770,280.2801783183624
7102800,280.28111323301846
7102830,280.2820494657266
7102860,280.2829876215679
7102890,280.28392646768043
7102920,280.2848655537343
7102950,280.28580469982603
7102980,280.2867438303669
7103010,280.2876829585152
7103040,280.2886220824145
7103070,280.28956118389266
7103100,280.2905002773378
7103130,280.29143936216786
7103160,280.292378426977
7103190,280.29331745963356
7103220,280.29425648458914
7103250,280.2951955051185
7103280,280.29613451255705
7103310,280.2970734983893
7103340,280.29801245668375
7103370,280.29895138363986
7103400,280.2998903068854
7103430,280.3008292300749
7103460,280.3017681468129
7103490,280.30270705270027
7103520,280.30364496123224
7103550,280.3045796770107
7103580,280.3055168301056
7103610,280.3064551669428
7103640,280.30739410212635
7103670,280.3083329201931
7103700,280.30926968320244
7103730,280.3102046900416
7103760,280.31113745801815
7103790,280.31206696617517
7103820,280.31300173981583
7103850,280.3139390752903
7103880,280.31487732273763
7103910,280.31581586845374
7103940,280.31675445831775
7103970,280.31769304308284
7104000,280.31863161526763
7104030,280.3195701657451
7104060,280.3205086920941
7104090,280.3214449853059
7104120,280.32237943541463
7104150,280.3233143263548
7104180,280.324248720567
7104210,280.3251843524241
7104240,280.32612096931337
7104270,280.3270584564315
7104300,280.32799646773594
7104330,280.328934755318
7104360,280.32987298179137
7104390,280.33081122174747
7104420,280.33174947783806
7104450,280.33268771538934
7104480,280.3336259230567
7104510,280.33456411668595
7104540,280.33550230969206
7104570,280.33644050493143
7104600,280.33737870357174
7104630,280.33831687753
7104660,280.33925500038583
7104690,280.1839525293605
7104720,279.89222348767566
7104750,279.655996337173
7104780,279.4976707463115
7104810,279.3895704208692
7104840,279.3153023753665
7104870,279.26422699180506
7104900,279.22909291120305
7104930,279.20492801562597
7104960,279.1883060043514
7104990,279.1768740988253
7105020,279.1690089935662
7105050,279.1635978806529
7105080,279.15987701712004
7105110,279.15732180536367
7105140,279.1555592761609
7105170,279.1543372871836
7105200,279.1535144632796
7105230,279.1529575519975
7105260,279.15256868562835
7105290,279.15229411129235
7105320,279.15209381050755
7105350,279.15195211171323
7105380,279.1518564485634
7105410,279.1517935963686
7105440,279.1517576270531
7105470,279.1517396641395
7105500,279.15171715435923
7105530,279.15169822757974
7105560,279.1516883498076
7105590,279.1516842340392
7105620,279.1516801580749
7105650,279.15167608574853
7105680,279.1516752341063
7105710,279.15167666861464
7105740,279.1516755289073
7105770,279.1516736652634
7105800,279.15167515892443
7105830,279.15167102800257
7105860,279.1516692111967
7105890,279.1516638359098
7105920,279.15165543129524
7105950,279.15165809731576
7105980,279.15166389104667
7106010,279.15166617396477
7106040,279.1516651461764
7106070,279.1516628210636
7106100,279.1516597970322
7106130,279.15166250784904
7106160,279.1516665619786
7106190,279.15166849923526
7106220,279.15166965317496
7106250,279.1516696021986
7106280,279.1516695836046
7106310,279.15166995194005
7106340,279.15167106599074
7106370,279.15167262800804
7106400,279.1516735580407
7106430,279.15167430052264
7106460,279.1516741924847
7106490,279.1516769782698
7106520,279.15168238700153
7106550,279.1516889986255
7106580,279.15170116908865
7106610,279.1517034438635
7106640,279.1517036387873
7106670,279.15170279525904
7106700,279.15169808691587
7106730,279.1516998841416
7106760,279.15171615304155
7106790,279.15171843088586
7106820,279.1517095853343
7106850,279.15170087166155
7106880,279.1516945627975
7106910,279.1516901078942
7106940,279.1516871613847
7106970,279.15168544710616
7107000,279.1516839792061
7107030,279.1516829262628
7107060,279.15165923912895
7107090,279.1516290460661
7107120,279.15153760624884
7107150,279.15155501451557
7107180,279.15159130228176
7107210,279.1516203501385
7107240,279.1516361944939
7107270,279.1516472807354
7107300,279.15165937858865
7107330,279.1516338060903
7107360,279.15162139346387
7107390,279.151639409409
7107420,279.15165370558776
7107450,279.15166174717507
7107480,279.15166807607244
7107510,279.1516733336382
7107540,279.1516781460366
7107570,279.1516832562345
7107600,279.1516906118784
7107630,279.1516939596319
7107660,279.15168359951576
7107690,279.15168470297033
7107720,279.1516837990968
7107750,279.1516809301063
7107780,279.15167228184157
7107810,279.15165814117506
7107840,279.1516626476163
7107870,279.1516719359489
7107900,279.1516644877471
7107930,279.151663139189
7107960,279.1516695981297
7107990,279.15167387175654
7108020,279.15167737302613
7108050,279.1516793798774
7108080,279.1516808968406
7108110,279.15168184915785
7108140,279.15168241133625
7108170,279.151683661257
7108200,279.1516853855122
7108230,279.15167512657155
7108260,279.15165887296973
7108290,279.1516763633179
7108320,279.15172419416336
7108350,279.1517407782689
7108380,279.1517644408792
7108410,279.1517844786976
7108440,279.1517670759299
7108470,279.1517458055779
7108500,279.1517239654371
7108530,279.1517099156661
7108560,279.15170208541986
7108590,279.15169494866376
7108620,279.15168509015075
7108650,279.15167279184607
7108680,279.15167428985706
7108710,279.15167559650433
7108740,279.1516772652796
7108770,279.15167816246776
7108800,279.1516773090819
7108830,279.15167664470437
7108860,279.15167335133765
7108890,279.1516717103073
7108920,279.1516715640425
7108950,279.15167302904973
7108980,279.15167612680415
7109010,279.15167926757647
7109040,279.15168254484183
7109070,279.15169192651297
7109100,279.1517004215119
7109130,279.1517045680742
7109160,279.15170038208447
7109190,279.1516939282924
7109220,279.1516888264549
7109250,279.1516843212328
7109280,279.1516854635428
7109310,279.1516854098911
7109340,279.151682801598
7109370,279.1516888480048
7109400,279.1516910010317
7109430,279.1516886744147
7109460,279.1516859106716
7109490,279.151683606401
7109520,279.15168210212795
7109550,279.15168158073243
7109580,279.1516808157729
7109610,279.1516736639392
7109640,279.1516707321068
7109670,279.1516759988446
7109700,279.15168222739044
7109730,279.15168557533394
7109760,279.1516891278464
7109790,279.151691141197
7109820,279.151689475105
7109850,279.15168494987904
7109880,279.1516840414281
7109910,279.15168780040176
7109940,279.1516915323687
7109970,279.151694381624
7110000,279.15169852501384
7110030,279.04014195432796
7110060,278.67106393351315
7110090,278.42705836205494
7110120,278.2359027967629
7110150,278.076615332906
7110180,277.94227161433696
7110210,277.8270814026528
7110240,277.72722841071214
7110270,277.6401646709365
7110300,277.56401132935076
7110330,277.49726877839043
7110360,277.4386809606999
7110390,277.3871735164676
7110420,277.3418174245712
7110450,277.3018055631203
7110480,277.26643201555095
7110510,277.23508420191473
7110540,277.20722769407485
7110570,277.182396541763
7110600,277.1601843524372
7110630,277.16931573296165
7110660,277.1695407211628
7110690,277.1695405897691
7110720,277.16954058968537
7110750,277.16954058968525
7110780,277.16954058968525
7110810,277.16954058968525
7110840,277.16954058968525
7110870,277.16954058968525
7110900,277.16954058968525
7110930,277.16954058968525
7110960,277.16954058968525
7110990,277.16954058968525
7111020,277.16954058968525
7111050,277.16954058968525
7111080,277.16954058968525
7111110,277.16954058968525
7111140,277.16954058968525
7111170,277.16954058968525
7111200,277.16954058968525
7111230,282.0945399014098
7111260,280.24067929406664
7111290,278.8084130882386
7111320,278.23688584557516
7111350,277.9421977664098
7111380,277.7595912646672
7111410,277.6233542110236
7111440,277.51346765445254
7111470,277.42195238643507
7111500,277.34375899703264
7111530,277.27566008323174
7111560,277.21570306505316
7111590,277.16258299204236
7111620,277.1153265682388
7111650,277.0731465105775
7111680,277.0353793347716
7111710,277.0014560377116
7111740,276.9708850621609
7111770,276.943236363493
7111800,276.9181387349395
7111830,276.92775282327256
7111860,276.92801193016567
7111890,276.9280093583044
7111920,276.9280093583044
7111950,276.9280093583044
7111980,276.9280093583044
7112010,276.9280093583044
7112040,276.9280093583044
7112070,276.9280093583044
7112100,276.9280093583044
7112130,276.9280093583044
7112160,276.9280093583044
7112190,276.9280093583044
7112220,276.9280093583044
7112250,276.9280093583044
7112280,276.9280093583044
7112310,276.9280093583044
7112340,276.9280093583044
7112370,276.9280093583044
7112400,276.9280093583044
7112430,281.83510353342666
7112460,279.99734627129965
7112490,278.5865850134917
7112520,278.01477841927186
7112550,277.71302669539295
7112580,277.5245900153588
7112610,277.38310078696776
7112640,277.2669442581352
7112670,277.17046818929185
7112700,277.08839543833835
7112730,277.0172338473093
7112760,276.9549000756737
7112790,276.89999220273234
7112820,276.8514807853485
7112850,276.8085250789408
7112880,276.77042589714375
7112910,276.7365818687226
7112940,276.7064710896911
7112970,276.6796409294081
7113000,276.65569753311627
7113030,276.6655575960729
7113060,276.6658079315585
7113090,276.66580793043846
7113120,276.66580793043846
7113150,276.66580793043846
7113180,276.66580793043846
7113210,276.66580793043846
7113240,276.66580793043846
7113270,276.66580793043846
7113300,276.66580793043846
7113330,276.66580793043846
7113360,276.66580793043846
7113390,276.66580793043846
7113420,276.66580793043846
7113450,276.66580793043846
7113480,276.66580793043846
7113510,276.66580793043846
7113540,276.66580793043846
7113570,276.66580793043846
7113600,276.66580793043846
7113630,281.6297609417093
7113660,279.80892689947893
7113690,278.41168625070515
7113720,277.84661377886766
7113750,277.55080421267974
7113780,277.36894755528283
7113810,277.23477098249293
7113840,277.12619840722164
7113870,277.03725107436156
7113900,276.96266855939666
7113930,276.8989594436656
7113960,276.84402082510326
7113990,276.79646076568804
7114020,276.7552443472225
7114050,276.71953846232503
7114080,276.68864250113074
7114110,276.66195368509153
7114140,276.6389497916288
7114170,276.61917731493185
7114200,276.60224001545765
7114230,276.61042465262136
7114260,276.61067453498305
7114290,276.6106745349833
7114320,276.6106745349833
7114350,276.6106745349833
7114380,276.6106745349833
7114410,276.6106745349833
7114440,276.6106745349833
7114470,276.6106745349833
7114500,276.6106745349833
7114530,276.6106745349833
7114560,276.6106745349833
7114590,276.6106745349833
7114620,276.6106745349833
7114650,276.6106745349833
7114680,276.6106745349833
7114710,276.6106745349833
7114740,276.6106745349833
7114770,276.6106745349833
7114800,276.6106745349833
7114830,281.64161988912406
7114860,279.8248635328223
7114890,278.42503088915095
7114920,277.8685972539166
7114950,277.58361033003456
7114980,277.41301660521077
7115010,277.29196149790715
7115040,277.19379730820975
7115070,277.1135088689393
7115100,277.0469796943832
7115130,276.99082294157125
7115160,276.9429459684299
7115190,276.90201439379496
7115220,276.86702006325817
7115250,276.83717106169826
7115280,276.81180676382047
7115310,276.7903598225057
7115340,276.772337757457
7115370,276.7573113145556
7115400,276.744910443225
7115430,276.7516953133679
7115460,276.75194403599863
7115490,276.7519440035713
7115520,276.7519440035713
7115550,276.7519440035713
7115580,276.7519440035713
7115610,276.7519440035713
7115640,276.7519440035713
7115670,276.7519440035713
7115700,276.7519440035713
7115730,276.7519440035713
7115760,276.7519440035713
7115790,276.7519440035713
7115820,276.7519440035713
7115850,276.7519440035713
7115880,276.7519440035713
7115910,276.7519440035713
7115940,276.7519440035713
7115970,276.7519440035713
7116000,276.7519440035713
7116030,281.8108257038679
7116060,279.986598142137
7116090,278.57418115543084
7116120,278.02264709905467
7116150,277.74645415802536
7116180,277.58468484043595
7116210,277.4729688793856
7116240,277.3832140755115
7116270,277.3094472805886
7116300,277.24875587432587
7116330,277.197939620606
7116360,277.15496198649095
7116390,277.1185070147172
7116420,277.0876248872612
7116450,277.0615614568623
7116480,277.03968827671895
7116510,277.0214666771974
7116540,277.00643164689546
7116570,276.99417929625406
7116600,276.9843557696106
7116630,276.99018783963794
7116660,276.9904244183151
7116690,276.99042449792364
7116720,276.99042449792364
7116750,276.99042449792364
7116780,276.99042449792364
7116810,276.99042449792364
7116840,276.99042449792364
7116870,276.99042449792364
7116900,276.99042449792364
7116930,276.99042449792364
7116960,276.99042449792364
7116990,276.99042449792364
7117020,276.99042449792364
7117050,276.99042449792364
7117080,276.99042449792364
7117110,276.99042449792364
7117140,276.99042449792364
7117170,276.99042449792364
7117200,276.99042449792364
7117230,282.0401471711781
7117260,280.20828833481687
7117290,278.7809856859774
7117320,278.22975151988544
7117350,277.9604496670377
7117380,277.8055581746869
7117410,277.6977889647264
7117440,277.6139158651105
7117470,277.5464857299053
7117500,277.49125966659915
7117530,277.44522809054826
7117560,277.40654834654134
7117590,277.37403374200636
7117620,277.3468123266163
7117650,277.3241848489981
7117680,277.3055653347241
7117710,277.2904502033027
7117740,277.2784039731586
7117770,277.2690475838307
7117800,277.2620506508959
7117830,277.266971208923
7117860,277.26721122416564
7117890,277.2672112213125
7117920,277.2672112216705
7117950,277.2672112216705
7117980,277.2672112216705
7118010,277.2672112216705
7118040,277.2672112216705
7118070,277.2672112216705
7118100,277.2672112216705
7118130,277.2672112216705
7118160,277.2672112216705
7118190,277.2672112216705
7118220,277.2672112216705
7118250,277.2672112216705
7118280,277.2672112216705
7118310,277.2672112216705
7118340,277.2672112216705
7118370,277.2672112216705
7118400,277.2672112216705
7118430,282.3071206123173
7118460,280.47566869071954
7118490,279.0339787410234
7118520,278.48059796817114
7118550,278.2237390773316
7118580,278.0821525862985
7118610,277.9878484660269
7118640,277.9162974315277
7118670,277.8600886748468
7118700,277.81496783572743
7118730,277.7780464516548
7118760,277.7476308164116
7118790,277.7226423296774
7118820,277.702293770228
7118850,277.6859580954429
7118880,277.67310800264585
7118910,277.6632948595039
7118940,277.6561260929304
7118970,277.651261876894
7119000,277.6484052008279
7119030,277.6519285487413
7119060,277.652183225579
7119090,277.65218321820265
7119120,277.65218321690276
7119150,277.65218321690276
7119180,277.65218321690276
7119210,277.65218321690276
7119240,277.65218321690276
7119270,277.65218321690276
7119300,277.65218321690276
7119330,277.65218321690276
7119360,277.65218321690276
7119390,277.65218321690276
7119420,277.65218321690276
7119450,277.65218321690276
7119480,277.65218321690276
7119510,277.65218321690276
7119540,277.65218321690276
7119570,277.65218321690276
7119600,277.65218321690276
7119630,282.64643023151194
7119660,280.81399021019496
7119690,279.35408192000773
7119720,278.78275521469754
7119750,278.5341597726439
7119780,278.4037027055632
7119810,278.32133881867725
7119840,278.2604982070583
7119870,278.21339236074897
7119900,278.175986741333
7119930,278.14556125628127
7119960,278.12057030678056
7119990,278.10007167083535
7120020,278.0833806438731
7120050,278.0699687866393
7120080,278.059387368046
7120110,278.05125307505716
7120140,278.0452382067719
7120170,278.04105279129425
7120200,278.0384464928414
7120230,278.04149374928977
7120260,278.0418528711533
7120290,278.0418528808723
7120320,278.0418528808714
7120350,278.0418528808714
7120380,278.0418528808714
7120410,278.0418528808714
7120440,278.0418528808714
7120470,278.0418528808714
7120500,278.0418528808714
7120530,278.0418528808714
7120560,278.0418528808714
7120590,278.0418528808714
7120620,278.0418528808714
7120650,278.0418528808714
7120680,278.0418528808714
7120710,278.0418528808714
7120740,278.0418528808714
7120770,278.0418528808714
7120800,278.0418528808714
7120830,282.9529373803038
7120860,281.11389381236665
7120890,279.63695116941926
7120920,279.0375234906115
7120950,278.7818674288562
7120980,278.6522764859835
7121010,278.5719918730177
7121040,278.5127030365516
7121070,278.4661173991133
7121100,278.42817509860845
7121130,278.39625069921016
7121160,278.3688877413209
7121190,278.3452186957526
7121220,278.3246400288585
7121250,278.3066802500683
7121280,278.29094915073506
7121310,278.2771152750968
7121340,278.26489330972754
7121370,278.2540354341223
7121400,278.24432729270194
7121430,278.24866677431015
7121460,278.2488983115245
7121490,278.2488979451876
7121520,278.248897942864
7121550,278.248897942864
7121580,278.248897942864
7121610,278.248897942864
7121640,278.248897942864
7121670,278.248897942864
7121700,278.248897942864
7121730,278.248897942864
7121760,278.248897942864
7121790,278.248897942864
7121820,278.248897942864
7121850,278.248897942864
7121880,278.248897942864
7121910,278.248897942864
7121940,278.248897942864
7121970,278.248897942864
7122000,278.248897942864
7122030,283.0450270433878
7122060,281.19027419179974
7122090,279.70843802488366
7122120,279.09242018578215
7122150,278.817554882361
7122180,278.6684303298398
7122210,278.56877971927486
7122240,278.49052467499865
7122270,278.4258870739746
7122300,278.3710379415048
7122330,278.32328762232606
7122360,278.2810413890896
7122390,278.24331985186217
7122420,278.2094360391385
7122450,278.1788467554291
7122480,278.1511053584854
7122510,278.12583505577896
7122540,278.10270740452125
7122570,278.08143867381125
7122600,278.0617825728446
7122630,278.06876965365177
7122660,278.0690216301211
7122690,278.06902171208907
7122720,278.069021712072
7122750,278.069021712072
7122780,278.069021712072
7122810,278.069021712072
7122840,278.069021712072
7122870,278.069021712072
7122900,278.069021712072
7122930,278.069021712072
7122960,278.069021712072
7122990,278.069021712072
7123020,278.069021712072
7123050,278.069021712072
7123080,278.069021712072
7123110,278.069021712072
7123140,278.069021712072
7123170,278.069021712072
7123200,278.069021712072
7123230,282.8460315143452
7123260,280.9857781005745
7123290,279.5159125512004
7123320,278.91255597118624
7123350,278.63014075708196
7123380,278.46591473797594
7123410,278.3500915705446
7123440,278.25662014783717
7123470,278.178572771656
7123500,278.11213481572645
7123530,278.05443381579573
7123560,278.0036829695963
7123590,277.9587354600295
7123620,277.9187650682499
7123650,277.8831138988617
7123680,277.8512371249008
7123710,277.82266892529066
7123740,277.7970061354688
7123770,277.7739000881905
7123800,277.75304961505395
7123830,277.76090618586517
7123860,277.761146667338
7123890,277.76114662899124
7123920,277.7611466289975
7123950,277.7611466289975
7123980,277.7611466289975
7124010,277.7611466289975
7124040,277.7611466289975
7124070,277.7611466289975
7124100,277.7611466289975
7124130,277.7611466289975
7124160,277.7611466289975
7124190,277.7611466289975
7124220,277.7611466289975
7124250,277.7611466289975
7124280,277.7611466289975
7124310,277.7611466289975
7124340,277.7611466289975
7124370,277.7611466289975
7124400,277.7611466289975
7124430,282.6186701589379
7124460,280.7669947281198
7124490,279.3099707427722
7124520,278.72725736893386
7124550,278.4515964755089
7124580,278.2923277048068
7124610,278.1812327725394
7124640,278.09323778026896
7124670,278.0212911273318
7124700,277.9614635841486
7124730,277.91081733567324
7124760,277.867531431263
7124790,277.8304231227298
7124820,277.7986352470832
7124850,277.77147767280377
7124880,277.74837297821534
7124910,277.7288266453953
7124940,277.7124107216236
7124970,277.6987528256497
7125000,277.68752498192003
7125030,277.6932959787287
7125060,277.6935243680253
7125090,277.6935243626102
7125120,277.69352436261147
7125150,277.69352436261147
7125180,277.69352436261147
7125210,277.69352436261147
7125240,277.69352436261147
7125270,277.69352436261147
7125300,277.69352436261147
7125330,277.69352436261147
7125360,277.69352436261147
7125390,277.69352436261147
7125420,277.69352436261147
7125450,277.69352436261147
7125480,277.69352436261147
7125510,277.69352436261147
7125540,277.69352436261147
7125570,277.69352436261147
7125600,277.69352436261147
7125630,282.643480543248
7125660,280.805551988363
7125690,279.34660578786696
7125720,278.7718551422567
7125750,278.5154245528989
7125780,278.3765223939478
7125810,278.2859358270957
7125840,278.217598333861
7125870,278.1638101252863
7125900,278.12051574424163
7125930,278.0849500782569
7125960,278.05547851543594
7125990,278.031073543206
7126020,278.0109941774787
7126050,277.9946521887049
7126080,277.9815540099969
7126110,277.97127701389235
7126140,277.96345428496187
7126170,277.9577668489496
7126200,277.9539358177595
7126230,277.9574748790039
7126260,277.957691593043
7126290,277.95769159320025
7126320,277.95769159319616
7126350,277.95769159319616
7126380,277.95769159319616
7126410,277.95769159319616
7126440,277.95769159319616
7126470,277.95769159319616
7126500,277.95769159319616
7126530,277.95769159319616
7126560,277.95769159319616
7126590,277.95769159319616
7126620,277.95769159319616
7126650,277.95769159319616
7126680,277.95769159319616
7126710,277.95769159319616
7126740,277.95769159319616
7126770,277.95769159319616
7126800,277.95769159319616
7126830,282.88846604942205
7126860,281.0507778549491
7126890,279.5773438419447
7126920,278.9842995943417
7126950,278.7315015956923
7126980,278.6022462015669
7127010,278.5220694886632
7127040,278.4632496069069
7127070,278.41752133227305
7127100,278.3807255425632
7127130,278.3502535839418
7127160,278.32463035935086
7127190,278.3029661857643
7127220,278.2846352858135
7127250,278.26914583020863
7127280,278.25608713076036
7127310,278.24510847687964
7127340,278.2359055844736
7127370,278.22821360498904
7127400,278.22180106947843
7127430,278.22547699909387
7127460,278.22570887883523
7127490,278.2257080156591
7127520,278.22570800872575
7127550,278.22570800872575
7127580,278.22570800872575
7127610,278.22570800872575
7127640,278.22570800872575
7127670,278.22570800872575
7127700,278.22570800872575
7127730,278.22570800872575
7127760,278.22570800872575
7127790,278.22570800872575
7127820,278.22570800872575
7127850,278.22570800872575
7127880,278.22570800872575
7127910,278.22570800872575
7127940,278.22570800872575
7127970,278.22570800872575
7128000,278.22570800872575
7128030,283.0544871082733
7128060,281.203285184548
7128090,279.7198430596189
7128120,279.1053132981954
7128150,278.8349326851692
7128180,278.6919573363654
7128210,278.59804675287
7128240,278.5257244756165
7128270,278.4670018625461
7128300,278.4174786393086
7128330,278.37445702586587
7128360,278.33644923090475
7128390,278.3025545768471
7128420,278.27213526562895
7128450,278.2446935425249
7128480,278.21981541319104
7128510,278.1971485508835
7128540,278.1763891824863
7128570,278.1572727003632
7128600,278.1395706094229
7128630,278.14593834114976
7128660,278.14624057139525
7128690,278.1462405819036
7128720,278.14624058123684
7128750,278.14624058123684
7128780,278.14624058123684
7128810,278.14624058123684
7128840,278.14624058123684
7128870,278.14624058123684
7128900,278.14624058123684
7128930,278.14624058123684
7128960,278.14624058123684
7128990,278.14624058123684
7129020,278.14624058123684
7129050,278.14624058123684
7129080,278.14624058123684
7129110,278.14624058123684
7129140,278.14624058123684
7129170,278.14624058123684
7129200,278.14624058123684
7129230,282.9135436504628
7129260,281.0518207869842
7129290,279.57752040196044
7129320,278.9682845987176
7129350,278.6854030764441
7129380,278.52169355242705
7129410,278.4056051835186
7129440,278.312566460858
7129470,278.2348064915247
7129500,278.1680785746585
7129530,278.1096144112857
7129560,278.0576925427915
7129590,278.0112074484411
7129620,277.96935505687105
7129650,277.9314989914691
7129680,277.89711127861335
7129710,277.86573805496715
7129740,277.83698808721016
7129770,277.81052191866297
7129800,277.7860453080622
7129830,277.7945496189531
7129860,277.7948037784001
7129890,277.79480382426544
7129920,277.79480382426215
7129950,277.79480382426215
7129980,277.79480382426215
7130010,277.79480382426215
7130040,277.79480382426215
7130070,277.79480382426215
7130100,277.79480382426215
7130130,277.79480382426215
7130160,277.79480382426215
7130190,277.79480382426215
7130220,277.79480382426215
7130250,277.79480382426215
7130280,277.79480382426215
7130310,277.79480382426215
7130340,277.79480382426215
7130370,277.79480382426215
7130400,277.79480382426215
7130430,282.59316301831126
7130460,280.7288557390144
7130490,279.2713900283396
7130520,278.68108001815506
7130550,278.3890471596853
7130580,278.211654364967
7130610,278.0807894373162
7130640,277.9745030023617
7130670,277.88512545165554
7130700,277.80837608977805
7130730,277.74130672691626
7130760,277.6820145272712
7130790,277.62924033270366
7130820,277.58205545143096
7130850,277.5397153237327
7130880,277.5015974218113
7130910,277.4671698276243
7130940,277.4359709290777
7130970,277.40760065475536
7131000,277.3817106753813
7131030,277.39112837774553
7131060,277.3913452291137
7131090,277.39134507846245
7131120,277.39134507844136
7131150,277.39134507844136
7131180,277.39134507844136
7131210,277.39134507844136
7131240,277.39134507844136
7131270,277.39134507844136
7131300,277.39134507844136
7131330,277.39134507844136
7131360,277.39134507844136
7131390,277.39134507844136
7131420,277.39134507844136
7131450,277.39134507844136
7131480,277.39134507844136
7131510,277.39134507844136
7131540,277.39134507844136
7131570,277.39134507844136
7131600,277.39134507844136
7131630,282.27012975106976
7131660,280.40989505278816
7131690,278.9682620925714
7131720,278.39214801670073
7131750,278.0981275938329
7131780,277.9182873838708
7131810,277.7856290653404
7131840,277.67732000935604
7131870,277.5862416962153
7131900,277.5084045159617
7131930,277.44093265454103
7131960,277.38179328697834
7131990,277.3296145114135
7132020,277.2833869866594
7132050,277.2423060508018
7132080,277.20569792909345
7132110,277.17298576405346
7132140,277.1436705004739
7132170,277.1173198141855
7132200,277.09355481302
7132230,277.1027468220589
7132260,277.1029992530811
7132290,277.102999244594
7132320,277.1029992446274
7132350,277.1029992446274
7132380,277.1029992446274
7132410,277.1029992446274
7132440,277.1029992446274
7132470,277.1029992446274
7132500,277.1029992446274
7132530,277.1029992446274
7132560,277.1029992446274
7132590,277.1029992446274
7132620,277.1029992446274
7132650,277.1029992446274
7132680,277.1029992446274
7132710,277.1029992446274
7132740,277.1029992446274
7132770,277.1029992446274
7132800,277.1029992446274
7132830,282.0437438195374
7132860,280.18438901845343
7132890,278.7518923185507
7132920,278.1798051630818
7132950,277.88326472030826
7132980,277.7002755732335
7133010,277.5644192179083
7133040,277.45331754715653
7133070,277.3603706635736
7133100,277.2811986753722
7133130,277.2125912065141
7133160,277.15248907193865
7133190,277.0995177903261
7133220,277.05265676254373
7133250,277.01108495904765
7133280,276.97411910165357
7133310,276.941168890897
7133340,276.9117231770241
7133370,276.885340566833
7133400,276.86163470430876
7133430,276.8710105290953
7133460,276.87105221719406
7133490,276.87105221720145
7133520,276.87105221721856
7133550,276.87105221721856
7133580,276.87105221721856
7133610,276.87105221721856
7133640,276.87105221721856
7133670,276.87105221721856
7133700,276.87105221721856
7133730,276.87105221721856
7133760,276.87105221721856
7133790,276.87105221721856
7133820,276.87105221721856
7133850,276.87105221721856
7133880,276.87105221721856
7133910,276.87105221721856
7133940,276.87105221721856
7133970,276.87105221721856
7134000,276.87105221721856
7134030,281.855536067772
7134060,279.99652472639303
7134090,278.5716688552371
7134120,277.9998599872982
7134150,277.70051630513075
7134180,277.5149933940452
7134210,277.3765949501945
7134240,277.2638070853378
7134270,277.1695080479962
7134300,277.0893091102281
7134330,277.02000462520783
7134360,276.95948416470964
7134390,276.9063322310989
7134420,276.85949822370844
7134450,276.8181410751994
7134480,276.781553373712
7134510,276.7491293716462
7134540,276.72034225482554
7134570,276.6947366265527
7134600,276.6719140623372
7134630,276.6812716179458
7134660,276.68153571839235
7134690,276.68153573378316
7134720,276.68153573377737
7134750,276.68153573377737
7134780,276.68153573377737
7134810,276.68153573377737
7134840,276.68153573377737
7134870,276.68153573377737
7134900,276.68153573377737
7134930,276.68153573377737
7134960,276.68153573377737
7134990,276.68153573377737
7135020,276.68153573377737
7135050,276.68153573377737
7135080,276.68153573377737
7135110,276.68153573377737
7135140,276.68153573377737
7135170,276.68153573377737
7135200,276.68153573377737
7135230,281.70877341475483
7135260,279.85241251042214
7135290,278.4332078057123
7135320,277.8623866685083
7135350,277.5631815011357
7135380,277.3782381210347
7135410,277.2407180921316
7135440,277.1291919094636
7135470,277.0363045105059
7135500,276.95772214406543
7135530,276.8901977225458
7135560,276.83159696749055
7135590,276.7804888381158
7135620,276.7358126478671
7135650,276.69671689491685
7135680,276.6624870597186
7135710,276.63250998709356
7135740,276.60625448325254
7135770,276.5832580929645
7135800,276.56311659500864
7135830,276.5719430467051
7135860,276.57219539674776
7135890,276.5721953030786
7135920,276.5721953030871
7135950,276.5721953030871
7135980,276.5721953030871
7136010,276.5721953030871
7136040,276.5721953030871
7136070,276.5721953030871
7136100,276.5721953030871
7136130,276.5721953030871
7136160,276.5721953030871
7136190,276.5721953030871
7136220,276.5721953030871
7136250,276.5721953030871
7136280,276.5721953030871
7136310,276.5721953030871
7136340,276.5721953030871
7136370,276.5721953030871
7136400,276.5721953030871
7136430,281.64251190757284
7136460,279.79107978212767
7136490,278.3745928088137
7136520,277.80797854617924
7136550,277.51354896964
7136580,277.333620773967
7136610,277.2012696716408
7136640,277.09472395967975
7136670,277.006515519843
7136700,276.9323318290434
7136730,276.86894629355106
7136760,276.81424863969755
7136790,276.7668303450234
7136820,276.7256498817056
7136850,276.6898709363303
7136880,276.65879265791375
7136910,276.6318125693093
7136940,276.60840838279114
7136970,276.5881265511667
7137000,276.5705707137837
7137030,276.5786670520163
7137060,276.57892784200936
7137090,276.5789278430569
7137120,276.57892784305733
7137150,276.57892784305733
7137180,276.57892784305733
7137210,276.57892784305733
7137240,276.57892784305733
7137270,276.57892784305733
7137300,276.57892784305733
7137330,276.57892784305733
7137360,276.57892784305733
7137390,276.57892784305733
7137420,276.57892784305733
7137450,276.57892784305733
7137480,276.57892784305733
7137510,276.57892784305733
7137540,276.57892784305733
7137570,276.57892784305733
7137600,276.57892784305733
7137630,281.65978584434464
7137660,279.8095287351914
7137690,278.3922112569563
7137720,277.8275600460359
7137750,277.53552192124465
7137780,277.357900789442
7137810,277.22776213842496
7137840,277.1230303728765
7137870,277.0363040236252
7137900,276.9633159046933
7137930,276.90087221945475
7137960,276.846889288292
7137990,276.7999793952063
7138020,276.7591163041563
7138050,276.7234790939001
7138080,276.6923777239106
7138110,276.66522110677806
7138140,276.64149655584936
7138170,276.62075879545284
7138200,276.6026177028318
7138230,276.61074257345945
7138260,276.61100899249215
7138290,276.6110089712347
7138320,276.6110089712311
7138350,276.6110089712311
7138380,276.6110089712311
7138410,276.6110089712311
7138440,276.6110089712311
7138470,276.6110089712311
7138500,276.6110089712311
7138530,276.6110089712311
7138560,276.6110089712311
7138590,276.6110089712311
7138620,276.6110089712311
7138650,276.6110089712311
7138680,276.6110089712311
7138710,276.6110089712311
7138740,276.6110089712311
7138770,276.6110089712311
7138800,276.6110089712311
7138830,281.6724136307672
7138860,279.81832453634536
7138890,278.3996670363415
7138920,277.83146963154195
7138950,277.5352340211313
7138980,277.3532277946852
7139010,277.2185247203745
7139040,277.1091671099529
7139070,277.0178826822011
7139100,276.940440038073
7139130,276.87363305725825
7139160,276.81535323685597
7139190,276.7641937542328
7139220,276.7191165276981
7139250,276.67928991646664
7139280,276.6440182641017
7139310,276.6127041744633
7139340,276.5848319596433
7139370,276.5599527973802
7139400,276.53767499553476
7139430,276.54684993454526
7139460,276.5470909672312
7139490,276.54709096982594
7139520,276.54709096984436
7139550,276.54709096984436
7139580,276.54709096984436
7139610,276.54709096984436
7139640,276.54709096984436
7139670,276.54709096984436
7139700,276.54709096984436
7139730,276.54709096984436
7139760,276.54709096984436
7139790,276.54709096984436
7139820,276.54709096984436
7139850,276.54709096984436
7139880,276.54709096984436
7139910,276.54709096984436
7139940,276.54709096984436
7139970,276.54709096984436
7140000,276.54709096984436
7140030,281.5866307187435
7140060,279.726256550304
7140090,278.3093707225289
7140120,277.73317896644414
7140150,277.42734588947366
7140180,277.23593013806885
7140210,277.0919591011895
7140240,276.97409623966155
7140270,276.87508392477446
7140300,276.79065436343666
7140330,276.71749588407005
7140360,276.65341198742715
7140390,276.5969284005568
7140420,276.5469547030007
7140450,276.50261632336924
7140480,276.46318164914635
7140510,276.4280227172299
7140540,276.3965964588445
7140570,276.3684303210213
7140600,276.34311287225677
7140630,276.3533412914198
7140660,276.3535917084235
7140690,276.3535916834916
7140720,276.3535916834916
7140750,276.3535916834916
7140780,276.3535916834916
7140810,276.3535916834916
7140840,276.3535916834916
7140870,276.3535916834916
7140900,276.3535916834916
7140930,276.3535916834916
7140960,276.3535916834916
7140990,276.3535916834916
7141020,276.3535916834916
7141050,276.3535916834916
7141080,276.3535916834916
7141110,276.3535916834916
7141140,276.3535916834916
7141170,276.3535916834916
7141200,276.3535916834916
7141230,282.75310173844866
7141260,283.1506916247803
7141290,282.46463844541364
7141320,282.3130017234658
7141350,282.31485497247826
7141380,282.38036619088155
7141410,282.46286223889007
7141440,282.54152654323053
7141470,282.60893124325446
7141500,282.6645716860949
7141530,282.7083060932876
7141560,282.73991513134604
7141590,282.76611252957605
7141620,282.78631367896907
7141650,282.8011524188079
7141680,282.8125064425735
7141710,282.8210353340475
7141740,282.8273640002593
7141770,282.832026914031
7141800,282.8354353603465
7141830,283.1296154378515
7141860,283.5211737556868
7141890,283.74323846864576
7141920,283.86151130623267
7141950,283.92289836150866
7141980,283.95446376778347
7142010,283.97067748339396
7142040,283.97880310951183
7142070,283.9828504107664
7142100,283.9847826491785
7142130,283.98563032773745
7142160,283.9859325294867
7142190,283.9859646370782
7142220,283.9858615338855
7142250,283.9856974800997
7142280,283.9855234062957
7142310,283.98537097286726
7142340,283.98523045009716
7142370,283.98512179858403
7142400,283.98504513187214
7142430,283.94567135993395
7142460,283.8899430378201
7142490,283.8580184147385
7142520,283.8411762857113
7142550,283.83263815381116
7142580,283.8282742219106
7142610,283.82606040026747
7142640,283.8249203181643
7142670,283.8243573400732
7142700,283.82408742279983
7142730,283.82393333224746
7142760,283.82388064648944
7142790,283.82383655274083
7142820,283.8238246830946
7142850,283.8238218324997
7142880,283.82382146977295
7142910,283.82382483183545
7142940,283.8238283759368
7142970,283.8238324017316
7143000,283.8238369665116
7143030,283.8294211521068
7143060,283.83725998894727
7143090,283.84173473907606
7143120,283.8440919215153
7143150,283.84530600978974
7143180,283.84592922431483
7143210,283.84624860556113
7143240,283.8464169454427
7143270,283.8465042109524
7143300,283.8465533258951
7143330,283.8465803152906
7143360,283.84659607421435
7143390,283.84660675341274
7143420,283.8466150951006
7143450,283.84662219909046
7143480,283.84662857078035
7143510,283.8466345038324
7143540,283.8466401898614
7143570,283.84664575373165
7143600,283.846651269781
7143630,283.8458889414565
7143660,283.8447585254126
7143690,283.84412650905705
7143720,283.84379338580635
7143750,283.8436240856298
7143780,283.84354928165254
7143810,283.8435125948879
7143840,283.8434957950927
7143870,283.84349057457143
7143900,283.84348996033214
7143930,283.8434929237074
7143960,283.84349685186044
7143990,283.84350172308524
7144020,283.84350698612667
7144050,283.84351233560403
7144080,283.8435178846461
7144110,283.8435234009063
7144140,283.84352897185715
7144170,283.84353453318744
7144200,283.8435400775135
7144230,283.84364697809417
7144260,283.8438022772063
7144290,283.8438963620496
7144320,283.84394679372076
7144350,283.84397288333406
7144380,283.8439850411418
7144410,283.8439924475616
7144440,283.8440015491829
7144470,283.8440116307111
7144500,283.84402032102423
7144530,283.84402694103676
7144560,283.8440322752718
7144590,283.84403735793
7144620,283.8440426287129
7144650,283.8440479232947
7144680,283.844053011314
7144710,283.84405791259826
7144740,283.84406275346333
7144770,283.8440675719434
7144800,283.84407233419586
7144830,283.8440569753312
7144860,283.84403331861705
7144890,283.8440190618372
7144920,283.8440142918903
7144950,283.84401430897725
7144980,283.84401642323564
7145010,283.8440196717253
7145040,283.84402343406856
7145070,283.84402737094416
7145100,283.8440313226352
7145130,283.8440352211652
7145160,283.84403903885067
7145190,283.84404276643676
7145220,283.8440463953378
7145250,283.84404992475066
7145280,283.8440533534601
7145310,283.8440566796816
7145340,283.8440599014042
7145370,283.84406301650796
7145400,283.8440660227359
7145430,283.84406746671283
7145460,283.84406816625864
7145490,283.84406947519807
7145520,283.8440712882934
7145550,283.8440733715197
7145580,283.84407553445345
7145610,283.8440776648665
7145640,283.8440797057969
7145670,283.8440816305674
7145700,283.84408342725186
7145730,283.8440850904232
7145760,283.8440866171429
7145790,283.844088005231
7145820,283.8440892526421
7145850,283.84409035729243
7145880,283.84409131703814
7145910,283.8440921296888
7145940,283.84409279302423
7145970,283.844093304807
7146000,283.84409366278976
7146030,284.0324473128823
7146060,282.80877764803733
7146090,281.8619629070419
7146120,281.1669109076853
7146150,280.65057330473473
7146180,280.2666217696139
7146210,279.98106806375347
7146240,279.76869300151645
7146270,279.61074172190973
7146300,279.4932678369554
7146330,279.4058982521936
7146360,279.34091828071126
7146390,279.2925904024853
7146420,279.25664809678875
7146450,279.2299156457125
7146480,279.2100339939333
7146510,279.19524897685733
7146540,279.18425383518536
7146570,279.17608109982274
7146600,279.1700009802668
7146630,279.165599006565
7146660,279.16236805565796
7146690,279.15992979605693
7146720,279.15809178585266
7146750,279.1567069152692
7146780,279.15566354808044
7146810,279.15487747940193
7146840,279.1542852589115
7146870,279.1538391067764
7146900,279.15350299305567
7146930,279.1532497273104
7146960,279.15305891011593
7146990,279.1529151411821
7147020,279.1528068244959
7147050,279.15272521057466
7147080,279.15266371718803
7147110,279.1526173860258
7147140,279.1525824689456
7147170,279.15255615088256
7147200,279.1525363143499
7147230,279.1525212972544
7147260,279.1525097764101
7147290,279.15250115634416
7147320,279.1524945007573
7147350,279.15248921462734
7147380,279.1524848064855
7147410,279.15248133749236
7147440,279.1524796438155
7147470,279.15247884866045
7147500,279.1524782880415
7147530,279.1524780884324
7147560,279.15247849929773
7147590,279.1524793026852
7147620,279.1524800445476
7147650,279.15248052764196
7147680,279.1524808524852
7147710,279.15248115005204
7147740,279.15248144507933
7147770,279.1524817120897
7147800,279.1524819430933
7147830,279.1524817171582
7147860,279.15247990510005
7147890,279.1524787118271
7147920,279.1524782995514
7147950,279.15247820273794
7147980,279.1524780448541
7148010,279.15247751015664
7148040,279.15247725258223
7148070,279.15247741847554
7148100,279.1524775275068
7148130,279.15247793992927
7148160,279.1524779176586
7148190,279.1524773227742
7148220,279.15247696472096
7148250,279.15247757229014
7148280,279.152478442636
7148310,279.1524787438554
7148340,279.15247858756845
7148370,279.15247819726903
7148400,279.1524772182728
7148430,279.1524742906988
7148460,279.15247249946435
7148490,279.1524745505943
7148520,279.1524763087958
7148550,279.1524776143632
7148580,279.1524788056817
7148610,279.15247974531593
7148640,279.15248352226035
7148670,279.1524878624892
7148700,279.15248897272085
7148730,279.15248672532704
7148760,279.1524850399421
7148790,279.1524835054789
7148820,279.1524816975827
7148850,279.1524801489553
7148880,279.1524801619688
7148910,279.1524807968813
7148940,279.15248045200906
7148970,279.15248026929004
7149000,279.1524801849215
7149030,279.1524805153255
7149060,279.1524823468624
7149090,279.15248115063304
7149120,279.15248134571937
7149150,279.15248157812033
7149180,279.15248136454824
7149210,279.1524807460011
7149240,279.15247958502295
7149270,279.1524787355694
7149300,279.1524789597945
7149330,279.15248037591664
7149360,279.1524818747097
7149390,279.15248092633874
7149420,279.15248047648333
7149450,279.15248150036695
7149480,279.15248287249057
7149510,279.1524829042095
7149540,279.1524825176827
7149570,279.1524795579953
7149600,279.1524774436592
7149630,279.1524779470917
7149660,279.152477030634
7149690,279.15247630304987
7149720,279.1524767366599
7149750,279.1524771853998
7149780,279.1524771822547
7149810,279.15247699267064
7149840,279.15247675584214
7149870,279.1524765259984
7149900,279.15247632969977
7149930,279.15247617511886
7149960,279.15247605718264
7149990,279.1524759667307
7150020,279.15247589611727
7150050,279.1524758401083
7150080,279.1524757951035
7150110,279.152475758432
7150140,279.15247572807294
7150170,279.15247570252296
7150200,279.15247568063927
7150230,279.15247521025776
7150260,279.1524735203417
7150290,279.152473890998
7150320,279.1524758303873
7150350,279.1524768126362
7150380,279.1524770390824
7150410,279.1524769371277
7150440,279.1524767005644
7150470,279.1524764333472
7150500,279.15247619782326
7150530,279.1524760150104
7150560,279.15247587913285
7150590,279.15247577746845
7150620,279.15247569999076
7150650,279.1524756402642
7150680,279.1524755939551
7150710,279.15247555783435
7150740,279.1524755294202
7150770,279.15247550683347
7150800,279.1524754886967
7150830,279.1524754134705
7150860,279.15247500104766
7150890,279.1524751652854
7150920,279.1524757258468
7150950,279.1524761279085
7150980,279.15247645456213
7151010,279.1524769644707
7151040,279.1524774235245
7151070,279.15247737248677
7151100,279.15247685830366
7151130,279.1524763492351
7151160,279.15247610652204
7151190,279.1524760232693
7151220,279.1524759400325
7151250,279.15247583653047
7151280,279.15247575472443
7151310,279.15247570433877
7151340,279.1524756689868
7151370,279.15247563913766
7151400,279.15247561536245
7151430,279.1524756080721
7151460,279.15247569909087
7151490,279.15247592670744
7151520,279.1524765019871
7151550,279.152476752655
7151580,279.15247613587013
7151610,279.1524759812751
7151640,279.15247565515466
7151670,279.1524754999363
7151700,279.152475511778
7151730,279.15247524445766
7151760,279.15247565586526
7151790,279.1524750917123
7151820,279.15247577850613
7151850,279.1524750339259
7151880,279.1524757716963
7151910,279.15247511237186
7151940,279.1524756486509
7151970,279.15247528906303
7152000,279.1524754660451
7152030,279.15247547295587
7152060,279.15247566921033
7152090,279.152475663485
7152120,279.1524756461413
7152150,279.15247563903085
7152180,279.1524757729063
7152210,279.1524760928645
7152240,279.1524765337547
7152270,279.15247675351634
7152300,279.1524762868618
7152330,279.15247604058936
7152360,279.15247592061854
7152390,279.1524758395837
7152420,279.15247578088815
7152450,279.1524757326718
7152480,279.1524756842414
7152510,279.1524756360093
7152540,279.1524756446131
7152570,279.15247572311785
7152600,279.1524757905289
7152630,279.1524758725933
7152660,279.15247702666863
7152690,279.152478178965
7152720,279.1524787824072
7152750,279.1524793409136
7152780,279.1524794166802
7152810,279.15247883266386
7152840,279.15247813212375
7152870,279.15247755852306
7152900,279.1524788402886
7152930,279.15248342539127
7152960,279.1524905466527
7152990,279.15249527778053
7153020,279.15249336020463
7153050,279.15249057770666
7153080,279.152488912205
7153110,279.1524876004116
7153140,279.1524875338592
7153170,279.15249034963966
7153200,279.15249569342024
7153230,279.1525006874322
7153260,279.1524967669941
7153290,279.1524918415084
7153320,279.15248806284995
7153350,279.1524852416687
7153380,279.152483150461
7153410,279.1524816041955
7153440,279.15248046268766
7153470,279.1524796324991
7153500,279.1524790452173
7153530,279.1524786311762
7153560,279.15247836993865
7153590,279.15247816127334
7153620,279.15247815729435
7153650,279.1524780328686
7153680,279.1524790382209
7153710,279.15248826477995
7153740,279.15248624049025
7153770,279.15248420637477
7153800,279.1524835595186
7153830,279.1524825995457
7153860,279.1524825510055
7153890,279.1524810617789
7153920,279.1524788236213
7153950,279.1524785475161
7153980,279.1524791596925
7154010,279.1524786470812
7154040,279.15247935794105
7154070,279.15247902112674
7154100,279.15247845995026
7154130,279.1524789068838
7154160,279.1524791489496
7154190,279.15247908801365
7154220,279.15247920593504
7154250,279.15247940307705
7154280,279.15247954185895
7154310,279.1524796134013
7154340,279.152479673652
7154370,279.1524797545565
7154400,279.152479855852
7154430,279.1524808376139
7154460,279.1524875155056
7154490,279.15248727383226
7154520,279.1524798868771
7154550,279.1524768401429
7154580,279.15247375770934
7154610,279.1524684072727
7154640,279.15246754366814
7154670,279.15246898207295
7154700,279.15246915679154
7154730,279.15246921705625
7154760,279.1524700132045
7154790,279.1524714442463
7154820,279.1524733839779
7154850,279.1524743219888
7154880,279.15247295495806
7154910,279.15247208859364
7154940,279.152476878397
7154970,279.1524796676511
7155000,279.15247852444475
7155030,279.1531659366531
7155060,279.1539628833429
7155090,279.1547239406039
7155120,279.15565898082974
7155150,279.15661667820103
7155180,279.1575649087324
7155210,279.1585126948423
7155240,279.1594604548432
7155270,279.1604080739507
7155300,279.1613555866057
7155330,279.1623026187091
7155360,279.1632471209082
7155390,279.16418898251396
7155420,279.16513332873467
7155450,279.1660800700356
7155480,279.1670273252058
7155510,279.1679747813425
7155540,279.1689223654075
7155570,279.1698700115678
7155600,279.1708176601518
7155630,279.17176486539864
7155660,279.17270912436436
7155690,279.1736541916751
7155720,279.1746002852892
7155750,279.1755454969085
7155780,279.1764909290279
7155810,279.1774373893091
7155840,279.1783846637871
7155870,279.179331941644
7155900,279.18027829507747
7155930,279.18122457214133
7155960,279.18217082413275
7155990,279.1831188515576
7156020,279.1840677853739
7156050,279.18501645725195
7156080,279.1859640954035
7156110,279.18691123685625
7156140,279.18785881475844
7156170,279.1888069080235
7156200,279.1897548921144
7156230,279.1907017312893
7156260,279.19164872000925
7156290,279.1925963374211
7156320,279.1935438821141
7156350,279.1944904397607
7156380,279.195436741406
7156410,279.1963833539722
7156440,279.19733029626695
7156470,279.1982773595676
7156500,279.199224406736
7156530,279.20017140580916
7156560,279.2011183638354
7156590,279.2020652876013
7156620,279.2030121782057
7156650,279.2039590347692
7156680,279.2049058564327
7156710,279.2058526425123
7156740,279.20679939236516
7156770,279.20774610540934
7156800,279.2086927811322
7156830,279.209636622856
7156860,279.2105746896639
7156890,279.21151904499067
7156920,279.2124665940383
7156950,279.2134132748649
7156980,279.21435941529256
7157010,279.2153055830839
7157040,279.21625161354837
7157070,279.2171974061744
7157100,279.21814303493363
7157130,279.21908860359224
7157160,279.22003416413236
7157190,279.2209797261712
7157220,279.2219252860007
7157250,279.22287084048804
7157280,279.2238163888899
7157310,279.22476193124754
7157340,279.2257074675973
7157370,279.2266529979387
7157400,279.2275985222238
7157430,279.2285423226416
7157460,279.2294809616219
7157490,279.2304200650932
7157520,279.2313617184786
7157550,279.2323032621934
7157580,279.2332473159575
7157610,279.23419335412234
7157640,279.2351396354231
7157670,279.2360855213447
7157700,279.2370310855644
7157730,279.23797653185676
7157760,279.2389219638579
7157790,279.2398674011445
7157820,279.24081283773194
7157850,279.2417582684841
7157880,279.242703692044
7157910,279.2436491084058
7157940,279.24459451770144
7157970,279.2455399199011
7158000,279.2464853149691
7158030,279.24743079879937
7158060,279.2483767461723
7158090,279.24932295929784
7158120,279.25026762480985
7158150,279.25121097668676
7158180,279.2521549143678
7158210,279.2531001305048
7158240,279.25404592795365
7158270,279.25499161057087
7158300,279.25593703937614
7158330,279.2568823454897
7158360,279.2578276327604
7158390,279.25877292572466
7158420,279.2597182178316
7158450,279.2606635029069
7158480,279.2616087794312
7158510,279.26255404753965
7158540,279.26349930744016
7158570,279.2644445592072
7158600,279.2653898026684
7158630,279.2663344903383
7158660,279.2672747457734
7158690,279.2682168146765
7158720,279.2691607894548
7158750,279.2701061666151
7158780,279.2710512696985
7158810,279.2719950972307
7158840,279.27293949991935
7158870,279.2738853355363
7158900,279.27483119362404
7158930,279.27577660913136
7158960,279.27672191488335
7158990,279.2776671205813
7159020,279.27861229780973
7159050,279.279557486649
7159080,279.2805026637628
7159110,279.28144783725264
7159140,279.28239300157304
7159170,279.28333815587496
7159200,279.28428330114946
7159230,279.285228686206
7159260,279.2861743330758
7159290,279.2871201731454
7159320,279.28806605112703
7159350,279.2890119458989
7159380,279.28995726628295
7159410,279.29090190163123
7159440,279.2918463275562
7159470,279.2927909414279
7159500,279.29373578567544
7159530,279.2946807369731
7159560,279.29562570088524
7159590,279.2965706480083
7159620,279.29751557886794
7159650,279.2984604976944
7159680,279.2994054060715
7159710,279.3003503038914
7159740,279.30129519097676
7159770,279.30224006725206
7159800,279.3031849326048
7159830,279.304130066772
7159860,279.30507560001774
7159890,279.30602159566723
7159920,279.3069706974405
7159950,279.3079203022587
7159980,279.30886638906605
7160010,279.3098093297958
7160040,279.3107524008714
7160070,279.3116974274137
7160100,279.31264362870957
7160130,279.3135897255102
7160160,279.31453541571244
7160190,279.3154810010138
7160220,279.31642666307823
7160250,279.3173723621204
7160280,279.318318039701
7160310,279.3192636950945
7160340,279.32020934260305
7160370,279.3211549841424
7160400,279.32210061658174
7160430,279.32304623598185
7160460,279.32399183938264
7160490,279.32493741793496
7160520,279.32588296758416
7160550,279.32682848865284
7160580,279.3277739820263
7160610,279.328719448312
7160640,279.3296648878964
7160670,279.3306103011272
7160700,279.3315556883598
7160730,279.33250104996125
7160760,279.33344638630416
7160790,279.3343916977261
7160820,279.33533698453783
7160850,279.33628224708946
7160880,279.33722748578674
7160910,279.3381727010328
7160940,279.3391178932062
7160970,279.34006306266537
7161000,279.3410082097825
7161030,279.341953330101
7161060,279.3428984275343
7161090,279.343843504559
7161120,279.3447885594171
7161150,279.3457335909503
7161180,279.34667859858854
7161210,279.34762358199373
7161240,279.3485685407821
7161270,279.3495134744414
7161300,279.3504583826968
7161330,279.35140326522213
7161360,279.3523481216505
7161390,279.3532929726148
7161420,279.35423781892626
7161450,279.3551826539707
7161480,279.35612747284324
7161510,279.35707227307824
7161540,279.35801705349246
7161570,279.35896181343617
7161600,279.3599065524615
7161630,279.3608512823798
7161660,279.3617960019182
7161690,279.3627407086182
7161720,279.3636853997968
7161750,279.364630074117
7161780,279.3655747310466
7161810,279.3665193704328
7161840,279.36746399222744
7161870,279.3684085965401
7161900,279.3693531836748
7161930,279.3702977541355
7161960,279.3712423084922
7161990,279.37218684754
7162020,279.3731313723307
7162050,279.3740758839981
7162080,279.37502038393393
7162110,279.3759648736835
7162140,279.37690935500723
7162170,279.3778538297939
7162200,279.37879830018363
7162230,279.37974278042674
7162260,279.3806872740248
7162290,279.3816317679418
7162320,279.3825773189936
7162350,279.38352275290794
7162380,279.38446771971206
7162410,279.38541238444293
7162440,279.38635692032875
7162470,279.3873014123383
7162500,279.38824589228466
7162530,279.3891903712604
7162560,279.3901348538703
7162590,279.39107934301086
7162620,279.39202384114407
7162650,279.39296835072724
7162680,279.3939128742148
7162710,279.3948574142906
7162740,279.39580192207234
7162770,279.3967463966442
7162800,279.39769085438775
7162830,279.3986353065956
7162860,279.3995797575724
7162890,279.4005242107464
7162920,279.4014686681596
7162950,279.4024131315784
7162980,279.4033576025852
7163010,279.4043020827976
7163040,279.405246573934
7163070,279.4061910777548
7163100,279.4071355958838
7163130,279.40808010524165
7163160,279.40902460523955
7163190,279.40996910386224
7163220,279.4109136072147
7163250,279.4118581187668
7163280,279.41280264046935
7163310,279.41374717380296
7163340,279.4146917200394
7163370,279.4156362803608
7163400,279.41658085570504
7163430,279.4175254321039
7163460,279.41847000815204
7163490,279.419414589378
7163520,279.42035917969616
7163550,279.42130378124483
7163580,279.42224839510334
7163610,279.4231930219963
7163640,279.4241376625958
7163670,279.4250823173196
7163700,279.4260269866735
7163730,279.426971670965
7163760,279.4279163705081
7163790,279.42886108536436
7163820,279.4298058156554
7163850,279.43075056150025
7163880,279.4316953229273
7163910,279.43264009980663
7163940,279.4335848921216
7163970,279.43452969979535
7164000,279.4354745226863
7164030,279.4364193680123
7164060,279.4373642675695
7164090,279.438309245278
7164120,279.43925430845536
7164150,279.440199476281
7164180,279.4411447419112
7164210,279.44209009704156
7164240,279.4430355374089
7164270,279.4439810603952
7164300,279.44492666328085
7164330,279.4458723429684
7164360,279.4468180961626
7164390,279.44776391947335
7164420,279.4487098094756
7164450,279.44965576269664
7164480,279.4506017755655
7164510,279.4515478444737
7164540,279.45249396583773
7164570,279.4534401360932
7164600,279.4543863516444
7164630,279.45533261641935
7164660,279.45627891499106
7164690,279.4572252452848
7164720,279.4581716067558
7164750,279.45911799874256
7164780,279.4600644170128
7164810,279.4610108569741
7164840,279.46195731484124
7164870,279.4629037874205
7164900,279.46385027168037
7164930,279.46479676460575
7164960,279.4657432632208
7164990,279.46668976461103
7165020,279.46763626595657
7165050,279.4685827644802
7165080,279.46952925749594
7165110,279.4704757424835
7165140,279.4714222170097
7165170,279.47236867869015
7165200,279.4733151251908
7165230,279.4742615506336
7165260,279.4752079585416
7165290,279.47615434774565
7165320,279.47710071159065
7165350,279.47804705117966
7165380,279.4789933616574
7165410,279.4799396405811
7165440,279.48088588856365
7165470,279.4818321053469
7165500,279.48277828918975
7165530,279.48372443806056
7165560,279.4846705503962
7165590,279.4856166250809
7165620,279.48656266123936
7165650,279.48750865807693
7165680,279.48845461491237
7165710,279.4894005312101
7165740,279.49034640656527
7165770,279.49129224069503
7165800,279.4922380334824
7165830,279.49318377837164
7165860,279.49412948883185
7165890,279.49507516574306
7165920,279.49602080366685
7165950,279.49696640346804
7165980,279.49791345153176
7166010,279.49886398564576
7166040,279.499820898045
7166070,279.5007868391634
7166100,279.5017624494251
7166130,279.50274655252633
7166160,279.50373761178037
7166190,279.50473460713437
7166220,279.50573700546767
7166250,279.5067444520278
7166280,279.5077565947067
7166310,279.5087730544038
7166340,279.5097934414303
7166370,279.51081736790195
7166400,279.51184445099653
7166430,279.51285642843357
7166460,279.5138212274894
7166490,279.51476765133447
7166520,279.5157135953098
7166550,279.51665874364716
7166580,279.5176034998091
7166610,279.51854821383915
7166640,279.5194929585477
7166670,279.5204377030137
7166700,279.5213824249918
7166730,279.5223271230352
7166760,279.5232718012539
7166790,279.52421646220733
7166820,279.525161107026
7166850,279.526105736496
7166880,279.5270503514675
7166910,279.5279949527699
7166940,279.5289395410421
7166970,279.5298841167389
7167000,279.53082868021045
7167030,279.53177319067447
7167060,279.5327176347661
7167090,279.53366203303
7167120,279.5346064190751
7167150,279.53555153769906
7167180,279.53649739912896
7167210,279.5374431389666
7167240,279.5383882050755
7167270,279.53933271831545
7167300,279.540277010665
7167330,279.541221272745
7167360,279.54216554462045
7167390,279.5431098148659
7167420,279.54405407344217
7167450,279.54500158584995
7167480,279.5459523901694
7167510,279.5469044741535
7167540,279.5478560710656
7167570,279.5488055414385
7167600,279.54975121237237
7167630,279.5506935764653
7167660,279.55163661399996
7167690,279.5525804630583
7167720,279.5535245955651
7167750,279.55446871393127
7167780,279.55541276627366
7167810,279.5563567742475
7167840,279.55730075399015
7167870,279.5582447094435
7167900,279.5591886407247
7167930,279.5601325478397
7167960,279.5610764310584
7167990,279.5620202907352
7168020,279.5629641272122
7168050,279.563907940833
7168080,279.5648517319482
7168110,279.5657955009381
7168140,279.5667392481692
7168170,279.5676829738834
7168200,279.56862667798157
7168230,279.5695705793181
7168260,279.57051447471184
7168290,279.57145820569355
7168320,279.5724036116859
7168350,279.5733507845813
7168380,279.5742976843529
7168410,279.57524299108206
7168440,279.57618698898074
7168470,279.5771304699609
7168500,279.578073890411
7168530,279.5790173471316
7168560,279.57996081343634
7168590,279.5809042657833
7168620,279.5818476993554
7168650,279.582791115577
7168680,279.5837345157748
7168710,279.5846779005963
7168740,279.5856212704808
7168770,279.5865646259194
7168800,279.58750796740554
7168830,279.5884512894839
7168860,279.58939459229333
7168890,279.59033787875103
7168920,279.59128114813154
7168950,279.59222439994284
7168980,279.59316763375375
7169010,279.5941108492829
7169040,279.5950540465197
7169070,279.5959972256902
7169100,279.596940387391
7169130,279.59788353243425
7169160,279.59882666195654
7169190,279.5997697774163
7169220,279.6007128805457
7169250,279.60165597331996
7169280,279.60259905805555
7169310,279.60354213741726
7169340,279.6044852144147
7169370,279.60542829233225
7169400,279.60637137474066
7169430,279.607314323484
7169460,279.6082574258009
7169490,279.6092005683424
7169520,279.61014368365056
7169550,279.611086782629
7169580,279.612029875033
7169610,279.612972966053
7169640,279.6139160588586
7169670,279.6148591561493
7169700,279.61580226065666
7169730,279.61674537514364
7169760,279.61768850264315
7169790,279.618631646475
7169820,279.6195747638571
7169850,279.62051785313867
7169880,279.6214609282819
7169910,279.6224039999866
7169940,279.623347074106
7169970,279.62429015405354
7170000,279.62523324240175
7170030,279.6261764165235
7170060,279.6271194894162
7170090,279.62806257364207
7170120,279.62900566510683
7170150,279.6299487645367
7170180,279.6308918744854
7170210,279.6318349974243
7170240,279.6327781356655
7170270,279.63372126802267
7170300,279.63466439360246
7170330,279.635607519571
7170360,279.6365506517269
7170390,279.6374937934148
7170420,279.63843694678917
7170450,279.6393801134337
7170480,279.64032329463913
7170510,279.64126649160175
7170540,279.6422096904765
7170570,279.64315289013666
7170600,279.64409609498574
7170630,279.6450393067257
7170660,279.64598252992494
7170690,279.64692576137145
7170720,279.6478690067464
7170750,279.6488122653646
7170780,279.64975579671216
7170810,279.6506975934765
7170840,279.6516366901278
7170870,279.6525735550748
7170900,279.65351099870907
7170930,279.6544519221059
7170960,279.65539612466523
7170990,279.6563409751719
7171020,279.65728430661693
7171050,279.658226416168
7171080,279.65916885517873
7171110,279.66011215357435
7171140,279.66105554849355
7171170,279.66199841771214
7171200,279.66294103451827
7171230,279.66388419881235
7171260,279.66483055947094
7171290,279.66577706417644
7171320,279.66672158650863
7171350,279.66766425976783
7171380,279.6686064553139
7171410,279.6695472036875
7171440,279.670485987595
7171470,279.6714269057218
7171500,279.6723697208757
7171530,279.67331108009887
7171560,279.6742504602083
7171590,279.6751914484819
7171620,279.6761342080045
7171650,279.6770777525977
7171680,279.6780214359483
7171710,279.6789650771129
7171740,279.6799086863519
7171770,279.680852290683
7171800,279.681795898572
7171830,279.6827395126188
7171860,279.6836832191218
7171890,279.6846269221069
7171920,279.6855705772857
7171950,279.6865143928599
7171980,279.68745811833736
7172010,279.688401805407
7172040,279.6893424876633
7172070,279.6902731674666
7172100,279.691197241292
7172130,279.69212497931284
7172160,279.6930556708808
7172190,279.6939816303405
7172220,279.6948998214526
7172250,279.6958129147131
7172280,279.6967243971095
7172310,279.69763596545175
7172340,279.6985479138209
7172370,279.699460121032
7172400,279.7003724973749
7172430,279.7012931997758
7172460,279.7022385318996
7172490,279.70319556052857
7172520,279.7041442011682
7172550,279.70508901185354
7172580,279.70603295649755
7172610,279.70697665459875
7172640,279.7079202845138
7172670,279.7088638932561
7172700,279.7098074919371
7172730,279.71075108183453
7172760,279.71169466133983
7172790,279.712635383856
7172820,279.71357639230206
7172850,279.7145186201636
7172880,279.7154616232112
7172910,279.7164049357371
7172940,279.71734832902416
7172970,279.71829171653513
7173000,279.7192350673733
7173030,279.72017845337507
7173060,279.7211219050883
7173090,279.7220653742379
7173120,279.7230088406267
7173150,279.7239522949601
7173180,279.7248957321375
7173210,279.72583914834826
7173240,279.72678253988425
7173270,279.72772590282676
7173300,279.7286692327026
7173330,279.72961258180294
7173360,279.7305559528796
7173390,279.73149932916135
7173420,279.732442697401
7173450,279.7333860498086
7173480,279.73432938125853
7173510,279.73527268756294
7173540,279.73621596448544
7173570,279.73715924634774
7173600,279.73810253565637
7173630,279.73904405189523
7173660,279.73998718954476
7173690,279.74093026273556
7173720,279.7418734105512
7173750,279.7428190501565
7173780,279.74376359810094
7173810,279.74470680841097
7173840,279.74564992429225
7173870,279.7465930649503
7173900,279.7475361952927
7173930,279.74847928194083
7173960,279.7494223448076
7173990,279.75036333939556
7174020,279.75129900124244
7174050,279.75222809471575
7174080,279.7531522336935
7174110,279.754073983557
7174140,279.7549951137495
7174170,279.75591630301966
7174200,279.75683763251146
7174230,279.7577643321186
7174260,279.7587014062802
7174290,279.759643260578
7174320,279.7605867730849
7174350,279.7615296369825
7174380,279.76247205431804
7174410,279.7634146538776
7174440,279.7643573015877
7174470,279.76529865506023
7174500,279.7662356891106
7174530,279.7671662919292
7174560,279.76809142014963
7174590,279.7690136415811
7174620,279.7699349140604
7174650,279.7708560432995
7174680,279.77177716990747
7174710,279.7726982354564
7174740,279.7736191774484
7174770,279.77453996347117
7174800,279.7754605783189
7174830,279.77638677731255
7174860,279.7773240255203
7174890,279.7782684695745
7174920,279.779212915851
7174950,279.7801559223704
7174980,279.7810977173751
7175010,279.782036679671
7175040,279.78297632382714
7175070,279.7839171895172
7175100,279.7848577894089
7175130,279.7857994605599
7175160,279.7867423322284
7175190,279.7876851861782
7175220,279.7886263422937
7175250,279.78956195458704
7175280,279.790490618973
7175310,279.7914154391353
7175340,279.7923393653187
7175370,279.7932631534717
7175400,279.7941868669443
7175430,279.7951157990376
7175460,279.7960555237256
7175490,279.7969983840734
7175520,279.7979395475518
7175550,279.7988792254965
7175580,279.7998195389812
7175610,279.80076087099025
7175640,279.80170276143105
7175670,279.8026450262443
7175700,279.8035847776133
7175730,279.8045205060865
7175760,279.80545639971325
7175790,279.8063931344739
7175820,279.8073260619201
7175850,279.808253433162
7175880,279.8091783776558
7175910,279.8101030079955
7175940,279.8110279066203
7175970,279.81195337585757
7176000,279.8128794037831
7176030,279.81381010350975
7176060,279.8147476368942
7176090,279.81568877607
7176120,279.81663036543785
7176150,279.81757240949497
7176180,279.8185164810213
7176210,279.8194623776751
7176240,279.8204061600961
7176270,279.82134481592584
7176300,279.8222792349461
7176330,279.8232121603158
7176360,279.82414554411673
7176390,279.8250800258333
7176420,279.82601561124045
7176450,279.8269522240017
7176480,279.8278898510313
7176510,279.82882851492593
7176540,279.829768241923
7176570,279.83070905404736
7176600,279.8316509703907
7176630,279.8325936421033
7176660,279.83353603623266
7176690,279.83447828768396
7176720,279.8354204786394
7176750,279.83636264350355
7176780,279.83730479366255
7176810,279.8382469323487
7176840,279.8391890605472
7176870,279.8401311786001
7176900,279.8410732866788
7176930,279.84201538496114
7176960,279.84295747354116
7176990,279.8438995526662
7177020,279.84484162250067
7177050,279.845783683175
7177080,279.8467257347876
7177110,279.84766777755794
7177140,279.84860981170993
7177170,279.84955183739527
7177200,279.8504938548629
7177230,279.8514358661149
7177260,279.852377867826
7177290,279.8533199445573
7177320,279.8542632188777
7177350,279.85520632692567
7177380,279.8561485862319
7177410,279.8570905561643
7177440,279.85803254306774
7177470,279.8589749496867
7177500,279.8599173587123
7177530,279.8608594085763
7177560,279.86180152130635
7177590,279.86274308721534
7177620,279.8636858751109
7177650,279.8646297265265
7177680,279.8655724189966
7177710,279.86650946699444
7177740,279.8674486411548
7177770,279.86839128462134
7177800,279.86933473410517
7177830,279.87027662989874
7177860,279.871220212691
7177890,279.87216346847134
7177920,279.8731056334388
7177950,279.8740475798592
7177980,279.87498959258335
7178010,279.8759338834312
7178040,279.8768820620009
7178070,279.8778279761561
7178100,279.8787726454585
7178130,279.87971721949987
7178160,279.8806608309329
7178190,279.88160339192575
7178220,279.8825453954327
7178250,279.8834872621552
7178280,279.8844291473611
7178310,279.88537106049705
7178340,279.8863165838284
7178370,279.8872657479206
7178400,279.8882143851084
7178430,279.88915905554654
7178460,279.8901014806947
7178490,279.89104352775166
7178520,279.8919854733701
7178550,279.8929271385128
7178580,279.8938644214843
7178610,279.894797580717
7178640,279.8957315760874
7178670,279.8966659079884
7178700,279.8975961414428
7178730,279.89852061694324
7178760,279.89944111002285
7178790,279.9003598455313
7178820,279.9012779134366
7178850,279.9021955408126
7178880,279.9031127137311
7178910,279.90402944525107
7178940,279.9049457917556
7178970,279.9058618206986
7179000,279.9067775968529
7179030,279.90770164434025
7179060,279.9086395931913
7179090,279.9095825887765
7179120,279.91052566765745
7179150,279.91146455589563
7179180,279.9123950940785
7179210,279.9133172055906
7179240,279.9142343615585
7179270,279.9151500803398
7179300,279.9160660705901
7179330,279.91698265688535
7179360,279.91789973417383
7179390,279.9188172324136
7179420,279.9197351654401
7179450,279.9206535750132
7179480,279.9215725010251
7179510,279.92249197803466
7179540,279.9234120376006
7179570,279.92433270933026
7179600,279.92525402120685
7179630,279.9261809958987
7179660,279.92711721818233
7179690,279.92805747599346
7179720,279.9289984505217
7179750,279.92994072483737
7179780,279.93088822504575
7179810,279.9318330740918
7179840,279.93277443723633
7179870,279.93371585283836
7179900,279.93465743940595
7179930,279.93559908150263
7179960,279.936540750103
7179990,279.93748268088547
7180020,279.9384241341547
7180050,279.93936365364664
7180080,279.94030081803277
7180110,279.9412366147218
7180140,279.9421723508319
7180170,279.9431087997717
7180200,279.9440461790493
7180230,279.9449854203105
7180260,279.94592624129393
7180290,279.9468675635514
7180320,279.94780905046133
7180350,279.94875057880864
7180380,279.9496921099873
7180410,279.95063363281173
7180440,279.951575143913
7180470,279.95251664210883
7180500,279.95345812671366
7180530,279.9543995973538
7180560,279.95534105377055
7180590,279.9562824956346
7180620,279.95722392264514
7180650,279.9581653346334
7180680,279.95910673146045
7180710,279.96004811314816
7180740,279.9609894795961
7180770,279.9619308309542
7180800,279.96287216738546
7180830,279.9638133808299
7180860,279.9647547633031
7180890,279.96569613264035
7180920,279.96663749610514
7180950,279.96757885361626
7180980,279.9685202031112
7181010,279.96946154339196
7181040,279.9704028740281
7181070,279.9713441949501
7181100,279.972285506329
7181130,279.9732268084522
7181160,279.97416810164896
7181190,279.975109386312
7181220,279.9760506629597
7181250,279.9769919322112
7181280,279.97793319469787
7181310,279.9788744511842
7181340,279.97981570240455
7181370,279.9807569492153
7181400,279.9816981926768
7181430,279.982639417598
7181460,279.98358231345355
7181490,279.98452784749315
7181520,279.9854769740287
7181550,279.98642999525373
7181580,279.9873859969265
7181610,279.98834345314737
7181640,279.9893012035281
7181670,279.99025875389185
7181700,279.99121601433626
7181730,279.9921730013713
7181760,279.99312971611147
7181790,279.9940861363032
7181820,279.995042231885
7181850,279.9959979726319
7181880,279.9969533290629
7181910,279.9979082716914
7181940,279.99886277049575
7181970,279.99981679500047
7182000,280.0007703143081
7182030,280.0017201483013
7182060,280.00266321530074
7182090,280.0036037835119
7182120,280.0045452174248
7182150,280.0054881164608
7182180,280.00643111210786
7182210,280.0073747963587
7182240,280.0083199631629
7182270,280.00926648128956
7182300,280.01021362983124
7182330,280.0111608234723
7182360,280.0121078411331
7182390,280.0130546742792
7182420,280.01400135979713
7182450,280.01494792049317
7182480,280.01589436604024
7182510,280.01684070260796
7182540,280.0177869365276
7182570,280.0187330743283
7182600,280.01967912246334
7182630,280.02062361742486
7182660,280.0215642768175
7182690,280.02250446141926
7182720,280.023445125376
7182750,280.02438601339816
7182780,280.02532691888376
7182810,280.0262688980198
7182840,280.027212865282
7182870,280.02815831570706
7182900,280.0291041678542
7182930,280.0300498297992
7182960,280.0309952649686
7182990,280.03194060301513
7183020,280.03288591978543
7183050,280.0338312297777
7183080,280.0347765300326
7183110,280.0357218199322
7183140,280.036667102148
7183170,280.0376123800287
7183200,280.0385576565609
7183230,280.0395015343444
7183260,280.040443424949
7183290,280.0413847658443
7183320,280.0423273016513
7183350,280.0432689075503
7183380,280.0442107867532
7183410,280.0451552825555
7183440,280.0460991893612
7183470,280.04704144430605
7183500,280.0479837362698
7183530,280.04892723271524
7183560,280.0498719237134
7183590,280.05081725775113
7183620,280.0517627857174
7183650,280.0527083308117
7183680,280.0536538748817
7183710,280.0545994367625
7183740,280.0555450275425
7183770,280.0564906494875
7183800,280.05743630219723
7183830,280.0583804742948
7183860,280.05932227963154
7183890,280.0602633158459
7183920,280.0612040812737
7183950,280.06214476037206
7183980,280.0630854106927
7184010,280.06402604853406
7184040,280.06496667843413
7184070,280.06590730165817
7184100,280.0668479185214
7184130,280.06778683841407
7184160,280.06872629447366
7184190,280.06966888744455
7184220,280.07061605865033
7184250,280.0715683911628
7184280,280.0725260867635
7184310,280.0734892136543
7184340,280.0744577976381
7184370,280.0754318505735
7184400,280.0764113780837
7184430,280.07738349303764
7184460,280.0783337334266
7184490,280.0792792340591
7184520,280.0802244468187
7184550,280.08116674539446
7184580,280.08210445666873
7184610,280.08304360388473
7184640,280.0839839372193
7184670,280.08492405533224
7184700,280.0858641550297
7184730,280.0868046333517
7184760,280.0877451624709
7184790,280.0886865345696
7184820,280.0896296136878
7184850,280.0905740046971
7184880,280.09151893008783
7184910,280.0924640227431
7184940,280.09340913424955
7184970,280.0943541791917
7185000,280.0952991253491
7185030,280.0962427187687
7185060,280.09718460746296
7185090,280.09812541692907
7185120,280.0990661291554
7185150,280.1000070398231
7185180,280.10094830302074
7185210,280.1018902750731
7185240,280.102833124814
7185270,280.10377660177573
7185300,280.10472028874676
7185330,280.1056638948317
7185360,280.1066073115205
7185390,280.10755052614707
7185420,280.10849354538266
7185450,280.109436369608
7185480,280.1103789935736
7185510,280.1113214108969
7185540,280.1122636156074
7185570,280.1132056021005
7185600,280.11414736506504
7185630,280.11508858766086
7185660,280.1160293636727
7185690,280.11696988585913
7185720,280.117910324189
7185750,280.1188507386534
7185780,280.11979115525867
7185810,280.12073158391956
7185840,280.12167201188254
7185870,280.12261243838526
7185900,280.12355286861657
7185930,280.1244933074489
7185960,280.125433758642
7185990,280.1263742253361
7186020,280.1273146905207
7186050,280.1282551524616
7186080,280.1291956170041
7186110,280.1301360901594
7186140,280.1310765767882
7186170,280.13201708112115
7186200,280.1329575792606
7186230,280.13389806947566
7186260,280.1348385572252
7186290,280.1357790490884
7186320,280.1367195458126
7186350,280.13766004296997
7186380,280.13860053716525
7186410,280.13954102869417
7186440,280.14048151918144
7186470,280.1414220093006
7186500,280.1423624986399
7186530,280.1433029864589
7186560,280.1442434720899
7186590,280.1451839549364
7186620,280.14612443443843
7186650,280.14706491001203
7186680,280.14800538105385
7186710,280.1489458469395
7186740,280.1498863070003
7186770,280.15082676054936
7186800,280.15176720694
7186830,280.15270765892143
7186860,280.15364812807167
7186890,280.154588603509
7186920,280.15552865917186
7186950,280.15646828436286
7186980,280.1574079635924
7187010,280.15834800745114
7187040,280.1592883482732
7187070,280.16022879908553
7187100,280.16116925192665
7187130,280.1621096834112
7187160,280.16305009916584
7187190,280.1639905038594
7187220,280.1649308975543
7187250,280.1658712789994
7187280,280.16681164731176
7187310,280.16775200190773
7187340,280.1686923421398
7187370,280.1696326672555
7187400,280.1705729765866
7187430,280.17151300130985
7187460,280.1724531222402
7187490,280.1733933737741
7187520,280.17433366028916
7187550,280.17527393214607
7187580,280.1762142142348
7187610,280.1771545065668
7187640,280.17809479431406
7187670,280.17903506213764
7187700,280.17997529619805
7187730,280.18091553177527
7187760,280.18185577241354
7187790,280.1827960035611
7187820,280.1837362083055
7187850,280.1846764091659
7187880,280.18561660749424
7187910,280.1865567901562
7187940,280.18749694041776
7187970,280.1884370866971
7188000,280.1893772313107
7188030,280.1903173717934
7188060,280.19125749089164
7188090,280.19219759966035
7188120,280.19313769671317
7188150,280.1940777693914
7188180,280.1950178317714
7188210,280.1959578830514
7188240,280.1968979092627
7188270,280.197837925072
7188300,280.19877792955646
7188330,280.1997179077554
7188360,280.20065787510896
7188390,280.2015978305849
7188420,280.2025377586764
7188450,280.2034776753622
7188480,280.204417579756
7188510,280.205357455953
7188540,280.2062973202093
7188570,280.2072371715423
7188600,280.2081770106489
7188630,280.20911683630214
7188660,280.2100566387612
7188690,280.2109964270173
7188720,280.2119355398022
7188750,280.21286877002075
7188780,280.2138081295797
7188810,280.2147482778905
7188840,280.2156858819637
7188870,280.2166246216788
7188900,280.2175638337476
7188930,280.21850329293153
7188960,280.21944283295375
7188990,280.22038241881245
7189020,280.2213219841496
7189050,280.2222615154028
7189080,280.2232010133405
7189110,280.22414047786606
7189140,280.22507977598104
7189170,280.22601905817254
7189200,280.2269583919856
7189230,280.22789777429824
7189260,280.2288371211295
7189290,280.22977661838723
7189320,280.23071612098727
7189350,280.23165544773985
7189380,280.2325946567566
7189410,280.2335338332762
7189440,280.23447566556166
7189470,280.23542193250637
7189500,280.236371370023
7189530,280.23732171284485
7189560,280.23827169919474
7189590,280.23922112301625
7189620,280.2401701349942
7189650,280.2411188525052
7189680,280.2420673197779
7189710,280.2430155581324
7189740,280.2439635906909
7189770,280.2449114440036
7189800,280.2458591452741
7189830,280.24680411678855
7189860,280.2477452877444
7189890,280.2486847768383
7189920,280.2496235444255
7189950,280.25056583543835
7189980,280.25151182565145
7190010,280.2524587106696
7190040,280.25340523228004
7190070,280.2543518476337
7190100,280.25529900835437
7190130,280.2562466502376
7190160,280.25719456584415
7190190,280.25814266354826
7190220,280.2590909538229
7190250,280.26003947402023
7190280,280.26098825624183
7190310,280.2619373269574
7190340,280.26288671131675
7190370,280.26383643466306
7190400,280.26478652264757
7190430,280.2657337079007
7190460,280.2666753303328
7190490,280.2676143081758
7190520,280.26855245573444
7190550,280.26949057461246
7190580,280.2704307237919
7190610,280.2713752946858
7190640,280.27232477869984
7190670,280.2732778190102
7190700,280.27423276173437
7190730,280.2751886401619
7190760,280.27614516211287
7190790,280.27710233975125
7190820,280.27806024031815
7190850,280.2790189128629
7190880,280.27997839116034
7190910,280.28093870528295
7190940,280.28189988597535
7190970,280.28286196523027
7191000,280.2838249760585
7191030,280.28478149590813
7191060,280.2857239293657
7191090,280.1525880943386
7191120,279.92672854534004
7191150,279.73291987339474
7191180,279.5892337026194
7191210,279.4814504007501
7191240,279.4003106004875
7191270,279.3391925801031
7191300,279.2931469932541
7191330,279.25845402095473
7191360,279.2323169318587
7191390,279.21262578216164
7191420,279.19779045959405
7191450,279.18661459128754
7191480,279.17819486638814
7191510,279.17185149136833
7191540,279.1670725262496
7191570,279.16347211107694
7191600,279.1607600456944
7191630,279.1587199046367
7191660,279.1571722210017
7191690,279.15600764547435
7191720,279.15513805698845
7191750,279.1544807948333
7191780,279.15398784266694
7191810,279.15361388471354
7191840,279.1533333801093
7191870,279.15312480238396
7191900,279.1529688002867
7191930,279.15285088405375
7191960,279.152759820539
7191990,279.15269176994013
7192020,279.1526423870824
7192050,279.1526032849579
7192080,279.1525732753402
7192110,279.15255085609135
7192140,279.1525324987512
7192170,279.15251897151256
7192200,279.15251249754704
7192230,279.1525102446242
7192260,279.1525055022471
7192290,279.1525018218259
7192320,279.15249802736963
7192350,279.15249579807215
7192380,279.15249695141847
7192410,279.1524939808331
7192440,279.1524893742948
7192470,279.1524858279212
7192500,279.1524859591427
7192530,279.15248657784286
7192560,279.1524877539142
7192590,279.1524876712036
7192620,279.1524862058434
7192650,279.1524856106712
7192680,279.15248463419437
7192710,279.1524831038098
7192740,279.15248188
7192770,279.1524809636358
7192800,279.1524803945623
7192830,279.15247930595615
7192860,279.1524782452195
7192890,279.1524774843814
7192920,279.1524769143729
7192950,279.15247649284356
7192980,279.1524761817601
7193010,279.1524759473521
7193040,279.1524757652014
7193070,279.1524756175921
7193100,279.15247606325363
7193130,279.15247712252494
7193160,279.15247645231227
7193190,279.15247608199917
7193220,279.152474406759
7193250,279.15246143314437
7193280,279.152463900038
7193310,279.1524654652786
7193340,279.15246924246173
7193370,279.1524697132849
7193400,279.1524714837569
7193430,279.15247251438495
7193460,279.1524735343782
7193490,279.1524742625029
7193520,279.15247529264144
7193550,279.1524767246357
7193580,279.152477132605
7193610,279.1524768511112
7193640,279.15247742195857
7193670,279.1524784460353
7193700,279.1524773876676
7193730,279.1524749137384
7193760,279.1524736887322
7193790,279.1524735191297
7193820,279.15247424769655
7193850,279.15247534730105
7193880,279.1524754898588
7193910,279.1524755465991
7193940,279.1524769397209
7193970,279.1524793522243
7194000,279.15248037509804
7194030,279.1524802731525
7194060,279.15248141475865
7194090,279.152483383904
7194120,279.1524843554162
7194150,279.15248398989496
7194180,279.1524839369108
7194210,279.1524845962661
7194240,279.1524848447458
7194270,279.1524855014863
7194300,279.15248619523993
7194330,279.1524874372068
7194360,279.15248738675496
7194390,279.15248613247024
7194420,279.15248543379454
7194450,279.1524847216711
7194480,279.1524843740975
7194510,279.1524852090285
7194540,279.1524846801728
7194570,279.15248320344074
7194600,279.15248214913686
7194630,279.15248191530134
7194660,279.15248415117344
7194690,279.15248332161406
7194720,279.15248154294966
7194750,279.1524805209484
7194780,279.15247992779564
7194810,279.15247930771113
7194840,279.1524786265241
7194870,279.1524774803879
7194900,279.15247607495996
7194930,279.15247511074114
7194960,279.15247444135997
7194990,279.15247398318127
7195020,279.1524735388356
7195050,279.1524732180739
7195080,279.1524721417174
7195110,279.1524700335243
7195140,279.1524688889365
7195170,279.1524693512502
7195200,279.152469917185
7195230,279.1524698722291
7195260,279.1524717421778
7195290,279.1524716177937
7195320,279.1524708970705
7195350,279.1524751877064
7195380,279.15247734686704
7195410,279.1524761670535
7195440,279.15247520341075
7195470,279.15247428393906
7195500,279.15247190975737
7195530,279.152468709027
7195560,279.1524650667214
7195590,279.15246545229917
7195620,279.1524675356731
7195650,279.1524681227701
7195680,279.1524700474467
7195710,279.15247374662357
7195740,279.1524747774338
7195770,279.15247266765346
7195800,279.15247253984614
7195830,279.1524730217024
7195860,279.1524738117444
7195890,279.15247333040327
7195920,279.15247118202126
7195950,279.15247073531657
7195980,279.15247081158935
7196010,279.15247072041086
7196040,279.1524713246417
7196070,279.1524722610179
7196100,279.15247323823763
7196130,279.1524737170223
7196160,279.1524732151189
7196190,279.1524728834362
7196220,279.1524733712541
7196250,279.1524738408154
7196280,279.1524740641091
7196310,279.1524740672447
7196340,279.1524744605761
7196370,279.1524753566193
7196400,279.1524762934553
7196430,279.4046476044569
7196460,281.29766086902504
7196490,282.3735069267181
7196520,283.0026129640379
7196550,283.328061946676
7196580,283.48633828871994
7196610,283.5615136908126
7196640,283.5954917936355
7196670,283.6093990338955
7196700,283.61235656996837
7196730,283.6099646605858
7196760,283.6050233957028
7196790,283.59881384198883
7196820,283.59197645323013
7196850,283.5849476524869
7196880,283.57796860463304
7196910,283.5711460852869
7196940,283.5647092436211
7196970,283.55874908631233
7197000,283.5532279200876
7197030,283.52670492557814
7197060,283.49162165819115
7197090,283.46987020274344
7197120,283.45702518102803
7197150,283.44969846668744
7197180,283.44566322152116
7197210,283.4437741472722
7197240,283.4433720796654
7197270,283.4440514308301
7197300,283.44563412579805
7197330,283.4480179030718
7197360,283.451138492975
7197390,283.45495174242154
7197420,283.4594218780726
7197450,283.46451654795015
7197480,283.4702035375945
7197510,283.476446350333
7197540,283.48320708971454
7197570,283.4904595667801
7197600,283.49816845255634
7197630,283.50759297195367
7197660,283.5179962424364
7197690,283.5279063687677
7197720,283.53765839490575
7197750,283.5473960162839
7197780,283.5572278845938
7197810,283.56718991878495
7197840,283.57728524641976
7197870,283.58750674047144
7197900,283.59784512882686
7197930,283.6082833533058
7197960,283.6188033466016
7197990,283.62938840004267
7198020,283.64002383716434
7198050,283.650697044057
7198080,283.6613973715753
7198110,283.67211602129515
7198140,283.6828458794503
7198170,283.69358135079506
7198200,283.7043181881166
7198230,283.70550063097176
7198260,283.70258463927127
7198290,283.7053787568822
7198320,283.7117948430154
7198350,283.7201227931206
7198380,283.72872226458935
7198410,283.7363952741691
7198440,283.7429262824188
7198470,283.7484868768572
7198500,283.75333443382027
7198530,283.75768761771985
7198560,283.7617039701371
7198590,283.7655033337857
7198620,283.769168891173
7198650,283.772752877495
7198680,283.77628383772327
7198710,283.77977692617617
7198740,283.78324031960676
7198770,283.78667851099715
7198800,283.7900938471561
7198830,283.7887673073644
7198860,283.7854768639697
7198890,283.7849648519607
7198920,283.7862176192845
7198950,283.7884009106743
7198980,283.79110173337494
7199010,283.7940445703932
7199040,283.7971022025008
7199070,283.80020484824473
7199100,283.8033122887117
7199130,283.80640296776465
7199160,283.8094657468413
7199190,283.8124957055938
7199220,283.8154899679697
7199250,283.8184461271478
7199280,283.82136194329865
7199310,283.8242353690133
7199340,283.8270645509305
7199370,283.8298477761067
7199400,283.8325834097468
7199430,283.83291954651827
7199460,283.8321904113941
7199490,283.83284062638904
7199520,283.8343262286838
7199550,283.8362585017305
7199580,283.8383891576288
7199610,283.84059839034575
7199640,283.8428134870367
7199670,283.8450060643877
7199700,283.8471537392743
7199730,283.8492456162517
7199760,283.85127810376105
7199790,283.85324430157976
7199820,283.85514225320406
7199850,283.85697002717484
7199880,283.85872566760554
7199910,283.8604073191199
7199940,283.862013327853
7199970,283.863542113763
7200000,283.8649920881098
7200030,283.8646254047275
7200060,283.86344810375425
7200090,283.8633050514814
7200120,283.86379636756993
7200150,283.86464869633323
7200180,283.86567444802336
7200210,283.86679455589655
7200240,283.86795932387145
7200270,283.86914504130885
7200300,283.87034077365877
7200330,283.871536706583
7200360,283.87273346949365
7200390,283.873925570695
7200420,283.8751146739236
7200450,283.87629997063226
7200480,283.8774795433243
7200510,283.8786556154008
7200540,283.87982718174965
7200570,283.8809943270402
7200600,283.88215729327584
7200630,283.8823771975952
7200660,283.8821452113222
7200690,283.88251160171296
7200720,283.8832345228564
7200750,283.88415337576276
7200780,283.8851767139977
7200810,283.88625652338015
7200840,283.8873622755686
7200870,283.88847728148465
7200900,283.8895944899027
7200930,283.89071145818895
7200960,283.8918273077696
7200990,283.8929415185969
7201020,283.8940536822603
7201050,283.89516353200116
7201080,283.8962709533873
7201110,283.8973759411316
7201140,283.8984785476808
7201170,283.8995788506364
7201200,283.90067693813154
7201230,283.90081043287176
7201260,283.90048180958667
7201290,283.9007694822027
7201320,283.90142203675094
7201350,283.9022814723142
7201380,283.903257936485
7201410,283.904283719133
7201440,283.9053366111607
7201470,283.906401779883
7201500,283.9074730390837
7201530,283.9085477117115
7201560,283.9096238287945
7201590,283.9107002469784
7201620,283.911776406343
7201650,283.9128520852724
7201680,283.91392723784037
7201710,283.9150019031672
7201740,283.916076158969
7201770,283.9171500990655
7201800,283.91822382319884
7201830,283.918378065592
7201860,283.91808967784135
7201890,283.9183861231056
7201920,283.9190535573444
7201950,283.91991499315156
7201980,283.92087504893425
7202010,283.9218926588071
7202040,283.9229397565933
7202070,283.9240011738245
7202100,283.9250691194613
7202130,283.92614096782535
7202160,283.92721589281683
7202190,283.92829335275945
7202220,283.92937287190756
7202250,283.9304541434527
7202280,283.9315370398528
7202310,283.9326215497556
7202340,283.9083574879788
7202370,282.010148273351
7202400,280.0083139947552
7202430,279.63878439675705
7202460,279.63877110405025
7202490,279.63877090523505
7202520,279.6387709703925
7202550,279.6387709683369
7202580,279.63877096833534
7202610,279.6387709683351
7202640,279.63877096833517
7202670,279.63877096833534
7202700,279.63877096833534
7202730,279.6387709683354
7202760,279.6387709683354
7202790,279.6387709683354
7202820,279.6387709683354
7202850,279.6387709683354
7202880,279.6387709683354
7202910,279.6387709683354
7202940,279.6387709683354
7202970,279.6387709683354
7203000,279.6387709683354
7203030,282.8889493237821
7203060,280.8604068907019
7203090,279.4363493165727
7203120,278.7703369490829
7203150,278.36456453655904
7203180,278.06987723658773
7203210,277.8382547513932
7203240,277.6486621012457
7203270,277.4887543637916
7203300,277.3516445794244
7203330,277.2331703708217
7203360,277.1304672714151
7203390,277.0413609010184
7203420,276.9640643873096
7203450,276.8970629605551
7203480,276.83905577514827
7203510,276.7889119578226
7203540,276.7456435882186
7203570,276.7083877538004
7203600,276.6763903559016
7203630,276.6911059235747
7203660,276.6913788831965
7203690,276.69137890858855
7203720,276.69137890858855
7203750,276.69137890858855
7203780,276.69137890858855
7203810,276.69137890858855
7203840,276.69137890858855
7203870,276.69137890858855
7203900,276.69137890858855
7203930,276.69137890858855
7203960,276.69137890858855
7203990,276.69137890858855
7204020,276.69137890858855
7204050,276.69137890858855
7204080,276.69137890858855
7204110,276.69137890858855
7204140,276.69137890858855
7204170,276.69137890858855
7204200,276.69137890858855
7204230,281.7171859872722
7204260,279.8838469834279
7204290,278.47329456502484
7204320,277.9110055768287
7204350,277.62070683792956
7204380,277.4450513493623
7204410,277.31814390782847
7204440,277.21497327086223
7204470,277.1305580217517
7204500,277.06034539528986
7204530,277.00088417299105
7204560,276.95005725788667
7204590,276.90646565884725
7204620,276.8690755604049
7204650,276.83705550982205
7204680,276.80970783082256
7204710,276.78643520216156
7204740,276.7667191378929
7204770,276.7501068384934
7204800,276.73620582671845
7204830,276.7433700782627
7204860,276.7436304462481
7204890,276.7436306884844
7204920,276.7436306884844
7204950,276.7436306884844
7204980,276.7436306884844
7205010,276.7436306884844
7205040,276.7436306884844
7205070,276.7436306884844
7205100,276.7436306884844
7205130,276.7436306884844
7205160,276.7436306884844
7205190,276.7436306884844
7205220,276.7436306884844
7205250,276.7436306884844
7205280,276.7436306884844
7205310,276.7436306884844
7205340,276.7436306884844
7205370,276.7436306884844
7205400,276.7436306884844
7205430,281.8145128900919
7205460,279.9781674613185
7205490,278.5598846752428
7205520,278.00455070461254
7205550,277.7245894735505
7205580,277.558939515363
7205610,277.4405650706401
7205640,277.34637452370254
7205670,277.27003879737657
7205700,277.2067765218484
7205730,277.1533382321791
7205760,277.10777544693366
7205790,277.06881432343215
7205820,277.0355117532785
7205850,277.0071089101545
7205880,276.9829704296674
7205910,276.9625489216844
7205940,276.9453721808899
7205970,276.9310283229958
7206000,276.91915816704847
7206030,276.92551222857594
7206060,276.9257662097551
7206090,276.92577346354955
7206120,276.92577346354955
7206150,276.92577346354955
7206180,276.92577346354955
7206210,276.92577346354955
7206240,276.92577346354955
7206270,276.92577346354955
7206300,276.92577346354955
7206330,276.92577346354955
7206360,276.92577346354955
7206390,276.92577346354955
7206420,276.92577346354955
7206450,276.92577346354955
7206480,276.92577346354955
7206510,276.92577346354955
7206540,276.92577346354955
7206570,276.92577346354955
7206600,276.92577346354955
7206630,281.9791630050432
7206660,280.14177802586636
7206690,278.7154418667095
7206720,278.16150710717983
7206750,277.8869124280137
7206780,277.72640193107594
7206810,277.6126844594317
7206840,277.523375550736
7206870,277.4512645939727
7206900,277.3916666315101
7206930,277.3414559117207
7206960,277.2987709524486
7206990,277.2623898828023
7207020,277.2314130843494
7207050,277.20511658878274
7207080,277.18289256574525
7207110,277.1642190749919
7207140,277.14864462467506
7207170,277.1357759289443
7207200,277.1252701214999
7207230,277.1311019389075
7207260,277.13134933229026
7207290,277.1313499661665
7207320,277.1313499661665
7207350,277.1313499661665
7207380,277.1313499661665
7207410,277.1313499661665
7207440,277.1313499661665
7207470,277.1313499661665
7207500,277.1313499661665
7207530,277.1313499661665
7207560,277.1313499661665
7207590,277.1313499661665
7207620,277.1313499661665
7207650,277.1313499661665
7207680,277.1313499661665
7207710,277.1313499661665
7207740,277.1313499661665
7207770,277.1313499661665
7207800,277.1313499661665
7207830,282.1698606130072
7207860,280.3344649938509
7207890,278.89937161702863
7207920,278.34628404651613
7207950,278.0806320390728
7207980,277.92942738916474
7208010,277.8250965482654
7208040,277.74505601614646
7208070,277.6814252995123
7208100,277.6296642037966
7208130,277.58678364763284
7208160,277.5510168927523
7208190,277.52121693394116
7208220,277.49653794435625
7208250,277.47630141714285
7208280,277.4599368619632
7208310,277.4469538508532
7208340,277.43692714001634
7208370,277.4294868721203
7208400,277.424311133877
7208430,277.42865138100086
7208460,277.4288857106913
7208490,277.42888546349826
7208520,277.428885463638
7208550,277.428885463638
7208580,277.428885463638
7208610,277.428885463638
7208640,277.428885463638
7208670,277.428885463638
7208700,277.428885463638
7208730,277.428885463638
7208760,277.428885463638
7208790,277.428885463638
7208820,277.428885463638
7208850,277.428885463638
7208880,277.428885463638
7208910,277.428885463638
7208940,277.428885463638
7208970,277.428885463638
7209000,277.428885463638
7209030,282.45550760797124
7209060,280.6237559546192
7209090,279.1738496329096
7209120,278.6144280482331
7209150,278.36226418622755
7209180,278.2261274217589
7209210,278.1370641363757
7209240,278.0708634868507
7209270,278.0194182127897
7209300,277.97839907819076
7209330,277.9450045831411
7209360,277.9176305179572
7209390,277.8952670776095
7209420,277.8771811417683
7209450,277.86278838524083
7209480,277.85159811695917
7209510,277.8431902466298
7209540,277.8371995491024
7209570,277.83331032110544
7209600,277.8312458023317
7209630,277.8343999431187
7209660,277.8346367333143
7209690,277.83463673325906
7209720,277.8346367332571
7209750,277.8346367332571
7209780,277.8346367332571
7209810,277.8346367332571
7209840,277.8346367332571
7209870,277.8346367332571
7209900,277.8346367332571
7209930,277.8346367332571
7209960,277.8346367332571
7209990,277.8346367332571
7210020,277.8346367332571
7210050,277.8346367332571
7210080,277.8346367332571
7210110,277.8346367332571
7210140,277.8346367332571
7210170,277.8346367332571
7210200,277.8346367332571
7210230,282.7991130548893
7210260,280.9642595137619
7210290,279.4955348581744
7210320,278.9113457805382
7210350,278.66218890109786
7210380,278.5342890449691
7210410,278.4544778324214
7210440,278.3965879631861
7210470,278.35198257019005
7210500,278.31649687749837
7210530,278.287476828044
7210560,278.2634536150011
7210590,278.2435381688741
7210620,278.2270997903022
7210650,278.21363927088055
7210680,278.20274554791735
7210710,278.19406286575355
7210740,278.18728492341455
7210770,278.18214459596095
7210800,278.1784081049351
7210830,278.18155339067613
7210860,278.181814728455
7210890,278.18181475719297
7210920,278.18181475719297
7210950,278.18181475719297
7210980,278.18181475719297
7211010,278.18181475719297
7211040,278.18181475719297
7211070,278.18181475719297
7211100,278.18181475719297
7211130,278.18181475719297
7211160,278.18181475719297
7211190,278.18181475719297
7211220,278.18181475719297
7211250,278.18181475719297
7211280,278.18181475719297
7211310,278.18181475719297
7211340,278.18181475719297
7211370,278.18181475719297
7211400,278.18181475719297
7211430,283.06454543536296
7211460,281.22337818140755
7211490,279.74036708845006
7211520,279.13091627315697
7211550,278.8707561108404
7211580,278.7432843515774
7211610,278.6656257884661
7211640,278.61015846599054
7211670,278.56772063227544
7211700,278.53388696771526
7211730,278.50606424189965
7211760,278.4828541307701
7211790,278.46343430766535
7211820,278.4472333311125
7211850,278.43380536660334
7211880,278.42278103051177
7211910,278.41384613283554
7211940,278.40672890150614
7211970,278.40119253649556
7212000,278.39703184327914
7212030,278.4001694609579
7212060,278.4004427916904
7212090,278.40044280923314
7212120,278.40044280909024
7212150,278.40044280909024
7212180,278.40044280909024
7212210,278.40044280909024
7212240,278.40044280909024
7212270,278.40044280909024
7212300,278.40044280909024
7212330,278.40044280909024
7212360,278.40044280909024
7212390,278.40044280909024
7212420,278.40044280909024
7212450,278.40044280909024
7212480,278.40044280909024
7212510,278.40044280909024
7212540,278.40044280909024
7212570,278.40044280909024
7212600,278.40044280909024
7212630,283.24493579325696
7212660,281.40238076982365
7212690,279.90926525343434
7212720,279.2836806317977
7212750,279.01195643117984
7212780,278.8877185816148
7212810,278.81576895846257
7212840,278.7663881605733
7212870,278.72972480892116
7212900,278.7009354375036
7212930,278.67745991469224
7212960,278.65798422166125
7212990,278.64176806725806
7213020,278.62830970088305
7213050,278.6172235325718
7213080,278.6081917220565
7213110,278.6009457182733
7213140,278.59525300335935
7213170,278.5909114628138
7213200,278.5877458348263
7213230,278.59046295943574
7213260,278.5906783811289
7213290,278.59067845275
7213320,278.59067845289604
7213350,278.59067845289604
7213380,278.59067845289604
7213410,278.59067845289604
7213440,278.59067845289604
7213470,278.59067845289604
7213500,278.59067845289604
7213530,278.59067845289604
7213560,278.59067845289604
7213590,278.59067845289604
7213620,278.59067845289604
7213650,278.59067845289604
7213680,278.59067845289604
7213710,278.59067845289604
7213740,278.59067845289604
7213770,278.59067845289604
7213800,278.59067845289604
7213830,283.4055729988614
7213860,281.56196046863704
7213890,280.0594735131876
7213920,279.4195714041333
7213950,279.13405566304766
7213980,279.009794797615
7214010,278.94409936775145
7214040,278.9015923253793
7214070,278.87157484534055
7214100,278.84874482670193
7214130,278.8304583671176
7214160,278.8154785111295
7214190,278.80315235781427
7214220,278.7930564715543
7214250,278.7848744999908
7214280,278.7783486989174
7214310,278.77326166254176
7214340,278.7694255542667
7214370,278.7666778687273
7214400,278.7648778781381
7214430,278.7670840751884
7214460,278.7673045529422
7214490,278.7673046962452
7214520,278.7673046967637
7214550,278.7673046967637
7214580,278.7673046967637
7214610,278.7673046967637
7214640,278.7673046967637
7214670,278.7673046967637
7214700,278.7673046967637
7214730,278.7673046967637
7214760,278.7673046967637
7214790,278.7673046967637
7214820,278.7673046967637
7214850,278.7673046967637
7214880,278.7673046967637
7214910,278.7673046967637
7214940,278.7673046967637
7214970,278.7673046967637
7215000,278.7673046967637
7215030,283.5562685498827
7215060,281.7118880327506
7215090,280.2002933352563
7215120,279.5468996818171
7215150,279.2480984041171
7215180,279.11602549152553
7215210,279.05508089704676
7215240,279.02013640123243
7215270,278.9978787953779
7215300,278.98206062769447
7215330,278.9699124855276
7215360,278.96027376385433
7215390,278.95258011599293
7215420,278.9464975001343
7215450,278.9417879327263
7215480,278.9382629570178
7215510,278.93576398141175
7215540,278.93415589038415
7215570,278.9333226549186
7215600,278.9331626452083
7215630,278.9347781415614
7215660,278.9349972837031
7215690,278.9349816132262
7215720,278.93498161570693
7215750,278.93498161570693
7215780,278.93498161570693
7215810,278.93498161570693
7215840,278.93498161570693
7215870,278.93498161570693
7215900,278.93498161570693
7215930,278.93498161570693
7215960,278.93498161570693
7215990,278.93498161570693
7216020,278.93498161570693
7216050,278.93498161570693
7216080,278.93498161570693
7216110,278.93498161570693
7216140,278.93498161570693
7216170,278.93498161570693
7216200,278.93498161570693
7216230,283.6988640416911
7216260,281.85362723078043
7216290,280.33333533054434
7216320,279.66696742646616
7216350,279.3554546338795
7216380,279.21230061448887
7216410,279.1475985853755
7216440,279.11873224053005
7216470,279.1046665035968
7216500,279.0967984243025
7216530,279.09180570721213
7216560,279.08844951486844
7216590,279.08621734754445
7216620,279.0848601922807
7216650,279.0842284001354
7216680,279.0842129449863
7216710,279.0847283694437
7216740,279.0857033255177
7216770,279.0870763344485
7216800,279.08879419043103
7216830,279.0896157562728
7216860,279.08981862385525
7216890,279.08980465427055
7216920,279.08980468058223
7216950,279.08980468058223
7216980,279.08980468058223
7217010,279.08980468058223
7217040,279.08980468058223
7217070,279.08980468058223
7217100,279.08980468058223
7217130,279.08980468058223
7217160,279.08980468058223
7217190,279.08980468058223
7217220,279.08980468058223
7217250,279.08980468058223
7217280,279.08980468058223
7217310,279.08980468058223
7217340,279.08980468058223
7217370,279.08980468058223
7217400,279.08980468058223
7217430,283.82674312702557
7217460,281.9767993600783
7217490,280.44697771216727
7217520,279.7691202197669
7217550,279.4469967557791
7217580,279.29478688997386
7217610,279.2228742827666
7217640,279.18951551501686
7217670,279.17598762710776
7217700,279.17124681853596
7217730,279.17019441134033
7217760,279.1706791960346
7217790,279.17177833974944
7217820,279.1731066235444
7217850,279.17449055270106
7217880,279.17586492789513
7217910,279.1772086035508
7217940,279.1785165525196
7217970,279.17979135972456
7218000,279.18103792329794
7218030,279.17330158535924
7218060,279.17350089884513
7218090,279.17350087099715
7218120,279.17350088238163
7218150,279.17350088238163
7218180,279.17350088238163
7218210,279.17350088238163
7218240,279.17350088238163
7218270,279.17350088238163
7218300,279.17350088238163
7218330,279.17350088238163
7218360,279.17350088238163
7218390,279.17350088238163
7218420,279.17350088238163
7218450,279.17350088238163
7218480,279.17350088238163
7218510,279.17350088238163
7218540,279.17350088238163
7218570,279.17350088238163
7218600,279.17350088238163
7218630,283.90331666603754
7218660,282.04604227244454
7218690,280.5078450292225
7218720,279.82330282522906
7218750,279.49574996044856
7218780,279.3391432192931
7218810,279.26408385038644
7218840,279.2274780698715
7218870,279.21083764869655
7218900,279.2038837300972
7218930,279.20088813826817
7218960,279.19953891918215
7218990,279.1988975350796
7219020,279.19856176438145
7219050,279.1983501733569
7219080,279.19818331863723
7219110,279.19802481824695
7219140,279.19785769996395
7219170,279.1976746467457
7219200,279.19747361973134
7219230,279.1850496563797
7219260,279.1852174236763
7219290,279.1852173947289
7219320,279.185217394898
7219350,279.185217394898
7219380,279.185217394898
7219410,279.185217394898
7219440,279.185217394898
7219470,279.185217394898
7219500,279.185217394898
7219530,279.185217394898
7219560,279.185217394898
7219590,279.185217394898
7219620,279.185217394898
7219650,279.185217394898
7219680,279.185217394898
7219710,279.185217394898
7219740,279.185217394898
7219770,279.185217394898
7219800,279.185217394898
7219830,283.9017251637207
7219860,282.03937640695426
7219890,280.50045952292044
7219920,279.8150686720015
7219950,279.48671260635336
7219980,279.32936675846497
7220010,279.2535782033
7220040,279.2162040603516
7220070,279.19887357828554
7220100,279.1912329180366
7220130,279.18763917826425
7220160,279.1857714688429
7220190,279.18467251616113
7220220,279.18392613201706
7220250,279.18334126617907
7220280,279.18283614026495
7220310,279.1823722771462
7220340,279.1819322028756
7220370,279.18150875272505
7220400,279.1810984280986
7220430,279.1731862056982
7220460,279.1733681480093
7220490,279.17336809731114
7220520,279.1733681028131
7220550,279.1733681028131
7220580,279.1733681028131
7220610,279.1733681028131
7220640,279.1733681028131
7220670,279.1733681028131
7220700,279.1733681028131
7220730,279.1733681028131
7220760,279.1733681028131
7220790,279.1733681028131
7220820,279.1733681028131
7220850,279.1733681028131
7220880,279.1733681028131
7220910,279.1733681028131
7220940,279.1733681028131
7220970,279.1733681028131
7221000,279.1733681028131
7221030,283.8833963199031
7221060,282.02347353692744
7221090,280.4874506303191
7221120,279.80345537109
7221150,279.47591060237323
7221180,279.31920645452726
7221210,279.24399901603624
7221240,279.20719517952074
7221270,279.1903123939802
7221300,279.18327244133565
7221330,279.1803880854856
7221360,279.17929316314206
7221390,279.17901064601915
7221420,279.17911593540197
7221450,279.1794192337323
7221480,279.1798340591685
7221510,279.1803216579248
7221540,279.1808649120808
7221570,279.1814559501874
7221600,279.1820917687748
7221630,279.1740516622572
7221660,279.1742266557598
7221690,279.17422662751204
7221720,279.1742266260932
7221750,279.1742266260932
7221780,279.1742266260932
7221810,279.1742266260932
7221840,279.1742266260932
7221870,279.1742266260932
7221900,279.1742266260932
7221930,279.1742266260932
7221960,279.1742266260932
7221990,279.1742266260932
7222020,279.1742266260932
7222050,279.1742266260932
7222080,279.1742266260932
7222110,279.1742266260932
7222140,279.1742266260932
7222170,279.1742266260932
7222200,279.1742266260932
7222230,283.910731773046
7222260,282.0556716542772
7222290,280.5176890478167
7222320,279.83393780251197
7222350,279.5074925597318
7222380,279.3521752102113
7222410,279.27848752844596
7222440,279.2435084827311
7222470,279.22858779170207
7222500,279.2234416729181
7222530,279.22223879262884
7222560,279.222662599672
7222590,279.2238017098048
7222620,279.2252721350329
7222650,279.2269038778173
7222680,279.2286188925855
7222710,279.23038260226497
7222740,279.23217772454166
7222770,279.23399648621927
7222800,279.23583443494897
7222830,279.21311332696826
7222860,279.2132896793332
7222890,279.2132896619837
7222920,279.2132896630087
7222950,279.2132896630087
7222980,279.2132896630087
7223010,279.2132896630087
7223040,279.2132896630087
7223070,279.2132896630087
7223100,279.2132896630087
7223130,279.2132896630087
7223160,279.2132896630087
7223190,279.2132896630087
7223220,279.2132896630087
7223250,279.2132896630087
7223280,279.2132896630087
7223310,279.2132896630087
7223340,279.2132896630087
7223370,279.2132896630087
7223400,279.2132896630087
7223430,283.99769570967027
7223460,282.14048625008144
7223490,280.59166694321243
7223520,279.90431587245695
7223550,279.57714843913175
7223580,279.42210655095903
7223610,279.3490772152657
7223640,279.3152317329315
7223670,279.3018857530202
7223700,279.2981728466248
7223730,279.2979401120647
7223760,279.29898910407735
7223790,279.3005545151223
7223820,279.3023394279545
7223850,279.3042179626811
7223880,279.3061340440772
7223910,279.3080618347143
7223940,279.3099892346796
7223970,279.3119103214
7224000,279.31382201296196
7224030,279.26920464853407
7224060,279.2693173432235
7224090,279.26931186088336
7224120,279.26931197486965
7224150,279.26931197486965
7224180,279.26931197486965
7224210,279.26931197486965
7224240,279.26931197486965
7224270,279.26931197486965
7224300,279.26931197486965
7224330,279.26931197486965
7224360,279.26931197486965
7224390,279.26931197486965
7224420,279.26931197486965
7224450,279.26931197486965
7224480,279.26931197486965
7224510,279.26931197486965
7224540,279.26931197486965
7224570,279.26931197486965
7224600,279.26931197486965
7224630,284.09405000668863
7224660,282.2280437299388
7224690,280.66552559123693
7224720,279.9727752920537
7224750,279.6435283531282
7224780,279.48757428848177
7224810,279.4140466656233
7224840,279.3800451862878
7224870,279.3669761903049
7224900,279.3635628479983
7224930,279.3632070234849
7224960,279.36378514156024
7224990,279.364674314037
7225020,279.365667945769
7225050,279.36668638542943
7225080,279.36769557456887
7225110,279.36868012244963
7225140,279.3696326832141
7225170,279.3705495319503
7225200,279.37142860716324
7225230,279.3102872104168
7225260,279.31041390447723
7225290,279.31041435595387
7225320,279.3104140506966
7225350,279.3104140506966
7225380,279.3104140506966
7225410,279.3104140506966
7225440,279.3104140506966
7225470,279.3104140506966
7225500,279.3104140506966
7225530,279.3104140506966
7225560,279.3104140506966
7225590,279.3104140506966
7225620,279.3104140506966
7225650,279.3104140506966
7225680,279.3104140506966
7225710,279.3104140506966
7225740,279.3104140506966
7225770,279.3104140506966
7225800,279.3104140506966
7225830,284.14990645133497
7225860,282.27491665567726
7225890,280.7037486868856
7225920,280.00726914503855
7225950,279.6763077652197
7225980,279.5194003296761
7226010,279.44521182274576
7226040,279.4107313080346
7226070,279.39740579273086
7226100,279.39387632134617
7226130,279.39325121967795
7226160,279.3934151137599
7226190,279.3938175591438
7226220,279.3943004981999
7226250,279.39480983752946
7226280,279.39532422096227
7226310,279.3958341508217
7226340,279.3963354413762
7226370,279.3968260230837
7226400,279.3973047404186
7226430,279.32865964424786
7226460,279.32857153115924
7226490,279.3283490270936
7226520,279.32835049073253
7226550,279.32835049073253
7226580,279.32835049073253
7226610,279.32835049073253
7226640,279.32835049073253
7226670,279.32835049073253
7226700,279.32835049073253
7226730,279.32835049073253
7226760,279.32835049073253
7226790,279.32835049073253
7226820,279.32835049073253
7226850,279.32835049073253
7226880,279.32835049073253
7226910,279.32835049073253
7226940,279.32835049073253
7226970,279.32835049073253
7227000,279.32835049073253
7227030,284.17553014166657
7227060,282.29625485339835
7227090,280.72100230189767
7227120,280.0226536437639
7227150,279.6907439933378
7227180,279.5331992686618
7227210,279.4584730995398
7227240,279.4235019893255
7227270,279.4097353842671
7227300,279.40583083469176
7227330,279.4047544731482
7227360,279.4043842315233
7227390,279.40419976609735
7227420,279.4040646709677
7227450,279.4039363878114
7227480,279.40379898711103
7227510,279.40364563059796
7227540,279.40347324430303
7227570,279.40328030089796
7227600,279.4030659846624
7227630,279.33261420085927
7227660,279.33254678024684
7227690,279.33255593431704
7227720,279.3325559101496
7227750,279.3325559101496
7227780,279.3325559101496
7227810,279.3325559101496
7227840,279.3325559101496
7227870,279.3325559101496
7227900,279.3325559101496
7227930,279.3325559101496
7227960,279.3325559101496
7227990,279.3325559101496
7228020,279.3325559101496
7228050,279.3325559101496
7228080,279.3325559101496
7228110,279.3325559101496
7228140,279.3325559101496
7228170,279.3325559101496
7228200,279.3325559101496
7228230,284.16715946293846
7228260,282.28447719611626
7228290,280.7094006277795
7228320,280.01051443474665
7228350,279.67777296775023
7228380,279.5193050815568
7228410,279.4436337170076
7228440,279.4076493687258
7228470,279.3927104601519
7228500,279.3875373080629
7228530,279.38527461828085
7228560,279.38380320449005
7228590,279.382563678595
7228620,279.3813918516829
7228650,279.3802305980619
7228680,279.3790567783775
7228710,279.377860284177
7228740,279.3766367743895
7228770,279.3753838195889
7228800,279.37410031014247
7228830,279.3117587919207
7228860,279.3118785693381
7228890,279.31187323652426
7228920,279.31187322649595
7228950,279.3118732264939
7228980,279.3118732264939
7229010,279.3118732264939
7229040,279.3118732264939
7229070,279.3118732264939
7229100,279.3118732264939
7229130,279.3118732264939
7229160,279.3118732264939
7229190,279.3118732264939
7229220,279.3118732264939
7229250,279.3118732264939
7229280,279.3118732264939
7229310,279.3118732264939
7229340,279.3118732264939
7229370,279.3118732264939
7229400,279.3118732264939
7229430,284.10994417726727
7229460,282.227241759403
7229490,280.6592544031163
7229520,279.9623987865163
7229550,279.62978736697005
7229580,279.47077614798854
7229610,279.3943469367594
7229640,279.3574044271255
7229670,279.3411654536016
7229700,279.3345329479924
7229730,279.3311277991434
7229760,279.3288186703435
7229790,279.32692500247975
7229820,279.325203289278
7229850,279.3235550241614
7229880,279.32193665981504
7229910,279.32033006758326
7229940,279.3187263617017
7229970,279.31712173405384
7230000,279.31551450679075
7230030,279.2697783274148
7230060,279.26992727657074
7230090,279.26950830677214
7230120,279.2695079331071
7230150,279.26950792417904
7230180,279.26950792417904
7230210,279.26950792417904
7230240,279.26950792417904
7230270,279.26950792417904
7230300,279.26950792417904
7230330,279.26950792417904
7230360,279.26950792417904
7230390,279.26950792417904
7230420,279.26950792417904
7230450,279.26950792417904
7230480,279.26950792417904
7230510,279.26950792417904
7230540,279.26950792417904
7230570,279.26950792417904
7230600,279.26950792417904
7230630,284.02880237223593
7230660,282.15112986549997
7230690,280.59396980822675
7230720,279.90102818719936
7230750,279.5694696532262
7230780,279.4105337460155
7230810,279.33381657652205
7230840,279.2962106790869
7230870,279.27891217195685
7230900,279.2711778312607
7230930,279.26704266526286
7230960,279.2643044566631
7230990,279.2621527941989
7231020,279.2602597398347
7231050,279.25848360169476
7231080,279.2567612832513
7231110,279.2550638897011
7231140,279.25337831394364
7231170,279.2516988735219
7231200,279.2500229062258
7231230,279.22274384184647
7231260,279.22292279930946
7231290,279.22292279851666
7231320,279.2229227976598
7231350,279.2229227976598
7231380,279.2229227976598
7231410,279.2229227976598
7231440,279.2229227976598
7231470,279.2229227976598
7231500,279.2229227976598
7231530,279.2229227976598
7231560,279.2229227976598
7231590,279.2229227976598
7231620,279.2229227976598
7231650,279.2229227976598
7231680,279.2229227976598
7231710,279.2229227976598
7231740,279.2229227976598
7231770,279.2229227976598
7231800,279.2229227976598
7231830,283.94346808409557
7231860,282.0718881670616
7231890,280.5261766973934
7231920,279.8374576931909
7231950,279.5072372838326
7231980,279.348576965871
7232010,279.2717371658469
7232040,279.2335315590877
7232070,279.2152868365978
7232100,279.2067392131921
7232130,279.202165773073
7232160,279.1992575438973
7232190,279.19708213476343
7232220,279.1952396240919
7232250,279.1935517258229
7232280,279.1919379003892
7232310,279.19036177696444
7232340,279.1888059889085
7232370,279.1872630296167
7232400,279.1857296610341
7232430,279.17661463304984
7232460,279.17680947984815
7232490,279.17680947984695
7232520,279.17680947984695
7232550,279.17680947984695
7232580,279.17680947984695
7232610,279.17680947984695
7232640,279.17680947984695
7232670,279.17680947984695
7232700,279.17680947984695
7232730,279.17680947984695
7232760,279.17680947984695
7232790,279.17680947984695
7232820,279.17680947984695
7232850,279.17680947984695
7232880,279.17680947984695
7232910,279.17680947984695
7232940,279.17680947984695
7232970,279.17680947984695
7233000,279.17680947984695
7233030,279.17680947984695
7233060,279.17680947984695
7233090,279.17680947984695
7233120,279.17680947984695
7233150,279.17680947984695
7233180,279.17680947984695
7233210,279.17680947984695
7233240,279.17680947984695
7233270,279.17680947984695
7233300,279.17680947984695
7233330,279.17680947984695
7233360,279.17680947984695
7233390,279.17680947984695
7233420,279.17680947984695
7233450,279.17680947984695
7233480,279.17680947984695
7233510,279.17680947984695
7233540,279.17680947984695
7233570,279.17680947984695
7233600,279.17680947984695
7233630,279.17680947984695
7233660,279.17680947984695
7233690,279.17680947984695
7233720,279.17680947984695
7233750,279.17680947984695
7233780,279.17680947984695
7233810,279.17680947984695
7233840,279.17680947984695
7233870,279.17680947984695
7233900,279.17680947984695
7233930,279.17680947984695
7233960,279.17680947984695
7233990,279.17680947984695
7234020,279.17680947984695
7234050,279.17680947984695
7234080,279.17680947984695
7234110,279.17680947984695
7234140,279.17680947984695
7234170,279.17680947984695
7234200,279.17680947984695
7234230,279.17680947984695
7234260,279.17680947984695
7234290,279.17680947984695
7234320,279.17680947984695
7234350,279.17680947984695
7234380,279.17680947984695
7234410,279.17680947984695
7234440,279.17680947984695
7234470,279.17680947984695
7234500,279.17680947984695
7234530,279.17680947984695
7234560,279.17680947984695
7234590,279.17680947984695
7234620,279.17680947984695
7234650,279.17680947984695
7234680,279.17680947984695
7234710,279.17680947984695
7234740,279.17680947984695
7234770,279.17680947984695
7234800,279.17680947984695
7234830,279.17680947984695
7234860,279.17680947984695
7234890,279.17680947984695
7234920,279.17680947984695
7234950,279.17680947984695
7234980,279.17680947984695
7235010,279.17680947984695
7235040,279.17680947984695
7235070,279.17680947984695
7235100,279.17680947984695
7235130,279.17680947984695
7235160,279.17680947984695
7235190,279.17680947984695
7235220,279.17680947984695
7235250,279.17680947984695
7235280,279.17680947984695
7235310,279.17680947984695
7235340,279.17680947984695
7235370,279.17680947984695
7235400,279.17680947984695
7235430,279.17680947984695
7235460,279.17680947984695
7235490,279.17680947984695
7235520,279.17680947984695
7235550,279.17680947984695
7235580,279.17680947984695
7235610,279.17680947984695
7235640,279.17680947984695
7235670,279.17680947984695
7235700,279.17680947984695
7235730,279.17680947984695
7235760,279.17680947984695
7235790,279.17680947984695
7235820,279.17680947984695
7235850,279.17680947984695
7235880,279.17680947984695
7235910,279.17680947984695
7235940,279.17680947984695
7235970,279.17680947984695
7236000,279.17680947984695
7236030,279.17680947984695
7236060,279.17680947984695
7236090,279.17680947984695
7236120,279.17680947984695
7236150,279.17680947984695
7236180,279.17680947984695
7236210,279.17680947984695
7236240,279.17680947984695
7236270,279.17680947984695
7236300,279.17680947984695
7236330,279.17680947984695
7236360,279.17680947984695
7236390,279.17680947984695
7236420,279.17680947984695
7236450,279.17680947984695
7236480,279.17680947984695
7236510,279.17680947984695
7236540,279.17680947984695
7236570,279.17680947984695
7236600,279.17680947984695
7236630,279.17680947984695
7236660,279.17680947984695
7236690,279.17680947984695
7236720,279.17680947984695
7236750,279.17680947984695
7236780,279.17680947984695
7236810,279.17680947984695
7236840,279.17680947984695
7236870,279.17680947984695
7236900,279.17680947984695
7236930,279.17680947984695
7236960,279.17680947984695
7236990,279.17680947984695
7237020,279.17680947984695
7237050,279.17680947984695
7237080,279.17680947984695
7237110,279.17680947984695
7237140,279.17680947984695
7237170,279.17680947984695
7237200,279.17680947984695
7237230,279.17680947984695
7237260,279.17680947984695
7237290,279.17680947984695
7237320,279.17680947984695
7237350,279.17680947984695
7237380,279.17680947984695
7237410,279.17680947984695
7237440,279.17680947984695
7237470,279.17680947984695
7237500,279.17680947984695
7237530,279.17680947984695
7237560,279.17680947984695
7237590,279.17680947984695
7237620,279.17680947984695
7237650,279.17680947984695
7237680,279.17680947984695
7237710,279.17680947984695
7237740,279.17680947984695
7237770,279.17680947984695
7237800,279.17680947984695
7237830,279.17680947984695
7237860,279.17680947984695
7237890,279.17680947984695
7237920,279.17680947984695
7237950,279.17680947984695
7237980,279.17680947984695
7238010,279.17680947984695
7238040,279.17680947984695
7238070,279.17680947984695
7238100,279.17680947984695
7238130,279.17680947984695
7238160,279.17680947984695
7238190,279.17680947984695
7238220,279.17680947984695
7238250,279.17680947984695
7238280,279.17680947984695
7238310,279.17680947984695
7238340,279.17680947984695
7238370,279.17680947984695
7238400,279.17680947984695
7238430,279.17680947984695
7238460,279.17680947984695
7238490,279.17680947984695
7238520,279.17680947984695
7238550,279.17680947984695
7238580,279.17680947984695
7238610,279.17680947984695
7238640,279.17680947984695
7238670,279.17680947984695
7238700,279.17680947984695
7238730,279.17680947984695
7238760,279.17680947984695
7238790,279.17680947984695
7238820,279.17680947984695
7238850,279.17680947984695
7238880,279.17680947984695
7238910,279.17680947984695
7238940,279.17680947984695
7238970,279.17680947984695
7239000,279.17680947984695
7239030,279.17680947984695
7239060,279.17680947984695
7239090,279.17680947984695
7239120,279.17680947984695
7239150,279.17680947984695
7239180,279.17680947984695
7239210,279.17680947984695
7239240,279.17680947984695
7239270,279.17680947984695
7239300,279.17680947984695
7239330,279.17680947984695
7239360,279.17680947984695
7239390,279.17680947984695
7239420,279.17680947984695
7239450,279.17680947984695
7239480,279.17680947984695
7239510,279.17680947984695
7239540,279.17680947984695
7239570,279.17680947984695
7239600,279.17680947984695
7239630,279.17680947984695
7239660,279.17680947984695
7239690,279.17680947984695
7239720,279.17680947984695
7239750,279.17680947984695
7239780,279.17680947984695
7239810,279.17680947984695
7239840,279.17680947984695
7239870,279.17680947984695
7239900,279.17680947984695
7239930,279.17680947984695
7239960,279.17680947984695
7239990,279.17680947984695
7240020,279.17680947984695
7240050,279.17680947984695
7240080,279.17680947984695
7240110,279.17680947984695
7240140,279.17680947984695
7240170,279.17680947984695
7240200,279.17680947984695
7240230,279.17680947984695
7240260,279.17680947984695
7240290,279.17680947984695
7240320,279.17680947984695
7240350,279.17680947984695
7240380,279.17680947984695
7240410,279.17680947984695
7240440,279.17680947984695
7240470,279.17680947984695
7240500,279.17680947984695
7240530,279.17680947984695
7240560,279.17680947984695
7240590,279.17680947984695
7240620,279.17680947984695
7240650,279.17680947984695
7240680,279.17680947984695
7240710,279.17680947984695
7240740,279.17680947984695
7240770,279.17680947984695
7240800,279.17680947984695
7240830,279.17680947984695
7240860,279.17680947984695
7240890,279.17680947984695
7240920,279.17680947984695
7240950,279.17680947984695
7240980,279.17680947984695
7241010,279.17680947984695
7241040,279.17680947984695
7241070,279.17680947984695
7241100,279.17680947984695
7241130,279.17680947984695
7241160,279.17680947984695
7241190,279.17680947984695
7241220,279.17680947984695
7241250,279.17680947984695
7241280,279.17680947984695
7241310,279.17680947984695
7241340,279.17680947984695
7241370,279.17680947984695
7241400,279.17680947984695
7241430,279.17680947984695
7241460,279.17680947984695
7241490,279.17680947984695
7241520,279.17680947984695
7241550,279.17680947984695
7241580,279.17680947984695
7241610,279.17680947984695
7241640,279.17680947984695
7241670,279.17680947984695
7241700,279.17680947984695
7241730,279.17680947984695
7241760,279.17680947984695
7241790,279.17680947984695
7241820,279.17680947984695
7241850,279.17680947984695
7241880,279.17680947984695
7241910,279.17680947984695
7241940,279.17680947984695
7241970,279.17680947984695
7242000,279.17680947984695
7242030,279.17680947984695
7242060,279.17680947984695
7242090,279.17680947984695
7242120,279.17680947984695
7242150,279.17680947984695
7242180,279.17680947984695
7242210,279.17680947984695
7242240,279.17680947984695
7242270,279.17680947984695
7242300,279.17680947984695
7242330,279.17680947984695
7242360,279.17680947984695
7242390,279.17680947984695
7242420,279.17680947984695
7242450,279.17680947984695
7242480,279.17680947984695
7242510,279.17680947984695
7242540,279.17680947984695
7242570,279.17680947984695
7242600,279.17680947984695
7242630,279.17680947984695
7242660,279.17680947984695
7242690,279.17680947984695
7242720,279.17680947984695
7242750,279.17680947984695
7242780,279.17680947984695
7242810,279.17680947984695
7242840,279.17680947984695
7242870,279.17680947984695
7242900,279.17680947984695
7242930,279.17680947984695
7242960,279.17680947984695
7242990,279.17680947984695
7243020,279.17680947984695
7243050,279.17680947984695
7243080,279.17680947984695
7243110,279.17680947984695
7243140,279.17680947984695
7243170,279.17680947984695
7243200,279.17680947984695
7243230,279.17680947984695
7243260,279.17680947984695
7243290,279.17680947984695
7243320,279.17680947984695
7243350,279.17680947984695
7243380,279.17680947984695
7243410,279.17680947984695
7243440,279.17680947984695
7243470,279.17680947984695
7243500,279.17680947984695
7243530,279.17680947984695
7243560,279.17680947984695
7243590,279.17680947984695
7243620,279.17680947984695
7243650,279.17680947984695
7243680,279.17680947984695
7243710,279.17680947984695
7243740,279.17680947984695
7243770,279.17680947984695
7243800,279.17680947984695
7243830,279.17680947984695
7243860,279.17680947984695
7243890,279.17680947984695
7243920,279.17680947984695
7243950,279.17680947984695
7243980,279.17680947984695
7244010,279.17680947984695
7244040,279.17680947984695
7244070,279.17680947984695
7244100,279.17680947984695
7244130,279.17680947984695
7244160,279.17680947984695
7244190,279.17680947984695
7244220,279.17680947984695
7244250,279.17680947984695
7244280,279.17680947984695
7244310,279.17680947984695
7244340,279.17680947984695
7244370,279.17680947984695
7244400,279.17680947984695
7244430,279.17680947984695
7244460,279.17680947984695
7244490,279.17680947984695
7244520,279.17680947984695
7244550,279.17680947984695
7244580,279.17680947984695
7244610,279.17680947984695
7244640,279.17680947984695
7244670,279.17680947984695
7244700,279.17680947984695
7244730,279.17680947984695
7244760,279.17680947984695
7244790,279.17680947984695
7244820,279.17680947984695
7244850,279.17680947984695
7244880,279.17680947984695
7244910,279.17680947984695
7244940,279.17680947984695
7244970,279.17680947984695
7245000,279.17680947984695
7245030,279.17680947984695
7245060,279.17680947984695
7245090,279.17680947984695
7245120,279.17680947984695
7245150,279.17680947984695
7245180,279.17680947984695
7245210,279.17680947984695
7245240,279.17680947984695
7245270,279.17680947984695
7245300,279.17680947984695
7245330,279.17680947984695
7245360,279.17680947984695
7245390,279.17680947984695
7245420,279.17680947984695
7245450,279.17680947984695
7245480,279.17680947984695
7245510,279.17680947984695
7245540,279.17680947984695
7245570,279.17680947984695
7245600,279.17680947984695
7245630,279.17680947984695
7245660,279.17680947984695
7245690,279.17680947984695
7245720,279.17680947984695
7245750,279.17680947984695
7245780,279.17680947984695
7245810,279.17680947984695
7245840,279.17680947984695
7245870,279.17680947984695
7245900,279.17680947984695
7245930,279.17680947984695
7245960,279.17680947984695
7245990,279.17680947984695
7246020,279.17680947984695
7246050,279.17680947984695
7246080,279.17680947984695
7246110,279.17680947984695
7246140,279.17680947984695
7246170,279.17680947984695
7246200,279.17680947984695
7246230,279.17680947984695
7246260,279.17680947984695
7246290,279.17680947984695
7246320,279.17680947984695
7246350,279.17680947984695
7246380,279.17680947984695
7246410,279.17680947984695
7246440,279.17680947984695
7246470,279.17680947984695
7246500,279.17680947984695
7246530,279.17680947984695
7246560,279.17680947984695
7246590,279.17680947984695
7246620,279.17680947984695
7246650,279.17680947984695
7246680,279.17680947984695
7246710,279.17680947984695
7246740,279.17680947984695
7246770,279.17680947984695
7246800,279.17680947984695
7246830,279.17680947984695
7246860,279.17680947984695
7246890,279.17680947984695
7246920,279.17680947984695
7246950,279.17680947984695
7246980,279.17680947984695
7247010,279.17680947984695
7247040,279.17680947984695
7247070,279.17680947984695
7247100,279.17680947984695
7247130,279.17680947984695
7247160,279.17680947984695
7247190,279.17680947984695
7247220,279.17680947984695
7247250,279.17680947984695
7247280,279.17680947984695
7247310,279.17680947984695
7247340,279.17680947984695
7247370,279.17680947984695
7247400,279.17680947984695
7247430,279.17680947984695
7247460,279.17680947984695
7247490,279.17680947984695
7247520,279.17680947984695
7247550,279.17680947984695
7247580,279.17680947984695
7247610,279.17680947984695
7247640,279.17680947984695
7247670,279.17680947984695
7247700,279.17680947984695
7247730,279.17680947984695
7247760,279.17680947984695
7247790,279.17680947984695
7247820,279.17680947984695
7247850,279.17680947984695
7247880,279.17680947984695
7247910,279.17680947984695
7247940,279.17680947984695
7247970,279.17680947984695
7248000,279.17680947984695
7248030,279.17680947984695
7248060,279.17680947984695
7248090,279.17680947984695
7248120,279.17680947984695
7248150,279.17680947984695
7248180,279.17680947984695
7248210,279.17680947984695
7248240,279.17680947984695
7248270,279.17680947984695
7248300,279.17680947984695
7248330,279.17680947984695
7248360,279.17680947984695
7248390,279.17680947984695
7248420,279.17680947984695
7248450,279.17680947984695
7248480,279.17680947984695
7248510,279.17680947984695
7248540,279.17680947984695
7248570,279.17680947984695
7248600,279.17680947984695
7248630,279.17680947984695
7248660,279.17680947984695
7248690,279.17680947984695
7248720,279.17680947984695
7248750,279.17680947984695
7248780,279.17680947984695
7248810,279.17680947984695
7248840,279.17680947984695
7248870,279.17680947984695
7248900,279.17680947984695
7248930,279.17680947984695
7248960,279.17680947984695
7248990,279.17680947984695
7249020,279.17680947984695
7249050,279.17680947984695
7249080,279.17680947984695
7249110,279.17680947984695
7249140,279.17680947984695
7249170,279.17680947984695
7249200,279.17680947984695
7249230,279.17680947984695
7249260,279.17680947984695
7249290,279.17680947984695
7249320,279.17680947984695
7249350,279.17680947984695
7249380,279.17680947984695
7249410,279.17680947984695
7249440,279.17680947984695
7249470,279.17680947984695
7249500,279.17680947984695
7249530,279.17680947984695
7249560,279.17680947984695
7249590,279.17680947984695
7249620,279.17680947984695
7249650,279.17680947984695
7249680,279.17680947984695
7249710,279.17680947984695
7249740,279.17680947984695
7249770,279.17680947984695
7249800,279.17680947984695
7249830,279.17680947984695
7249860,279.17680947984695
7249890,279.17680947984695
7249920,279.17680947984695
7249950,279.17680947984695
7249980,279.17680947984695
7250010,279.17680947984695
7250040,279.17680947984695
7250070,279.17680947984695
7250100,279.17680947984695
7250130,279.17680947984695
7250160,279.17680947984695
7250190,279.17680947984695
7250220,279.17680947984695
7250250,279.17680947984695
7250280,279.17680947984695
7250310,279.17680947984695
7250340,279.17680947984695
7250370,279.17680947984695
7250400,279.17680947984695
7250430,279.17680947984695
7250460,279.17680947984695
7250490,279.17680947984695
7250520,279.17680947984695
7250550,279.17680947984695
7250580,279.17680947984695
7250610,279.17680947984695
7250640,279.17680947984695
7250670,279.17680947984695
7250700,279.17680947984695
7250730,279.17680947984695
7250760,279.17680947984695
7250790,279.17680947984695
7250820,279.17680947984695
7250850,279.17680947984695
7250880,279.17680947984695
7250910,279.17680947984695
7250940,279.17680947984695
7250970,279.17680947984695
7251000,279.17680947984695
7251030,279.17680947984695
7251060,279.17680947984695
7251090,279.17680947984695
7251120,279.17680947984695
7251150,279.17680947984695
7251180,279.17680947984695
7251210,279.17680947984695
7251240,279.17680947984695
7251270,279.17680947984695
7251300,279.17680947984695
7251330,279.17680947984695
7251360,279.17680947984695
7251390,279.17680947984695
7251420,279.17680947984695
7251450,279.17680947984695
7251480,279.17680947984695
7251510,279.17680947984695
7251540,279.17680947984695
7251570,279.17680947984695
7251600,279.17680947984695
7251630,279.17680947984695
7251660,279.17680947984695
7251690,279.17680947984695
7251720,279.17680947984695
7251750,279.17680947984695
7251780,279.17680947984695
7251810,279.17680947984695
7251840,279.17680947984695
7251870,279.17680947984695
7251900,279.17680947984695
7251930,279.17680947984695
7251960,279.17680947984695
7251990,279.17680947984695
7252020,279.17680947984695
7252050,279.17680947984695
7252080,279.17680947984695
7252110,279.17680947984695
7252140,279.17680947984695
7252170,279.17680947984695
7252200,279.17680947984695
7252230,279.17680947984695
7252260,279.17680947984695
7252290,279.17680947984695
7252320,279.17680947984695
7252350,279.17680947984695
7252380,279.17680947984695
7252410,279.17680947984695
7252440,279.17680947984695
7252470,279.17680947984695
7252500,279.17680947984695
7252530,279.17680947984695
7252560,279.17680947984695
7252590,279.17680947984695
7252620,279.17680947984695
7252650,279.17680947984695
7252680,279.17680947984695
7252710,279.17680947984695
7252740,279.17680947984695
7252770,279.17680947984695
7252800,279.17680947984695
7252830,279.17680947984695
7252860,279.17680947984695
7252890,279.17680947984695
7252920,279.17680947984695
7252950,279.17680947984695
7252980,279.17680947984695
7253010,279.17680947984695
7253040,279.17680947984695
7253070,279.17680947984695
7253100,279.17680947984695
7253130,279.17680947984695
7253160,279.17680947984695
7253190,279.17680947984695
7253220,279.17680947984695
7253250,279.17680947984695
7253280,279.17680947984695
7253310,279.17680947984695
7253340,279.17680947984695
7253370,279.17680947984695
7253400,279.17680947984695
7253430,279.17680947984695
7253460,279.17680947984695
7253490,279.17680947984695
7253520,279.17680947984695
7253550,279.17680947984695
7253580,279.17680947984695
7253610,279.17680947984695
7253640,279.17680947984695
7253670,279.17680947984695
7253700,279.17680947984695
7253730,279.17680947984695
7253760,279.17680947984695
7253790,279.17680947984695
7253820,279.17680947984695
7253850,279.17680947984695
7253880,279.17680947984695
7253910,279.17680947984695
7253940,279.17680947984695
7253970,279.17680947984695
7254000,279.17680947984695
7254030,279.17680947984695
7254060,279.17680947984695
7254090,279.17680947984695
7254120,279.17680947984695
7254150,279.17680947984695
7254180,279.17680947984695
7254210,279.17680947984695
7254240,279.17680947984695
7254270,279.17680947984695
7254300,279.17680947984695
7254330,279.17680947984695
7254360,279.17680947984695
7254390,279.17680947984695
7254420,279.17680947984695
7254450,279.17680947984695
7254480,279.17680947984695
7254510,279.17680947984695
7254540,279.17680947984695
7254570,279.17680947984695
7254600,279.17680947984695
7254630,279.17680947984695
7254660,279.17680947984695
7254690,279.17680947984695
7254720,279.17680947984695
7254750,279.17680947984695
7254780,279.17680947984695
7254810,279.17680947984695
7254840,279.17680947984695
7254870,279.17680947984695
7254900,279.17680947984695
7254930,279.17680947984695
7254960,279.17680947984695
7254990,279.17680947984695
7255020,279.17680947984695
7255050,279.17680947984695
7255080,279.17680947984695
7255110,279.17680947984695
7255140,279.17680947984695
7255170,279.17680947984695
7255200,279.17680947984695
7255230,279.17680947984695
7255260,279.17680947984695
7255290,279.17680947984695
7255320,279.17680947984695
7255350,279.17680947984695
7255380,279.17680947984695
7255410,279.17680947984695
7255440,279.17680947984695
7255470,279.17680947984695
7255500,279.17680947984695
7255530,279.17680947984695
7255560,279.17680947984695
7255590,279.17680947984695
7255620,279.17680947984695
7255650,279.17680947984695
7255680,279.17680947984695
7255710,279.17680947984695
7255740,279.17680947984695
7255770,279.17680947984695
7255800,279.17680947984695
7255830,279.17680947984695
7255860,279.17680947984695
7255890,279.17680947984695
7255920,279.17680947984695
7255950,279.17680947984695
7255980,279.17680947984695
7256010,279.17680947984695
7256040,279.17680947984695
7256070,279.17680947984695
7256100,279.17680947984695
7256130,279.17680947984695
7256160,279.17680947984695
7256190,279.17680947984695
7256220,279.17680947984695
7256250,279.17680947984695
7256280,279.17680947984695
7256310,279.17680947984695
7256340,279.17680947984695
7256370,279.17680947984695
7256400,279.17680947984695
7256430,279.17680947984695
7256460,279.17680947984695
7256490,279.17680947984695
7256520,279.17680947984695
7256550,279.17680947984695
7256580,279.17680947984695
7256610,279.17680947984695
7256640,279.17680947984695
7256670,279.17680947984695
7256700,279.17680947984695
7256730,279.17680947984695
7256760,279.17680947984695
7256790,279.17680947984695
7256820,279.17680947984695
7256850,279.17680947984695
7256880,279.17680947984695
7256910,279.17680947984695
7256940,279.17680947984695
7256970,279.17680947984695
7257000,279.17680947984695
7257030,279.17680947984695
7257060,279.17680947984695
7257090,279.17680947984695
7257120,279.17680947984695
7257150,279.17680947984695
7257180,279.17680947984695
7257210,279.17680947984695
7257240,279.17680947984695
7257270,279.17680947984695
7257300,279.17680947984695
7257330,279.17680947984695
7257360,279.17680947984695
7257390,279.17680947984695
7257420,279.17680947984695
7257450,279.17680947984695
7257480,279.17680947984695
7257510,279.17680947984695
7257540,279.17680947984695
7257570,279.17680947984695
7257600,279.17680947984695
7257630,279.17680947984695
7257660,279.17680947984695
7257690,279.17680947984695
7257720,279.17680947984695
7257750,279.17680947984695
7257780,279.17680947984695
7257810,279.17680947984695
7257840,279.17680947984695
7257870,279.17680947984695
7257900,279.17680947984695
7257930,279.17680947984695
7257960,279.17680947984695
7257990,279.17680947984695
7258020,279.17680947984695
7258050,279.17680947984695
7258080,279.17680947984695
7258110,279.17680947984695
7258140,279.17680947984695
7258170,279.17680947984695
7258200,279.17680947984695
7258230,279.17680947984695
7258260,279.17680947984695
7258290,279.17680947984695
7258320,279.17680947984695
7258350,279.17680947984695
7258380,279.17680947984695
7258410,279.17680947984695
7258440,279.17680947984695
7258470,279.17680947984695
7258500,279.17680947984695
7258530,279.17680947984695
7258560,279.17680947984695
7258590,279.17680947984695
7258620,279.17680947984695
7258650,279.17680947984695
7258680,279.17680947984695
7258710,279.17680947984695
7258740,279.17680947984695
7258770,279.17680947984695
7258800,279.17680947984695
7258830,279.17680947984695
7258860,279.17680947984695
7258890,279.17680947984695
7258920,279.17680947984695
7258950,279.17680947984695
7258980,279.17680947984695
7259010,279.17680947984695
7259040,279.17680947984695
7259070,279.17680947984695
7259100,279.17680947984695
7259130,279.17680947984695
7259160,279.17680947984695
7259190,279.17680947984695
7259220,279.17680947984695
7259250,279.17680947984695
7259280,279.17680947984695
7259310,279.17680947984695
7259340,279.17680947984695
7259370,279.17680947984695
7259400,279.17680947984695
7259430,279.17680947984695
7259460,279.17680947984695
7259490,279.17680947984695
7259520,279.17680947984695
7259550,279.17680947984695
7259580,279.17680947984695
7259610,279.17680947984695
7259640,279.17680947984695
7259670,279.17680947984695
7259700,279.17680947984695
7259730,279.17680947984695
7259760,279.17680947984695
7259790,279.17680947984695
7259820,279.17680947984695
7259850,279.17680947984695
7259880,279.17680947984695
7259910,279.17680947984695
7259940,279.17680947984695
7259970,279.17680947984695
7260000,279.17680947984695
7260030,279.17680947984695
7260060,279.17680947984695
7260090,279.17680947984695
7260120,279.17680947984695
7260150,279.17680947984695
7260180,279.17680947984695
7260210,279.17680947984695
7260240,279.17680947984695
7260270,279.17680947984695
7260300,279.17680947984695
7260330,279.17680947984695
7260360,279.17680947984695
7260390,279.17680947984695
7260420,279.17680947984695
7260450,279.17680947984695
7260480,279.17680947984695
7260510,279.17680947984695
7260540,279.17680947984695
7260570,279.17680947984695
7260600,279.17680947984695
7260630,279.17680947984695
7260660,279.17680947984695
7260690,279.17680947984695
7260720,279.17680947984695
7260750,279.17680947984695
7260780,279.17680947984695
7260810,279.17680947984695
7260840,279.17680947984695
7260870,279.17680947984695
7260900,279.17680947984695
7260930,279.17680947984695
7260960,279.17680947984695
7260990,279.17680947984695
7261020,279.17680947984695
7261050,279.17680947984695
7261080,279.17680947984695
7261110,279.17680947984695
7261140,279.17680947984695
7261170,279.17680947984695
7261200,279.17680947984695
7261230,279.17680947984695
7261260,279.17680947984695
7261290,279.17680947984695
7261320,279.17680947984695
7261350,279.17680947984695
7261380,279.17680947984695
7261410,279.17680947984695
7261440,279.17680947984695
7261470,279.17680947984695
7261500,279.17680947984695
7261530,279.17680947984695
7261560,279.17680947984695
7261590,279.17680947984695
7261620,279.17680947984695
7261650,279.17680947984695
7261680,279.17680947984695
7261710,279.17680947984695
7261740,279.17680947984695
7261770,279.17680947984695
7261800,279.17680947984695
7261830,279.17680947984695
7261860,279.17680947984695
7261890,279.17680947984695
7261920,279.17680947984695
7261950,279.17680947984695
7261980,279.17680947984695
7262010,279.17680947984695
7262040,279.17680947984695
7262070,279.17680947984695
7262100,279.17680947984695
7262130,279.17680947984695
7262160,279.17680947984695
7262190,279.17680947984695
7262220,279.17680947984695
7262250,279.17680947984695
7262280,279.17680947984695
7262310,279.17680947984695
7262340,279.17680947984695
7262370,279.17680947984695
7262400,279.17680947984695
7262430,279.17680947984695
7262460,279.17680947984695
7262490,279.17680947984695
7262520,279.17680947984695
7262550,279.17680947984695
7262580,279.17680947984695
7262610,279.17680947984695
7262640,279.17680947984695
7262670,279.17680947984695
7262700,279.17680947984695
7262730,279.17680947984695
7262760,279.17680947984695
7262790,279.17680947984695
7262820,279.17680947984695
7262850,279.17680947984695
7262880,279.17680947984695
7262910,279.17680947984695
7262940,279.17680947984695
7262970,279.17680947984695
7263000,279.17680947984695
7263030,279.17680947984695
7263060,279.17680947984695
7263090,279.17680947984695
7263120,279.17680947984695
7263150,279.17680947984695
7263180,279.17680947984695
7263210,279.17680947984695
7263240,279.17680947984695
7263270,279.17680947984695
7263300,279.17680947984695
7263330,279.17680947984695
7263360,279.17680947984695
7263390,279.17680947984695
7263420,279.17680947984695
7263450,279.17680947984695
7263480,279.17680947984695
7263510,279.17680947984695
7263540,279.17680947984695
7263570,279.17680947984695
7263600,279.17680947984695
7263630,279.17680947984695
7263660,279.17680947984695
7263690,279.17680947984695
7263720,279.17680947984695
7263750,279.17680947984695
7263780,279.17680947984695
7263810,279.17680947984695
7263840,279.17680947984695
7263870,279.17680947984695
7263900,279.17680947984695
7263930,279.17680947984695
7263960,279.17680947984695
7263990,279.17680947984695
7264020,279.17680947984695
7264050,279.17680947984695
7264080,279.17680947984695
7264110,279.17680947984695
7264140,279.17680947984695
7264170,279.17680947984695
7264200,279.17680947984695
7264230,279.17680947984695
7264260,279.17680947984695
7264290,279.17680947984695
7264320,279.17680947984695
7264350,279.17680947984695
7264380,279.17680947984695
7264410,279.17680947984695
7264440,279.17680947984695
7264470,279.17680947984695
7264500,279.17680947984695
7264530,279.17680947984695
7264560,279.17680947984695
7264590,279.17680947984695
7264620,279.17680947984695
7264650,279.17680947984695
7264680,279.17680947984695
7264710,279.17680947984695
7264740,279.17680947984695
7264770,279.17680947984695
7264800,279.17680947984695
7264830,279.17680947984695
7264860,279.17680947984695
7264890,279.17680947984695
7264920,279.17680947984695
7264950,279.17680947984695
7264980,279.17680947984695
7265010,279.17680947984695
7265040,279.17680947984695
7265070,279.17680947984695
7265100,279.17680947984695
7265130,279.17680947984695
7265160,279.17680947984695
7265190,279.17680947984695
7265220,279.17680947984695
7265250,279.17680947984695
7265280,279.17680947984695
7265310,279.17680947984695
7265340,279.17680947984695
7265370,279.17680947984695
7265400,279.17680947984695
7265430,279.17680947984695
7265460,279.17680947984695
7265490,279.17680947984695
7265520,279.17680947984695
7265550,279.17680947984695
7265580,279.17680947984695
7265610,279.17680947984695
7265640,279.17680947984695
7265670,279.17680947984695
7265700,279.17680947984695
7265730,279.17680947984695
7265760,279.17680947984695
7265790,279.17680947984695
7265820,279.17680947984695
7265850,279.17680947984695
7265880,279.17680947984695
7265910,279.17680947984695
7265940,279.17680947984695
7265970,279.17680947984695
7266000,279.17680947984695
7266030,279.17680947984695
7266060,279.17680947984695
7266090,279.17680947984695
7266120,279.17680947984695
7266150,279.17680947984695
7266180,279.17680947984695
7266210,279.17680947984695
7266240,279.17680947984695
7266270,279.17680947984695
7266300,279.17680947984695
7266330,279.17680947984695
7266360,279.17680947984695
7266390,279.17680947984695
7266420,279.17680947984695
7266450,279.17680947984695
7266480,279.17680947984695
7266510,279.17680947984695
7266540,279.17680947984695
7266570,279.17680947984695
7266600,279.17680947984695
7266630,279.17680947984695
7266660,279.17680947984695
7266690,279.17680947984695
7266720,279.17680947984695
7266750,279.17680947984695
7266780,279.17680947984695
7266810,279.17680947984695
7266840,279.17680947984695
7266870,279.17680947984695
7266900,279.17680947984695
7266930,279.17680947984695
7266960,279.17680947984695
7266990,279.17680947984695
7267020,279.17680947984695
7267050,279.17680947984695
7267080,279.17680947984695
7267110,279.17680947984695
7267140,279.17680947984695
7267170,279.17680947984695
7267200,279.17680947984695
7267230,279.17680947984695
7267260,279.17680947984695
7267290,279.17680947984695
7267320,279.17680947984695
7267350,279.17680947984695
7267380,279.17680947984695
7267410,279.17680947984695
7267440,279.17680947984695
7267470,279.17680947984695
7267500,279.17680947984695
7267530,279.17680947984695
7267560,279.17680947984695
7267590,279.17680947984695
7267620,279.17680947984695
7267650,279.17680947984695
7267680,279.17680947984695
7267710,279.17680947984695
7267740,279.17680947984695
7267770,279.17680947984695
7267800,279.17680947984695
7267830,279.17680947984695
7267860,279.17680947984695
7267890,279.17680947984695
7267920,279.17680947984695
7267950,279.17680947984695
7267980,279.17680947984695
7268010,279.17680947984695
7268040,279.17680947984695
7268070,279.17680947984695
7268100,279.17680947984695
7268130,279.17680947984695
7268160,279.17680947984695
7268190,279.17680947984695
7268220,279.17680947984695
7268250,279.17680947984695
7268280,279.17680947984695
7268310,279.17680947984695
7268340,279.17680947984695
7268370,279.17680947984695
7268400,279.17680947984695
7268430,279.17680947984695
7268460,279.17680947984695
7268490,279.17680947984695
7268520,279.17680947984695
7268550,279.17680947984695
7268580,279.17680947984695
7268610,279.17680947984695
7268640,279.17680947984695
7268670,279.17680947984695
7268700,279.17680947984695
7268730,279.17680947984695
7268760,279.17680947984695
7268790,279.17680947984695
7268820,279.17680947984695
7268850,279.17680947984695
7268880,279.17680947984695
7268910,279.17680947984695
7268940,279.17680947984695
7268970,279.17680947984695
7269000,279.17680947984695
7269030,279.17680947984695
7269060,279.17680947984695
7269090,279.17680947984695
7269120,279.17680947984695
7269150,279.17680947984695
7269180,279.17680947984695
7269210,279.17680947984695
7269240,279.17680947984695
7269270,279.17680947984695
7269300,279.17680947984695
7269330,279.17680947984695
7269360,279.17680947984695
7269390,279.17680947984695
7269420,279.17680947984695
7269450,279.17680947984695
7269480,279.17680947984695
7269510,279.17680947984695
7269540,279.17680947984695
7269570,279.17680947984695
7269600,279.17680947984695
7269630,279.17680947984695
7269660,279.17680947984695
7269690,279.17680947984695
7269720,279.17680947984695
7269750,279.17680947984695
7269780,279.17680947984695
7269810,279.17680947984695
7269840,279.17680947984695
7269870,279.17680947984695
7269900,279.17680947984695
7269930,279.17680947984695
7269960,279.17680947984695
7269990,279.17680947984695
7270020,279.17680947984695
7270050,279.17680947984695
7270080,279.17680947984695
7270110,279.17680947984695
7270140,279.17680947984695
7270170,279.17680947984695
7270200,279.17680947984695
7270230,279.17680947984695
7270260,279.17680947984695
7270290,279.17680947984695
7270320,279.17680947984695
7270350,279.17680947984695
7270380,279.17680947984695
7270410,279.17680947984695
7270440,279.17680947984695
7270470,279.17680947984695
7270500,279.17680947984695
7270530,279.17680947984695
7270560,279.17680947984695
7270590,279.17680947984695
7270620,279.17680947984695
7270650,279.17680947984695
7270680,279.17680947984695
7270710,279.17680947984695
7270740,279.17680947984695
7270770,279.17680947984695
7270800,279.17680947984695
7270830,279.17680947984695
7270860,279.17680947984695
7270890,279.17680947984695
7270920,279.17680947984695
7270950,279.17680947984695
7270980,279.17680947984695
7271010,279.17680947984695
7271040,279.17680947984695
7271070,279.17680947984695
7271100,279.17680947984695
7271130,279.17680947984695
7271160,279.17680947984695
7271190,279.17680947984695
7271220,279.17680947984695
7271250,279.17680947984695
7271280,279.17680947984695
7271310,279.17680947984695
7271340,279.17680947984695
7271370,279.17680947984695
7271400,279.17680947984695
7271430,279.17680947984695
7271460,279.17680947984695
7271490,279.17680947984695
7271520,279.17680947984695
7271550,279.17680947984695
7271580,279.17680947984695
7271610,279.17680947984695
7271640,279.17680947984695
7271670,279.17680947984695
7271700,279.17680947984695
7271730,279.17680947984695
7271760,279.17680947984695
7271790,279.17680947984695
7271820,279.17680947984695
7271850,279.17680947984695
7271880,279.17680947984695
7271910,279.17680947984695
7271940,279.17680947984695
7271970,279.17680947984695
7272000,279.17680947984695
7272030,279.17680947984695
7272060,279.17680947984695
7272090,279.17680947984695
7272120,279.17680947984695
7272150,279.17680947984695
7272180,279.17680947984695
7272210,279.17680947984695
7272240,279.17680947984695
7272270,279.17680947984695
7272300,279.17680947984695
7272330,279.17680947984695
7272360,279.17680947984695
7272390,279.17680947984695
7272420,279.17680947984695
7272450,279.17680947984695
7272480,279.17680947984695
7272510,279.17680947984695
7272540,279.17680947984695
7272570,279.17680947984695
7272600,279.17680947984695
7272630,279.17680947984695
7272660,279.17680947984695
7272690,279.17680947984695
7272720,279.17680947984695
7272750,279.17680947984695
7272780,279.17680947984695
7272810,279.17680947984695
7272840,279.17680947984695
7272870,279.17680947984695
7272900,279.17680947984695
7272930,279.17680947984695
7272960,279.17680947984695
7272990,279.17680947984695
7273020,279.17680947984695
7273050,279.17680947984695
7273080,279.17680947984695
7273110,279.17680947984695
7273140,279.17680947984695
7273170,279.17680947984695
7273200,279.17680947984695
7273230,279.17680947984695
7273260,279.17680947984695
7273290,279.17680947984695
7273320,279.17680947984695
7273350,279.17680947984695
7273380,279.17680947984695
7273410,279.17680947984695
7273440,279.17680947984695
7273470,279.17680947984695
7273500,279.17680947984695
7273530,279.17680947984695
7273560,279.17680947984695
7273590,279.17680947984695
7273620,279.17680947984695
7273650,279.17680947984695
7273680,279.17680947984695
7273710,279.17680947984695
7273740,279.17680947984695
7273770,279.17680947984695
7273800,279.17680947984695
7273830,279.17680947984695
7273860,279.17680947984695
7273890,279.17680947984695
7273920,279.17680947984695
7273950,279.17680947984695
7273980,279.17680947984695
7274010,279.17680947984695
7274040,279.17680947984695
7274070,279.17680947984695
7274100,279.17680947984695
7274130,279.17680947984695
7274160,279.17680947984695
7274190,279.17680947984695
7274220,279.17680947984695
7274250,279.17680947984695
7274280,279.17680947984695
7274310,279.17680947984695
7274340,279.17680947984695
7274370,279.17680947984695
7274400,279.17680947984695
7274430,279.17680947984695
7274460,279.17680947984695
7274490,279.17680947984695
7274520,279.17680947984695
7274550,279.17680947984695
7274580,279.17680947984695
7274610,279.17680947984695
7274640,279.17680947984695
7274670,279.17680947984695
7274700,279.17680947984695
7274730,279.17680947984695
7274760,279.17680947984695
7274790,279.17680947984695
7274820,279.17680947984695
7274850,279.17680947984695
7274880,279.17680947984695
7274910,279.17680947984695
7274940,279.17680947984695
7274970,279.17680947984695
7275000,279.17680947984695
7275030,279.17680947984695
7275060,279.17680947984695
7275090,279.17680947984695
7275120,279.17680947984695
7275150,279.17680947984695
7275180,279.17680947984695
7275210,279.17680947984695
7275240,279.17680947984695
7275270,279.17680947984695
7275300,279.17680947984695
7275330,279.17680947984695
7275360,279.17680947984695
7275390,279.17680947984695
7275420,279.17680947984695
7275450,279.17680947984695
7275480,279.17680947984695
7275510,279.17680947984695
7275540,279.17680947984695
7275570,279.17680947984695
7275600,279.17680947984695
7275630,279.17680947984695
7275660,279.17680947984695
7275690,279.17680947984695
7275720,279.17680947984695
7275750,279.17680947984695
7275780,279.17680947984695
7275810,279.17680947984695
7275840,279.17680947984695
7275870,279.17680947984695
7275900,279.17680947984695
7275930,279.17680947984695
7275960,279.17680947984695
7275990,279.17680947984695
7276020,279.17680947984695
7276050,279.17680947984695
7276080,279.17680947984695
7276110,279.17680947984695
7276140,279.17680947984695
7276170,279.17680947984695
7276200,279.17680947984695
7276230,279.17680947984695
7276260,279.17680947984695
7276290,279.17680947984695
7276320,279.17680947984695
7276350,279.17680947984695
7276380,279.17680947984695
7276410,279.17680947984695
7276440,279.17680947984695
7276470,279.17680947984695
7276500,279.17680947984695
7276530,279.17680947984695
7276560,279.17680947984695
7276590,279.17680947984695
7276620,279.17680947984695
7276650,279.17680947984695
7276680,279.17680947984695
7276710,279.17680947984695
7276740,279.17680947984695
7276770,279.17680947984695
7276800,279.17680947984695
7276830,279.17680947984695
7276860,279.17680947984695
7276890,279.17680947984695
7276920,279.17680947984695
7276950,279.17680947984695
7276980,279.17680947984695
7277010,279.17680947984695
7277040,279.17680947984695
7277070,279.17680947984695
7277100,279.17680947984695
7277130,279.17680947984695
7277160,279.17680947984695
7277190,279.17680947984695
7277220,279.17680947984695
7277250,279.17680947984695
7277280,279.17680947984695
7277310,279.17680947984695
7277340,279.17680947984695
7277370,279.17680947984695
7277400,279.17680947984695
7277430,279.17680947984695
7277460,279.17680947984695
7277490,279.17680947984695
7277520,279.17680947984695
7277550,279.17680947984695
7277580,279.17680947984695
7277610,279.17680947984695
7277640,279.17680947984695
7277670,279.17680947984695
7277700,279.17680947984695
7277730,279.17680947984695
7277760,279.17680947984695
7277790,279.17680947984695
7277820,279.17680947984695
7277850,279.17680947984695
7277880,279.17680947984695
7277910,279.17680947984695
7277940,279.17680947984695
7277970,279.17680947984695
7278000,279.17680947984695
7278030,279.17680947984695
7278060,279.17680947984695
7278090,279.17680947984695
7278120,279.17680947984695
7278150,279.17680947984695
7278180,279.17680947984695
7278210,279.17680947984695
7278240,279.17680947984695
7278270,279.17680947984695
7278300,279.17680947984695
7278330,279.17680947984695
7278360,279.17680947984695
7278390,279.17680947984695
7278420,279.17680947984695
7278450,279.17680947984695
7278480,279.17680947984695
7278510,279.17680947984695
7278540,279.17680947984695
7278570,279.17680947984695
7278600,279.17680947984695
7278630,279.17680947984695
7278660,279.17680947984695
7278690,279.17680947984695
7278720,279.17680947984695
7278750,279.17680947984695
7278780,279.17680947984695
7278810,279.17680947984695
7278840,279.17680947984695
7278870,279.17680947984695
7278900,279.17680947984695
7278930,279.17680947984695
7278960,279.17680947984695
7278990,279.17680947984695
7279020,279.17680947984695
7279050,279.17680947984695
7279080,279.17680947984695
7279110,279.17680947984695
7279140,279.17680947984695
7279170,279.17680947984695
7279200,279.17680947984695
7279230,279.17680947984695
7279260,279.17680947984695
7279290,279.17680947984695
7279320,279.17680947984695
7279350,279.17680947984695
7279380,279.17680947984695
7279410,279.17680947984695
7279440,279.17680947984695
7279470,279.17680947984695
7279500,279.17680947984695
7279530,279.17680947984695
7279560,279.17680947984695
7279590,279.17680947984695
7279620,279.17680947984695
7279650,279.17680947984695
7279680,279.17680947984695
7279710,279.17680947984695
7279740,279.17680947984695
7279770,279.17680947984695
7279800,279.17680947984695
7279830,279.17680947984695
7279860,279.17680947984695
7279890,279.17680947984695
7279920,279.17680947984695
7279950,279.17680947984695
7279980,279.17680947984695
7280010,279.17680947984695
7280040,279.17680947984695
7280070,279.17680947984695
7280100,279.17680947984695
7280130,279.17680947984695
7280160,279.17680947984695
7280190,279.17680947984695
7280220,279.17680947984695
7280250,279.17680947984695
7280280,279.17680947984695
7280310,279.17680947984695
7280340,279.17680947984695
7280370,279.17680947984695
7280400,279.17680947984695
7280430,279.17680947984695
7280460,279.17680947984695
7280490,279.17680947984695
7280520,279.17680947984695
7280550,279.17680947984695
7280580,279.17680947984695
7280610,279.17680947984695
7280640,279.17680947984695
7280670,279.17680947984695
7280700,279.17680947984695
7280730,279.17680947984695
7280760,279.17680947984695
7280790,279.17680947984695
7280820,279.17680947984695
7280850,279.17680947984695
7280880,279.17680947984695
7280910,279.17680947984695
7280940,279.17680947984695
7280970,279.17680947984695
7281000,279.17680947984695
7281030,279.17680947984695
7281060,279.17680947984695
7281090,279.17680947984695
7281120,279.17680947984695
7281150,279.17680947984695
7281180,279.17680947984695
7281210,279.17680947984695
7281240,279.17680947984695
7281270,279.17680947984695
7281300,279.17680947984695
7281330,279.17680947984695
7281360,279.17680947984695
7281390,279.17680947984695
7281420,279.17680947984695
7281450,279.17680947984695
7281480,279.17680947984695
7281510,279.17680947984695
7281540,279.17680947984695
7281570,279.17680947984695
7281600,279.17680947984695
7281630,279.17680947984695
7281660,279.17680947984695
7281690,279.17680947984695
7281720,279.17680947984695
7281750,279.17680947984695
7281780,279.17680947984695
7281810,279.17680947984695
7281840,279.17680947984695
7281870,279.17680947984695
7281900,279.17680947984695
7281930,279.17680947984695
7281960,279.17680947984695
7281990,279.17680947984695
7282020,279.17680947984695
7282050,279.17680947984695
7282080,279.17680947984695
7282110,279.17680947984695
7282140,279.17680947984695
7282170,279.17680947984695
7282200,279.17680947984695
7282230,279.17680947984695
7282260,279.17680947984695
7282290,279.17680947984695
7282320,279.17680947984695
7282350,279.17680947984695
7282380,279.17680947984695
7282410,279.17680947984695
7282440,279.17680947984695
7282470,279.17680947984695
7282500,279.17680947984695
7282530,279.17680947984695
7282560,279.17680947984695
7282590,279.17680947984695
7282620,279.17680947984695
7282650,279.17680947984695
7282680,279.17680947984695
7282710,279.17680947984695
7282740,279.17680947984695
7282770,279.17680947984695
7282800,279.17680947984695
7282830,279.17680947984695
7282860,279.17680947984695
7282890,279.17680947984695
7282920,279.17680947984695
7282950,279.17680947984695
7282980,279.17680947984695
7283010,279.17680947984695
7283040,279.17680947984695
7283070,279.17680947984695
7283100,279.17680947984695
7283130,279.17680947984695
7283160,279.17680947984695
7283190,279.17680947984695
7283220,279.17680947984695
7283250,279.17680947984695
7283280,279.17680947984695
7283310,279.17680947984695
7283340,279.17680947984695
7283370,279.17680947984695
7283400,279.17680947984695
7283430,284.2394357072915
7283460,284.4805261723334
7283490,283.68435828027833
7283520,283.2957447166386
7283550,283.1088810350322
7283580,283.0226528552878
7283610,282.98510060914924
7283640,282.97114437270164
7283670,282.9683746213482
7283700,282.97098026633967
7283730,282.9757363755181
7283760,282.98163243056865
7283790,282.9887918817949
7283820,282.99637911585955
7283850,283.0040833342614
7283880,283.0118338155512
7283910,283.01961544429014
7283940,283.0274242010564
7283970,283.0352582094911
7284000,283.04311591146717
7284030,283.327818581765
7284060,283.7089847467657
7284090,283.9314136319991
7284120,284.05557122690044
7284150,284.1256253650957
7284180,284.16701733759237
7284210,284.1934496753015
7284240,284.2121110145306
7284270,284.22673950147146
7284300,284.2392783584669
7284330,284.250736833245
7284360,284.2616380200134
7284390,284.27225175708435
7284420,284.28271755422594
7284450,284.2931069548844
7284480,284.30344611954143
7284510,283.26498630970093
7284540,280.89921170155554
7284570,279.67382538873477
7284600,279.0489870601849
7284630,278.99877290608254
7284660,278.9990204405213
7284690,278.99902044321226
7284720,278.9990204207441
7284750,278.99902040707843
7284780,278.99902039988007
7284810,278.9990203971614
7284840,278.99902039744563
7284870,278.9990203974339
7284900,278.9990203974339
7284930,278.9990203974339
7284960,278.9990203974339
7284990,278.9990203974339
7285020,278.9990203974339
7285050,278.9990203974339
7285080,278.9990203974339
7285110,278.9990203974339
7285140,278.9990203974339
7285170,278.9990203974339
7285200,278.9990203974339
7285230,283.33327405335854
7285260,281.50113930295583
7285290,280.0491161283311
7285320,279.4104638997487
7285350,279.1099559980079
7285380,278.9505099058461
7285410,278.84674329185935
7285440,278.77452522408447
7285470,278.7217585863451
7285500,278.6822277926178
7285530,278.65275798543394
7285560,278.6314693961736
7285590,278.61707986429536
7285620,278.6085969306212
7285650,278.6052009395448
7285680,278.60619494603947
7285710,278.6109738983488
7285740,278.6190173710542
7285770,278.62986884659347
7285800,278.643128936976
7285830,278.6430520535206
7285860,278.6432646991215
7285890,278.64326469134863
7285920,278.64326469134863
7285950,278.64326469134863
7285980,278.64326469134863
7286010,278.64326469134863
7286040,278.64326469134863
7286070,278.64326469134863
7286100,278.64326469134863
7286130,278.64326469134863
7286160,278.64326469134863
7286190,278.64326469134863
7286220,278.64326469134863
7286250,278.64326469134863
7286280,278.64326469134863
7286310,278.64326469134863
7286340,278.64326469134863
7286370,278.64326469134863
7286400,278.64326469134863
7286430,283.5933224980945
7286460,281.784480160005
7286490,280.27266593636233
7286520,279.63104817850336
7286550,279.3471663619731
7286580,279.229925202859
7286610,279.1884831995776
7286640,279.18193537825294
7286670,279.19073596091187
7286700,279.20407800306833
7286730,279.21784782728656
7286760,279.23075142195563
7286790,279.24249454936876
7286820,279.253126871906
7286850,279.2628075683302
7286880,279.27171176342085
7286910,279.2799957939662
7286940,279.2877891190542
7286970,279.29519701313023
7287000,279.3023003919355
7287030,279.2612454586081
7287060,279.26139625487957
7287090,279.2613962685098
7287120,279.2613962685098
7287150,279.2613962685098
7287180,279.2613962685098
7287210,279.2613962685098
7287240,279.2613962685098
7287270,279.2613962685098
7287300,279.2613962685098
7287330,279.2613962685098
7287360,279.2613962685098
7287390,279.2613962685098
7287420,279.2613962685098
7287450,279.2613962685098
7287480,279.2613962685098
7287510,279.2613962685098
7287540,279.2613962685098
7287570,279.2613962685098
7287600,279.2613962685098
7287630,284.1499402298195
7287660,282.3052043940933
7287690,280.74201565609854
7287720,280.05175268576977
7287750,279.7263483006412
7287780,279.5745897337231
7287810,279.50580207256013
7287840,279.47963985335855
7287870,279.47319149389915
7287900,279.47402167755206
7287930,279.4774975757215
7287960,279.4820177668276
7287990,279.48697668577506
7288020,279.4921235405451
7288050,279.4973487848228
7288080,279.5026041910518
7288110,279.5078695497795
7288140,279.51313617971067
7288170,279.5184000751395
7288200,279.52366055871914
7288230,279.41996729261666
7288260,279.42003147498434
7288290,279.42003147595847
7288320,279.42003147595847
7288350,279.42003147595847
7288380,279.42003147595847
7288410,279.42003147595847
7288440,279.42003147595847
7288470,279.42003147595847
7288500,279.42003147595847
7288530,279.42003147595847
7288560,279.42003147595847
7288590,279.42003147595847
7288620,279.42003147595847
7288650,279.42003147595847
7288680,279.42003147595847
7288710,279.42003147595847
7288740,279.42003147595847
7288770,279.42003147595847
7288800,279.42003147595847
7288830,284.435122391392
7288860,282.560531116359
7288890,280.95409195710823
7288920,280.2478012407218
7288950,279.9172623329653
7288980,279.76424797918656
7289010,279.69510906911785
7289040,279.66961824654436
7289070,279.66706017375867
7289100,279.6715399405449
7289130,279.6771980435311
7289160,279.68289259963643
7289190,279.688513077954
7289220,279.6940946063342
7289250,279.6996699464777
7289280,279.70525706547807
7289310,279.7108652065854
7289340,279.71649901974234
7289370,279.72216114483405
7289400,279.7278531733443
7289430,279.56370500862323
7289460,279.56367807791696
7289490,279.56369751993526
7289520,279.5636973883587
7289550,279.5636973883587
7289580,279.5636973883587
7289610,279.5636973883587
7289640,279.5636973883587
7289670,279.5636973883587
7289700,279.5636973883587
7289730,279.5636973883587
7289760,279.5636973883587
7289790,279.5636973883587
7289820,279.5636973883587
7289850,279.5636973883587
7289880,279.5636973883587
7289910,279.5636973883587
7289940,279.5636973883587
7289970,279.5636973883587
7290000,279.5636973883587
7290030,284.73512148661047
7290060,282.8340874568355
7290090,281.1812063391472
7290120,280.4587593372137
7290150,280.1241522789649
7290180,279.9712720813338
7290210,279.9033048936167
7290240,279.87669679531007
7290270,279.8761524502201
7290300,279.88681800015905
7290330,279.89866339349055
7290360,279.90872684858874
7290390,279.9172484138616
7290420,279.92493003718886
7290450,279.9322209116327
7290480,279.9393489777901
7290510,279.9464208821056
7290540,279.9534845050975
7290570,279.9605604093855
7290600,279.967657738548
7290630,279.73038326413746
7290660,279.73009087754986
7290690,279.73009935362984
7290720,279.7300992053753
7290750,279.7300992053753
7290780,279.7300992053753
7290810,279.7300992053753
7290840,279.7300992053753
7290870,279.7300992053753
7290900,279.7300992053753
7290930,279.7300992053753
7290960,279.7300992053753
7290990,279.7300992053753
7291020,279.7300992053753
7291050,279.7300992053753
7291080,279.7300992053753
7291110,279.7300992053753
7291140,279.7300992053753
7291170,279.7300992053753
7291200,279.7300992053753
7291230,285.1000500432909
7291260,283.16387306376515
7291290,281.4502537015196
7291320,280.70642489082354
7291350,280.3659340697043
7291380,280.2124153961223
7291410,280.1453566704249
7291440,280.1203112355612
7291470,280.1193430844967
7291500,280.1341099339005
7291530,280.1499795926796
7291560,280.16416668463035
7291590,280.17601317101105
7291620,280.1857231679932
7291650,280.19419207975335
7291680,280.20204901381567
7291710,280.2096214549538
7291740,280.21706330834485
7291770,280.2244441648895
7291800,280.2317953082509
7291830,279.90953501181934
7291860,279.909357513301
7291890,279.9093601230817
7291920,279.909360080534
7291950,279.909360080534
7291980,279.909360080534
7292010,279.909360080534
7292040,279.909360080534
7292070,279.909360080534
7292100,279.909360080534
7292130,279.909360080534
7292160,279.909360080534
7292190,279.909360080534
7292220,279.909360080534
7292250,279.909360080534
7292280,279.909360080534
7292310,279.909360080534
7292340,279.909360080534
7292370,279.909360080534
7292400,279.909360080534
7292430,285.49002760116343
7292460,283.502745149226
7292490,281.71714205227585
7292520,280.94728809059524
7292550,280.5986210460901
7292580,280.44295312045955
7292610,280.37539673492506
7292640,280.3490706376734
7292670,280.34515149180856
7292700,280.35817879698754
7292730,280.379579456516
7292760,280.39654711587167
7292790,280.40941964462587
7292820,280.4213166258176
7292850,280.4312474420885
7292880,280.4394228508874
7292910,280.44659616185646
7292940,280.45326642002533
7292970,280.45968892161613
7293000,280.46597910687234
7293030,280.063073626152
7293060,280.062778572281
7293090,280.062778696158
7293120,280.0627786971391
7293150,280.0627786971391
7293180,280.0627786971391
7293210,280.0627786971391
7293240,280.0627786971391
7293270,280.0627786971391
7293300,280.0627786971391
7293330,280.0627786971391
7293360,280.0627786971391
7293390,280.0627786971391
7293420,280.0627786971391
7293450,280.0627786971391
7293480,280.0627786971391
7293510,280.0627786971391
7293540,280.0627786971391
7293570,280.0627786971391
7293600,280.0627786971391
7293630,285.830540899181
7293660,283.78747014077635
7293690,281.9332823394088
7293720,281.13830356297746
7293750,280.7811216945233
7293780,280.62239131792506
7293810,280.55330681749194
7293840,280.52472826756446
7293870,280.5177877367188
7293900,280.5237348205458
7293930,280.54285434693213
7293960,280.5641834549414
7293990,280.5801248999441
7294020,280.5906348186219
7294050,280.59982306284536
7294080,280.60894642478775
7294110,280.61627105972826
7294140,280.6220934528862
7294170,280.6270869882936
7294200,280.6316701689066
7294230,280.16736305356585
7294260,280.16701463836716
7294290,280.16701415137334
7294320,280.16701417192183
7294350,280.16701417107816
7294380,280.16701417107816
7294410,280.16701417107816
7294440,280.16701417107816
7294470,280.16701417107816
7294500,280.16701417107816
7294530,280.16701417107816
7294560,280.16701417107816
7294590,280.16701417107816
7294620,280.16701417107816
7294650,280.16701417107816
7294680,280.16701417107816
7294710,280.16701417107816
7294740,280.16701417107816
7294770,280.16701417107816
7294800,280.16701417107816
7294830,286.07598857219585
7294860,283.98778939592466
7294890,282.08138377049465
7294920,281.26754827191996
7294950,280.90410473034416
7294980,280.7431987769145
7295010,280.6731455747067
7295040,280.6436603920397
7295070,280.63367174582993
7295100,280.63684751756085
7295130,280.65103654111783
7295160,280.6731563592061
7295190,280.68972912042
7295220,280.69996480645256
7295250,280.7080944652198
7295280,280.71735224996337
7295310,280.72751038715774
7295340,280.735561079275
7295370,280.74136051937296
7295400,280.7458608511279
7295430,280.237478482827
7295460,280.23706165900626
7295490,280.2370456051068
7295520,280.23704560799416
7295550,280.23704560801946
7295580,280.23704560801946
7295610,280.23704560801946
7295640,280.23704560801946
7295670,280.23704560801946
7295700,280.23704560801946
7295730,280.23704560801946
7295760,280.23704560801946
7295790,280.23704560801946
7295820,280.23704560801946
7295850,280.23704560801946
7295880,280.23704560801946
7295910,280.23704560801946
7295940,280.23704560801946
7295970,280.23704560801946
7296000,280.23704560801946
7296030,286.2694394601934
7296060,284.14717857466087
7296090,282.19861421131327
7296120,281.370329667334
7296150,281.0027794123039
7296180,280.84111833815365
7296210,280.7710703197524
7296240,280.74187833333895
7296270,280.7308761616921
7296300,280.7324645548015
7296330,280.7422674015891
7296360,280.76449977058934
7296390,280.78629390292537
7296420,280.80035596008895
7296450,280.8089558774071
7296480,280.8147654916961
7296510,280.8200108905643
7296540,280.82776319148076
7296570,280.835549668606
7296600,280.84432382404407
7296630,280.29789518771275
7296660,280.29744593153225
7296690,280.2974419159928
7296720,280.2974418090032
7296750,280.2974418339401
7296780,280.2974418339401
7296810,280.2974418339401
7296840,280.2974418339401
7296870,280.2974418339401
7296900,280.2974418339401
7296930,280.2974418339401
7296960,280.2974418339401
7296990,280.2974418339401
7297020,280.2974418339401
7297050,280.2974418339401
7297080,280.2974418339401
7297110,280.2974418339401
7297140,280.2974418339401
7297170,280.2974418339401
7297200,280.2974418339401
7297230,286.47366422499084
7297260,284.31842912317074
7297290,282.32410375403026
7297320,281.48109164559963
7297350,281.1102950875734
7297380,280.948929657856
7297410,280.8801872493086
7297440,280.8523396612723
7297470,280.8424919076109
7297500,280.8421182009481
7297530,280.85118565239804
7297560,280.86700804243594
7297590,280.89400819054424
7297620,280.9162741863892
7297650,280.93042379629856
7297680,280.93960542374026
7297710,280.94638807443766
7297740,280.95221652230725
7297770,280.96036455826015
7297800,280.96996324668487
7297830,280.3743987786932
7297860,280.3738930709043
7297890,280.37353231287074
7297920,280.3735341788131
7297950,280.3735337610124
7297980,280.3735337610124
7298010,280.3735337610124
7298040,280.3735337610124
7298070,280.3735337610124
7298100,280.3735337610124
7298130,280.3735337610124
7298160,280.3735337610124
7298190,280.3735337610124
7298220,280.3735337610124
7298250,280.3735337610124
7298280,280.3735337610124
7298310,280.3735337610124
7298340,280.3735337610124
7298370,280.3735337610124
7298400,280.3735337610124
7298430,286.7473783603698
7298460,284.54579649661156
7298490,282.4868706977049
7298520,281.6233290957953
7298550,281.24793683328807
7298580,281.0867991601655
7298610,281.01941100452694
7298640,280.9928950272026
7298670,280.98426350978445
7298700,280.9833529006939
7298730,280.98900783280186
7298760,281.0017585924328
7298790,281.02050789584166
7298820,281.05042849887263
7298850,281.0742478558095
7298880,281.08926121099927
7298910,281.0990214950939
7298940,281.1062429237579
7298970,281.1123402754223
7299000,281.11819026723845
7299030,280.46117076064405
7299060,280.460619841167
7299090,280.46061995120016
7299120,280.4606199515884
7299150,280.4606199515474
7299180,280.4606199515474
7299210,280.4606199515474
7299240,280.4606199515474
7299270,280.4606199515474
7299300,280.4606199515474
7299330,280.4606199515474
7299360,280.4606199515474
7299390,280.4606199515474
7299420,280.4606199515474
7299450,280.4606199515474
7299480,280.4606199515474
7299510,280.4606199515474
7299540,280.4606199515474
7299570,280.4606199515474
7299600,280.4606199515474
7299630,287.04829492436073
7299660,284.78237276641494
7299690,282.64733345811163
7299720,281.75871917700863
7299750,281.3764142465191
7299780,281.2137087227079
7299810,281.145949778295
7299840,281.1191305102866
7299870,281.10988126267205
7299900,281.1082131890658
7299930,281.10979565284794
7299960,281.11725839752734
7299990,281.1303478949454
7300020,281.1482574050014
7300050,281.17855889035405
7300080,281.2026228034948
7300110,281.2170559767753
7300140,281.2257104892361
7300170,281.2315722952644
7300200,281.23617976624183
7300230,280.5243104023299
7300260,280.52371620075223
7300290,280.5237146697433
7300320,280.5237147231803
7300350,280.52371472303196
7300380,280.52371472303196
7300410,280.52371472303196
7300440,280.52371472303196
7300470,280.52371472303196
7300500,280.52371472303196
7300530,280.52371472303196
7300560,280.52371472303196
7300590,280.52371472303196
7300620,280.52371472303196
7300650,280.52371472303196
7300680,280.52371472303196
7300710,280.52371472303196
7300740,280.52371472303196
7300770,280.52371472303196
7300800,280.52371472303196
7300830,287.2689519566995
7300860,284.9451387744049
7300890,282.7507230337828
7300920,281.8419626776472
7300950,281.45311478191314
7300980,281.28781115437357
7301010,281.21839741070863
7301040,281.18995211985026
7301070,281.17898541880527
7301100,281.1755109236823
7301130,281.175197383647
7301160,281.1777716080635
7301190,281.1883536796603
7301220,281.2011945272809
7301250,281.2279662224933
7301280,281.2551123924948
7301310,281.27166858677623
7301340,281.2806176126761
7301370,281.28573913391546
7301400,281.28914025776714
7301430,280.54804820746733
7301460,280.5475580773158
7301490,280.54760120223426
7301520,280.54760118606265
7301550,280.547600589835
7301580,280.547600589835
7301610,280.547600589835
7301640,280.547600589835
7301670,280.547600589835
7301700,280.547600589835
7301730,280.547600589835
7301760,280.547600589835
7301790,280.547600589835
7301820,280.547600589835
7301850,280.547600589835
7301880,280.547600589835
7301910,280.547600589835
7301940,280.547600589835
7301970,280.547600589835
7302000,280.547600589835
7302030,287.39951859014775
7302060,285.0438928652968
7302090,282.81424254964503
7302120,281.89449544669907
7302150,281.50303355141176
7302180,281.33748140364406
7302210,281.268325124449
7302240,281.24012640065513
7302270,281.2293477655131
7302300,281.22592325336
7302330,281.22564141438266
7302360,281.22674804031755
7302390,281.23363954761487
7302420,281.245883925318
7302450,281.2649412179194
7302480,281.2956781119354
7302510,281.3182834743738
7302540,281.33080678746296
7302570,281.3375876349473
7302600,281.34169514382484
7302630,280.57550381046985
7302660,280.5748885231579
7302690,280.574894330555
7302720,280.5748942862611
7302750,280.57489427583204
7302780,280.57489427583204
7302810,280.57489427583204
7302840,280.57489427583204
7302870,280.57489427583204
7302900,280.57489427583204
7302930,280.57489427583204
7302960,280.57489427583204
7302990,280.57489427583204
7303020,280.57489427583204
7303050,280.57489427583204
7303080,280.57489427583204
7303110,280.57489427583204
7303140,280.57489427583204
7303170,280.57489427583204
7303200,280.57489427583204
7303230,287.5279113584859
7303260,285.14048846535536
7303290,282.87533290316463
7303320,281.94462602153675
7303350,281.55059591371224
7303380,281.3848500203572
7303410,281.31598378027957
7303440,281.28807017246487
7303470,281.27744239557825
7303500,281.2740983503915
7303530,281.2738465893162
7303560,281.27488478683955
7303590,281.2770460773229
7303620,281.28653704750496
7303650,281.2994478681318
7303680,281.32490460277904
7303710,281.35540506339674
7303740,281.37498707961305
7303770,281.38548125183803
7303800,281.39123323366596
7303830,280.6004282577729
7303860,280.5997187761124
7303890,280.5996569528354
7303920,280.5996567909737
7303950,280.5996567815242
7303980,280.5996567815242
7304010,280.5996567815242
7304040,280.5996567815242
7304070,280.5996567815242
7304100,280.5996567815242
7304130,280.5996567815242
7304160,280.5996567815242
7304190,280.5996567815242
7304220,280.5996567815242
7304250,280.5996567815242
7304280,280.5996567815242
7304310,280.5996567815242
7304340,280.5996567815242
7304370,280.5996567815242
7304400,280.5996567815242
7304430,287.6554320802458
7304460,285.23527298216
7304490,282.93409617322817
7304520,281.9923694793412
7304550,281.5958412260826
7304580,281.42992454871626
7304610,281.3613534534324
7304640,281.3337109351386
7304670,281.3232589485627
7304700,281.320019940841
7304730,281.3197891707852
7304760,281.3208308104807
7304790,281.322400321272
7304820,281.3241929526697
7304850,281.32815488084736
7304880,281.33826137951314
7304910,281.35020285577497
7304940,281.3730482789328
7304970,281.4045779497371
7305000,281.42584810254493
7305030,280.61661586102053
7305060,280.6158923467211
7305090,280.6159114607211
7305120,280.6159117108075
7305150,280.6159117108075
7305180,280.6159117108075
7305210,280.6159117108075
7305240,280.6159117108075
7305270,280.6159117108075
7305300,280.6159117108075
7305330,280.6159117108075
7305360,280.6159117108075
7305390,280.6159117108075
7305420,280.6159117108075
7305450,280.6159117108075
7305480,280.6159117108075
7305510,280.6159117108075
7305540,280.6159117108075
7305570,280.6159117108075
7305600,280.6159117108075
7305630,287.7798035380645
7305660,285.32742072222936
7305690,282.9899098847686
7305720,282.037371408334
7305750,281.6384789581486
7305780,281.47251440511036
7305810,281.4042799126695
7305840,281.37687914147176
7305870,281.3665922794149
7305900,281.3634169249091
7305930,281.36321558289063
7305960,281.3642449367156
7305990,281.3657952153874
7306020,281.3675574048861
7306050,281.3694030756994
7306080,281.3725947766741
7306110,281.38017941889785
7306140,281.3875566621532
7306170,281.4019489894095
7306200,281.4359048239327
7306230,280.6175713489519
7306260,280.61682229564593
7306290,280.6168236182926
7306320,280.6168236182926
7306350,280.6168236182926
7306380,280.6168236182926
7306410,280.6168236182926
7306440,280.6168236182926
7306470,280.6168236182926
7306500,280.6168236182926
7306530,280.6168236182926
7306560,280.6168236182926
7306590,280.6168236182926
7306620,280.6168236182926
7306650,280.6168236182926
7306680,280.6168236182926
7306710,280.6168236182926
7306740,280.6168236182926
7306770,280.6168236182926
7306800,280.6168236182926
7306830,287.89806302199474
7306860,285.4157719547524
7306890,283.04205437334264
7306920,282.0789168364934
7306950,281.6778180067265
7306980,281.5117912380033
7307010,281.4439390467996
7307040,281.41692641108824
7307070,281.4068013594196
7307100,281.4037348064089
7307130,281.40355619842506
7307160,281.40459122484435
7307190,281.4061230395124
7307220,281.4078679097962
7307250,281.4096975784322
7307280,281.4115629822647
7307310,281.41472457488857
7307340,281.42240292748073
7307370,281.4295672509885
7307400,281.4385045409794
7307430,280.6102912490128
7307460,280.6096123290743
7307490,280.60961323525936
7307520,280.6096132574859
7307550,280.609613257523
7307580,280.609613257523
7307610,280.609613257523
7307640,280.609613257523
7307670,280.609613257523
7307700,280.609613257523
7307730,280.609613257523
7307760,280.609613257523
7307790,280.609613257523
7307820,280.609613257523
7307850,280.609613257523
7307880,280.609613257523
7307910,280.609613257523
7307940,280.609613257523
7307970,280.609613257523
7308000,280.609613257523
7308030,288.0058229587215
7308060,285.49950740678054
7308090,283.09112359575846
7308120,282.1181769195434
7308150,281.7151635401312
7308180,281.5491913810716
7308210,281.4816604099373
7308240,281.45483036059153
7308270,281.44478887785647
7308300,281.4416212129719
7308330,281.441321213905
7308360,281.44216630587755
7308390,281.4434790366442
7308420,281.444970464642
7308450,281.4465259966987
7308480,281.4480958040442
7308510,281.4496619515271
7308540,281.45231293722946
7308570,281.45962983167254
7308600,281.4666669738375
7308630,280.61901130424764
7308660,280.6184831062634
7308690,280.6185118451479
7308720,280.6185113499894
7308750,280.6185113499894
7308780,280.6185113499894
7308810,280.6185113499894
7308840,280.6185113499894
7308870,280.6185113499894
7308900,280.6185113499894
7308930,280.6185113499894
7308960,280.6185113499894
7308990,280.6185113499894
7309020,280.6185113499894
7309050,280.6185113499894
7309080,280.6185113499894
7309110,280.6185113499894
7309140,280.6185113499894
7309170,280.6185113499894
7309200,280.6185113499894
7309230,288.09680468788827
7309260,285.5666637658797
7309290,283.12918337626286
7309320,282.14777694476214
7309350,281.7423037078128
7309380,281.57549340476913
7309410,281.5074870686852
7309440,281.48019663957535
7309470,281.46963858239326
7309500,281.46590057869946
7309530,281.4649767586728
7309560,281.4652541169854
7309590,281.4659081637523
7309620,281.4667659961132
7309650,281.46769721905156
7309680,281.46865043348737
7309710,281.46960656990814
7309740,281.4705568871183
7309770,281.4724646493942
7309800,281.4791284819405
7309830,280.62118383846763
7309860,280.62043354915124
7309890,280.62041790682224
7309920,280.6204167932551
7309950,280.62040598006837
7309980,280.62040605276775
7310010,280.62040605276775
7310040,280.62040605276775
7310070,280.62040605276775
7310100,280.62040605276775
7310130,280.62040605276775
7310160,280.62040605276775
7310190,280.62040605276775
7310220,280.62040605276775
7310250,280.62040605276775
7310280,280.62040605276775
7310310,280.62040605276775
7310340,280.62040605276775
7310370,280.62040605276775
7310400,280.62040605276775
7310430,288.1568098284851
7310460,285.6091582720881
7310490,283.15310421371237
7310520,282.16656040629744
7310550,281.75969733952275
7310580,281.5920416815024
7310610,281.5234443147965
7310640,281.49570927700717
7310670,281.48474180823206
7310700,281.4806533484512
7310730,281.47937784884516
7310760,281.47923078513725
7310790,281.4795543164998
7310820,281.48006131938325
7310850,281.4806420682849
7310880,281.48125010653087
7310910,281.48186520899543
7310940,281.4824812440516
7310970,281.48309387019754
7311000,281.484669771423
7311030,280.6206064846893
7311060,280.61994147196685
7311090,280.6199433219981
7311120,280.61994392371
7311150,280.6199441357465
7311180,280.6199440709581
7311210,280.6199440709581
7311240,280.6199440709581
7311270,280.6199440709581
7311300,280.6199440709581
7311330,280.6199440709581
7311360,280.6199440709581
7311390,280.6199440709581
7311420,280.6199440709581
7311450,280.6199440709581
7311480,280.6199440709581
7311510,280.6199440709581
7311540,280.6199440709581
7311570,280.6199440709581
7311600,280.6199440709581
7311630,288.1944793843457
7311660,285.63698031824794
7311690,283.16917535747973
7311720,282.1796634614914
7311750,281.772333448951
7311780,281.6041271646538
7311810,281.53495726867345
7311840,281.5068135558077
7311870,281.49557678431455
7311900,281.49124816959886
7311930,281.48975473184873
7311960,281.4894048436449
7311990,281.4895265551113
7312020,281.489820493288
7312050,281.4901907606434
7312080,281.49058314982045
7312110,281.49097859852986
7312140,281.49137035453555
7312170,281.4917550209968
7312200,281.492131386678
7312230,280.62230568333155
7312260,280.62160732138176
7312290,280.6216074665363
7312320,280.6216075320738
7312350,280.62160753001376
7312380,280.62160753000705
7312410,280.62160753000705
7312440,280.62160753000705
7312470,280.62160753000705
7312500,280.62160753000705
7312530,280.62160753000705
7312560,280.62160753000705
7312590,280.62160753000705
7312620,280.62160753000705
7312650,280.62160753000705
7312680,280.62160753000705
7312710,280.62160753000705
7312740,280.62160753000705
7312770,280.62160753000705
7312800,280.62160753000705
7312830,288.21688179063716
7312860,285.65322824984486
7312890,283.17836451038835
7312920,282.18701413321753
7312950,281.7794106836363
7312980,281.6107791470846
7313010,281.5407473610695
7313040,281.51185249381075
7313070,281.50005372622087
7313100,281.49529325410106
7313130,281.49340319988363
7313160,281.49267627043673
7313190,281.492422149346
7313220,281.49235424433306
7313250,281.49235902240457
7313280,281.4923876133022
7313310,281.4924208595307
7313340,281.4924505048246
7313370,281.4924733829066
7313400,281.49248828931155
7313430,280.6210574169165
7313460,280.6203607417379
7313490,280.62036076521446
7313520,280.62036076529245
7313550,280.62036076372584
7313580,280.62036076372584
7313610,280.62036076372584
7313640,280.62036076372584
7313670,280.62036076372584
7313700,280.62036076372584
7313730,280.62036076372584
7313760,280.62036076372584
7313790,280.62036076372584
7313820,280.62036076372584
7313850,280.62036076372584
7313880,280.62036076372584
7313910,280.62036076372584
7313940,280.62036076372584
7313970,280.62036076372584
7314000,280.62036076372584
7314030,288.2173889885155
7314060,285.6531842076224
7314090,283.17834553793057
7314120,282.1869389130794
7314150,281.7792367434161
7314180,281.610332711821
7314210,281.5395445657993
7314240,281.5098657410027
7314270,281.497481216362
7314300,281.4922532346293
7314330,281.48994728081766
7314360,281.48884638002426
7314390,281.4882265931028
7314420,281.4878016951674
7314450,281.48744417803164
7314480,281.487115636964
7314510,281.4867918505723
7314540,281.4864644051446
7314570,281.4861303442633
7314600,281.4857882759002
7314630,280.616820785645
7314660,280.6161300395814
7314690,280.6161297768641
7314720,280.61612971725367
7314750,280.6161297260307
7314780,280.6161297260307
7314810,280.6161297260307
7314840,280.6161297260307
7314870,280.6161297260307
7314900,280.6161297260307
7314930,280.6161297260307
7314960,280.6161297260307
7314990,280.6161297260307
7315020,280.6161297260307
7315050,280.6161297260307
7315080,280.6161297260307
7315110,280.6161297260307
7315140,280.6161297260307
7315170,280.6161297260307
7315200,280.6161297260307
7315230,288.1935427162738
7315260,285.63611069338424
7315290,283.1689608677374
7315320,282.1797902759708
7315350,281.7721993128542
7315380,281.60289677201416
7315410,281.5314626082179
7315440,281.50113736566016
7315470,281.48824725022354
7315500,281.4825956803263
7315530,281.47997151037254
7315560,281.47856487377913
7315590,281.4776599163151
7315620,281.4769518921258
7315650,281.47632622190525
7315680,281.47573168075184
7315710,281.47514821583934
7315740,281.47456691428096
7315770,281.4739842517511
7315800,281.4733986088223
7315830,280.610479709463
7315860,280.6097892436486
7315890,280.6097874649149
7315920,280.60978741486554
7315950,280.6097874141332
7315980,280.6097874141332
7316010,280.6097874141332
7316040,280.6097874141332
7316070,280.6097874141332
7316100,280.6097874141332
7316130,280.6097874141332
7316160,280.6097874141332
7316190,280.6097874141332
7316220,280.6097874141332
7316250,280.6097874141332
7316280,280.6097874141332
7316310,280.6097874141332
7316340,280.6097874141332
7316370,280.6097874141332
7316400,280.6097874141332
7316430,288.1526023876815
7316460,285.60743340675856
7316490,283.15330427635314
7316520,282.1679894307755
7316550,281.76094802594633
7316580,281.59122287226955
7316610,281.51928629651457
7316640,281.4885601070776
7316670,281.47531611369135
7316700,281.46939456879085
7316730,281.4665011982957
7316760,281.4648369097467
7316790,281.463677850105
7316820,281.46271468901716
7316850,281.4618283124719
7316880,281.46096871809993
7316910,281.4601139221528
7316940,281.45925493635144
7316970,281.45838831729367
7317000,281.4575124093797
7317030,280.603102981851
7317060,280.6024449784548
7317090,280.60244387033794
7317120,280.6024440841338
7317150,280.602444062405
7317180,280.602444062405
7317210,280.602444062405
7317240,280.602444062405
7317270,280.602444062405
7317300,280.602444062405
7317330,280.602444062405
7317360,280.602444062405
7317390,280.602444062405
7317420,280.602444062405
7317450,280.602444062405
7317480,280.602444062405
7317510,280.602444062405
7317540,280.602444062405
7317570,280.602444062405
7317600,280.602444062405
7317630,288.0927435371963
7317660,285.5641445179118
7317690,283.1285172136873
7317720,282.1483471146944
7317750,281.7419950316634
7317780,281.5716307839078
7317810,281.4989805486958
7317840,281.4676687464492
7317870,281.45389677969445
7317900,281.4474533229674
7317930,281.4440442015423
7317960,281.44186748262916
7317990,281.44020050768495
7318020,281.43872444800814
7318050,281.43731901278437
7318080,281.4359321822243
7318110,281.4345438948095
7318140,281.4331453058611
7318170,281.43173250295956
7318200,281.4303038449692
7318230,280.58967570723644
7318260,280.5889997554625
7318290,280.58897236131776
7318320,280.58897247132063
7318350,280.5889724711753
7318380,280.5889724711753
7318410,280.5889724711753
7318440,280.5889724711753
7318470,280.5889724711753
7318500,280.5889724711753
7318530,280.5889724711753
7318560,280.5889724711753
7318590,280.5889724711753
7318620,280.5889724711753
7318650,280.5889724711753
7318680,280.5889724711753
7318710,280.5889724711753
7318740,280.5889724711753
7318770,280.5889724711753
7318800,280.5889724711753
7318830,288.39308240313426
7318860,285.3322664546707
7318890,282.536619998606
7318920,281.06297292898023
7318950,280.23775409650625
7318980,279.7693859618162
7319010,279.5028976453905
7319040,279.3512269829353
7319070,279.2648997630573
7319100,279.2157808280121
7319130,279.1882924892138
7319160,279.17257753330364
7319190,279.1634541353502
7319220,279.1581709716805
7319250,279.15510126434145
7319280,279.1533227694097
7319310,279.15228811760267
7319340,279.15169234591167
7319370,279.15134547928665
7319400,279.15114304405023
7319430,279.15107690815915
7319460,279.15107512771084
7319490,279.1510735311172
7319520,279.1510722254007
7319550,279.1510712842293
7319580,279.1510706165457
7319610,279.1510701634716
7319640,279.15106983440705
7319670,279.15106958029315
7319700,279.1510693557944
7319730,279.1510691751877
7319760,279.1510689835008
7319790,279.15106882014004
7319820,279.1510686760775
7319850,279.15106857916874
7319880,279.1510684488975
7319910,279.15106829931085
7319940,279.15106821431016
7319970,279.1510683109759
7320000,279.15106859871537
7320030,279.1510687860347
7320060,279.1510709744378
7320090,279.15107614308357
7320120,279.15107719492585
7320150,279.1510744366664
7320180,279.15107146987515
7320210,279.15106951069356
7320240,279.1510683552236
7320270,279.15106827693967
7320300,279.1510688659191
7320330,279.15106899467503
7320360,279.1510685070188
7320390,279.1510676775785
7320420,279.15106724497105
7320450,279.15106697911295
7320480,279.15106666936134
7320510,279.1510663362093
7320540,279.1510660621397
7320570,279.1510658665268
7320600,279.1510657206382
7320630,279.15106559250603
7320660,279.15106539652896
7320690,279.1510651218728
7320720,279.151064808784
7320750,279.151064483613
7320780,279.15106417167436
7320810,279.1510638830295
7320840,279.1510636222521
7320870,279.15106339344084
7320900,279.15106319960205
7320930,279.1510630419421
7320960,279.1510629202237
7320990,279.1510628333548
7321020,279.1510627798337
7321050,279.15106275797507
7321080,279.15106276596623
7321110,279.15106280191515
7321140,279.1510628637634
7321170,279.1510629493328
7321200,279.1510630564244
7321230,279.15106318407857
7321260,279.15106332740993
7321290,279.1510634925836
7321320,279.15106367448186
7321350,279.1510638642641
7321380,279.15106406111613
7321410,279.15106426893294
7321440,279.15106448454276
7321470,279.1510646930031
7321500,279.1510648880843
7321530,279.15106478120845
7321560,279.15106272789836
7321590,279.15106120186937
7321620,279.15105958692743
7321650,279.1510597435225
7321680,279.15106141484745
7321710,279.15105825929606
7321740,279.1510563616077
7321770,279.1510594072873
7321800,279.15106236132505
7321830,279.1510641922882
7321860,279.15106541217057
7321890,279.151065516318
7321920,279.15106156259975
7321950,279.15105965880605
7321980,279.1510599488282
7322010,279.1510609559202
7322040,279.1510629476406
7322070,279.1510650031497
7322100,279.15106647617137
7322130,279.1510673433775
7322160,279.1510678360772
7322190,279.15106814938196
7322220,279.151068383634
7322250,279.1510685820079
7322280,279.1510687648932
7322310,279.1510689436726
7322340,279.15106912492325
7322370,279.15106931259515
7322400,279.1510695089477
7322430,279.15106988887663
7322460,279.15107058486876
7322490,279.15107064550364
7322520,279.15107032599514
7322550,279.1510699978841
7322580,279.151069793531
7322610,279.1510696944008
7322640,279.15106965291426
7322670,279.1510696400874
7322700,279.15106964494913
7322730,279.1510696647845
7322760,279.15106969973624
7322790,279.15106975118545
7322820,279.15106982130897
7322850,279.1510698805661
7322880,279.15106989747034
7322910,279.1510698786976
7322940,279.1510698569008
7322970,279.1510698586788
7323000,279.15106989295487
7323030,279.1510699524993
7323060,279.1510704105179
7323090,279.15107059396854
7323120,279.15107082138746
7323150,279.15107239385145
7323180,279.1510755632711
7323210,279.1510775612133
7323240,279.1510765171318
7323270,279.151074526574
7323300,279.15107177162514
7323330,279.15106188205624
7323360,279.1510610843872
7323390,279.1510660267691
7323420,279.15106913208444
7323450,279.15107067762796
7323480,279.15107159713557
7323510,279.15107229602023
7323540,279.15107286760514
7323570,279.15107334224166
7323600,279.1510737539464
7323630,279.1510741188247
7323660,279.151074474359
7323690,279.1510740003165
7323720,279.1510689511853
7323750,279.1510669004663
7323780,279.15106868101043
7323810,279.151062078886
7323840,279.1510582133431
7323870,279.1510646104338
7323900,279.15107053520313
7323930,279.15107091401757
7323960,279.1510534532324
7323990,279.15105247951647
7324020,279.1510563112138
7324050,279.15106040571953
7324080,279.1510611754096
7324110,279.1510641011421
7324140,279.15106726347875
7324170,279.15107088222766
7324200,279.15107376048127
7324230,279.1510752978934
7324260,279.15107613478926
7324290,279.151076490814
7324320,279.1510765434281
7324350,279.15107643661423
7324380,279.151076311541
7324410,279.1510762409486
7324440,279.1510759900103
7324470,279.1510749740602
7324500,279.15107473821104
7324530,279.1510751701505
7324560,279.15107572493605
7324590,279.15107611500144
7324620,279.1510763371201
7324650,279.1510764692045
7324680,279.151076563327
7324710,279.1510766396394
7324740,279.15107670490977
7324770,279.1510767625808
7324800,279.1510768151378
7324830,279.1510776593645
7324860,279.1510844444027
7324890,279.1510841176403
7324920,279.151081164933
7324950,279.15108012466675
7324980,279.15107878975624
7325010,279.15107780667586
7325040,279.15107752098527
7325070,279.1510777233202
7325100,279.1510774442158
7325130,279.15107702785474
7325160,279.1510766961761
7325190,279.1510765901797
7325220,279.1510767425561
7325250,279.1510769914624
7325280,279.15107719689325
7325310,279.15107732392664
7325340,279.15107739568856
7325370,279.15107743936437
7325400,279.1510774694337
7325430,279.15107774604
7325460,279.1510790277563
7325490,279.151079766832
7325520,279.1510762347531
7325550,279.1510730619916
7325580,279.1510667584438
7325610,279.1510614849302
7325640,279.15106326130575
7325670,279.15106813040376
7325700,279.1510718039946
7325730,279.151073767331
7325760,279.1510751657254
7325790,279.151076083111
7325820,279.15107664739315
7325850,279.15107697669686
7325880,279.15107715812763
7325910,279.15107724883467
7325940,279.15107728490653
7325970,279.15107728846925
7326000,279.1510772725749
7326030,279.1518425790176
7326060,279.1526893772242
7326090,279.15349155150193
7326120,279.15440711339596
7326150,279.155365888293
7326180,279.1563160922305
7326210,279.15726982349037
7326240,279.15822208865114
7326270,279.159172619887
7326300,279.1601230993811
7326330,279.1610735116164
7326360,279.1620242986652
7326390,279.16297510466563
7326420,279.1639262160091
7326450,279.16487749232334
7326480,279.165828834222
7326510,279.1667801410118
7326540,279.1677314631784
7326570,279.16868294148344
7326600,279.1696346915421
7326630,279.1705880621825
7326660,279.17155588939653
7326690,279.17251000285904
7326720,279.1734528911152
7326750,279.1743961498163
7326780,279.17533999917674
7326810,279.17628568724825
7326840,279.1772332708508
7326870,279.17818315712094
7326900,279.179129274372
7326930,279.1800710381423
7326960,279.1810195713954
7326990,279.1819711663974
7327020,279.1829196315034
7327050,279.18386342029993
7327080,279.1848121869886
7327110,279.1857652938561
7327140,279.1867145866154
7327170,279.18766263855827
7327200,279.18861538524345
7327230,279.189581067713
7327260,279.1905787496393
7327290,279.1915252209447
7327320,279.1924788272271
7327350,279.1934355411079
7327380,279.1943895447635
7327410,279.19534334168236
7327440,279.19629736302613
7327470,279.1972513825888
7327500,279.19820905941657
7327530,279.1991871879404
7327560,279.2001476021825
7327590,279.2010952470094
7327620,279.2020471406472
7327650,279.2030013319251
7327680,279.20395548696183
7327710,279.2049095156344
7327740,279.2058640753572
7327770,279.2068190631011
7327800,279.2077711411168
7327830,279.20871159042207
7327860,279.20966695564033
7327890,279.21061112251897
7327920,279.2115379342113
7327950,279.21247228187843
7327980,279.2134026059126
7328010,279.21432495348705
7328040,279.21526379512244
7328070,279.2162136159125
7328100,279.2171635640295
7328130,279.2181090803059
7328160,279.21905867985714
7328190,279.2200086911244
7328220,279.2209554195845
7328250,279.2219043932735
7328280,279.2228564358046
7328310,279.22380988927284
7328340,279.22476325001713
7328370,279.22571631539626
7328400,279.22666954983634
7328430,279.2276232418906
7328460,279.22857698260236
7328490,279.2295307810428
7328520,279.23048143989746
7328550,279.23142608139057
7328580,279.2323712625528
7328610,279.2333205449632
7328640,279.23427290187146
7328670,279.235226230371
7328700,279.2361794414183
7328730,279.2371323430988
7328760,279.23808500723794
7328790,279.2390374799715
7328820,279.23998976180854
7328850,279.2409418408681
7328880,279.2418937066758
7328910,279.24284535075
7328940,279.2437967654837
7328970,279.2447479438069
7329000,279.2456988792968
7329030,279.24664991935236
7329060,279.2476017462011
7329090,279.24855401399503
7329120,279.24950639263227
7329150,279.2504585485076
7329180,279.2514104036608
7329210,279.25236203023377
7329240,279.2533134933822
7329270,279.2542648102887
7329300,279.2552159747298
7329330,279.25616697816326
7329360,279.25711781475206
7329390,279.2580684803557
7329420,279.25901897129285
7329450,279.25996928426366
7329480,279.2609194165733
7329510,279.2618693659876
7329540,279.2628191305898
7329570,279.26376870884854
7329600,279.2647180996229
7329630,279.2656691688632
7329660,279.2666210311253
7329690,279.2675578960479
7329720,279.2684885645874
7329750,279.26941811105615
7329780,279.27035430284485
7329810,279.2712889404312
7329840,279.2722206422218
7329870,279.27316014521796
7329900,279.27409171633957
7329930,279.27500855678414
7329960,279.27594532860564
7329990,279.2768936153546
7330020,279.2778440743552
7330050,279.27879269513505
7330080,279.27974164722224
7330110,279.2806915356187
7330140,279.28164196821245
7330170,279.28259249574114
7330200,279.2835429782294
7330230,279.2844935051049
7330260,279.2854441863504
7330290,279.2863949655099
7330320,279.287345806782
7330350,279.2882966751475
7330380,279.2892502802596
7330410,279.2902067138045
7330440,279.2911628206127
7330470,279.29211654796774
7330500,279.2930683352721
7330530,279.294019428635
7330560,279.2949705652885
7330590,279.2959219303814
7330620,279.2968735253904
7330650,279.29782536890554
7330680,279.298777524611
7330710,279.2997300860224
7330740,279.30068272999426
7330770,279.3016350073723
7330800,279.30258684461865
7330830,279.30353840072263
7330860,279.3044899979335
7330890,279.3054416395739
7330920,279.3063933473358
7330950,279.3073451843863
7330980,279.30829729053323
7331010,279.3092496047496
7331040,279.3102019518948
7331070,279.31115435896356
7331100,279.312106852607
7331130,279.31305939791827
7331160,279.31401210252824
7331190,279.31496526606054
7331220,279.3159191723733
7331250,279.3168737559567
7331280,279.31782815975464
7331310,279.31878179610703
7331340,279.3197348141478
7331370,279.3206876940025
7331400,279.3216407644097
7331430,279.32259413082653
7331460,279.32354763971153
7331490,279.3245012357951
7331520,279.3254548952275
7331550,279.3264085927021
7331580,279.3273623045517
7331610,279.3283160068475
7331640,279.32926963792573
7331670,279.3302231701609
7331700,279.3311766151804
7331730,279.3321299183312
7331760,279.33308305255
7331790,279.3340360477859
7331820,279.3349889167968
7331850,279.3359416298445
7331880,279.3368941465924
7331910,279.33784629119964
7331940,279.3387980466469
7331970,279.3397494896181
7332000,279.3407005024263
7332030,279.34165118002534
7332060,279.3426019761715
7332090,279.3435527543249
7332120,279.3445033421169
7332150,279.34545389659314
7332180,279.34640481628685
7332210,279.34735588515656
7332240,279.3483065513596
7332270,279.3492567086599
7332300,279.3502067731812
7332330,279.35115678202163
7332360,279.35210641652463
7332390,279.35305560232393
7332420,279.3540046189318
7332450,279.35495381511805
7332480,279.35590341091984
7332510,279.35685348850745
7332540,279.3578040436617
7332570,279.3587550196876
7332600,279.35970632317674
7332630,279.36065669854435
7332660,279.36160490866166
7332690,279.36255204739285
7332720,279.3634986895364
7332750,279.3644451529205
7332780,279.3653915259686
7332810,279.3663377900343
7332840,279.3672839024983
7332870,279.36823427318876
7332900,279.36918883701867
7332930,279.3701423867371
7332960,279.37109172076043
7332990,279.3720376282537
7333020,279.3729820442432
7333050,279.37392600978797
7333080,279.3748696888429
7333110,279.37581297245765
7333140,279.3767557738352
7333170,279.37769805313997
7333200,279.37863978597045
7333230,279.37957879389484
7333260,279.38052129208035
7333290,279.381465436954
7333320,279.3824095567302
7333350,279.38335315274395
7333380,279.3842966693695
7333410,279.3852478455292
7333440,279.38619415342595
7333470,279.38713718551236
7333500,279.38807939049843
7333530,279.3890215872166
7333560,279.38996377010784
7333590,279.3909058226768
7333620,279.3918476908757
7333650,279.39278934780776
7333680,279.39373075831986
7333710,279.3946718689592
7333740,279.39561260421317
7333770,279.3965528603959
7333800,279.3974928801229
7333830,279.3984331033234
7333860,279.3993736092039
7333890,279.40031410503957
7333920,279.4012544401093
7333950,279.4021945249042
7333980,279.40313422283566
7334010,279.4040736005327
7334040,279.40501283904996
7334070,279.40595187970587
7334100,279.4068906992645
7334130,279.4078293564955
7334160,279.4087679137274
7334190,279.40970630534656
7334220,279.41064449075026
7334250,279.4115824037958
7334280,279.41252006240825
7334310,279.4134574339639
7334340,279.4143945511086
7334370,279.4153313927186
7334400,279.416267993414
7334430,279.4172044505668
7334460,279.41814086444043
7334490,279.4190770839546
7334520,279.42001305002424
7334550,279.4209488624947
7334580,279.4218845343758
7334610,279.42281994682986
7334640,279.42375502670313
7334670,279.42468980625284
7334700,279.42562438332965
7334730,279.4265588441409
7334760,279.4274931859484
7334790,279.4284273705803
7334820,279.4293614026302
7334850,279.4302953293123
7334880,279.4312292028937
7334910,279.43216306212344
7334940,279.43309693477175
7334970,279.4340308438214
7335000,279.43496480989313
7335030,279.4358988567837
7335060,279.43683296991827
7335090,279.4377670607742
7335120,279.4387011465562
7335150,279.43963551187954
7335180,279.4405705261984
7335210,279.4415061903772
7335240,279.4424418297194
7335270,279.44337621345875
7335300,279.44430951601953
7335330,279.44524297517967
7335360,279.4461771717816
7335390,279.44711198386466
7335420,279.44804717438336
7335450,279.4489825153464
7335480,279.4499177350663
7335510,279.45085290392495
7335540,279.45178829735954
7335570,279.45272399002613
7335600,279.4536598151907
7335630,279.4545957707535
7335660,279.4555375195545
7335690,279.4564798411998
7335720,279.45741820511523
7335750,279.45835548675313
7335780,279.4592926968291
7335810,279.4602295900433
7335840,279.4611625263364
7335870,279.4620825033566
7335900,279.46301565032854
7335930,279.4639518445965
7335960,279.4648853366627
7335990,279.4658230307101
7336020,279.4667614393724
7336050,279.46769907154993
7336080,279.4686361948554
7336110,279.46957347856835
7336140,279.47051085687093
7336170,279.4714483264577
7336200,279.4723858931971
7336230,279.47332356455286
7336260,279.4742612832311
7336290,279.47519906154633
7336320,279.4761368728488
7336350,279.47707088686514
7336380,279.47800710270326
7336410,279.4789414449282
7336440,279.4798423125253
7336470,279.48077198223825
7336500,279.4817183597167
7336530,279.4826594368681
7336560,279.4835979992583
7336590,279.48453640215956
7336620,279.4854752566995
7336650,279.48641443502
7336680,279.4873538067843
7336710,279.488293347762
7336740,279.48923307011006
7336770,279.4901729852818
7336800,279.4911131008582
7336830,279.49205324270866
7336860,279.49299317383185
7336890,279.49393297078797
7336920,279.49487271012504
7336950,279.495812439178
7336980,279.4967521707685
7337010,279.4976919036368
7337040,279.49863163580363
7337070,279.49957136767756
7337100,279.50051110101464
7337130,279.50145083783127
7337160,279.50239058012056
7337190,279.5033303298374
7337220,279.5042700889607
7337250,279.5052098593862
7337280,279.5061496429828
7337310,279.50708944165063
7337340,279.5080292573356
7337370,279.50896909208467
7337400,279.50990894787503
7337430,279.5108487634329
7337460,279.511788512667
7337490,279.5127282354104
7337520,279.5136699046533
7337550,279.51462428581965
7337580,279.5155775921312
7337610,279.51652627046536
7337640,279.5174712252254
7337670,279.5184124594397
7337700,279.51935283479276
7337730,279.52029273914445
7337760,279.5212325327158
7337790,279.52217234355066
7337820,279.52311218811235
7337850,279.5240520627672
7337880,279.5249919666791
7337910,279.5259319009847
7337940,279.52687186706373
7337970,279.5278118665444
7338000,279.52875190138275
7338030,279.52969195805036
7338060,279.5306320157799
7338090,279.5315720935419
7338120,279.53251219597996
7338150,279.53345233157387
7338180,279.5343924978561
7338210,279.5353327004674
7338240,279.5362729363987
7338270,279.5372132111127
7338300,279.53815352112156
7338330,279.5390938723657
7338360,279.54003426162785
7338390,279.54097468902376
7338420,279.5419151569543
7338450,279.54285566770267
7338480,279.5437962229081
7338510,279.54473682391745
7338540,279.5456774719304
7338570,279.5466181680769
7338600,279.5475589134815
7338630,279.54849970869805
7338660,279.54944056075027
7338690,279.5503814632606
7338720,279.55132241854056
7338750,279.55226342835573
7338780,279.55320449451256
7338810,279.55414561808885
7338840,279.55508680037934
7338870,279.5560280425725
7338900,279.556969345932
7338930,279.5579107113536
7338960,279.5588521402273
7338990,279.5597936369822
7339020,279.5607351992252
7339050,279.5616768299642
7339080,279.56261851454445
7339110,279.56356027716146
7339140,279.56450211245055
7339170,279.5654440247647
7339200,279.5663860109265
7339230,279.56732808524515
7339260,279.56827022003426
7339290,279.56921241228173
7339320,279.57015470458157
7339350,279.571097101007
7339380,279.5720395927727
7339410,279.57298217619046
7339440,279.5739248516097
7339470,279.5748676210284
7339500,279.57581048686603
7339530,279.57675345109993
7339560,279.57769651498893
7339590,279.5786396795721
7339620,279.5795829460054
7339650,279.5805263154651
7339680,279.58146978910014
7339710,279.58241336802524
7339740,279.58335705325254
7339770,279.58430084581005
7339800,279.58524474683765
7339830,279.5861887803234
7339860,279.5871329017123
7339890,279.5880770996501
7339920,279.58902142839344
7339950,279.5899658828658
7339980,279.590910452956
7340010,279.59185513701146
7340040,279.5927999371453
7340070,279.59374485530833
7340100,279.5946898926212
7340130,279.5956350498541
7340160,279.5965803277982
7340190,279.5975257274211
7340220,279.5984712497655
7340250,279.59941689587686
7340280,279.60036266682494
7340310,279.60130856367584
7340340,279.60225458735914
7340370,279.6032007387683
7340400,279.6041470187862
7340430,279.60509347144483
7340460,279.6060401310959
7340490,279.60698713676857
7340520,279.6079344902109
7340550,279.6088821768397
7340580,279.60983018626274
7340610,279.61077851083905
7340640,279.61172714101946
7340670,279.61267606544067
7340700,279.61362527252595
7340730,279.614574750733
7340760,279.6155244881119
7340790,279.6164744721611
7340820,279.61742468970607
7340850,279.618375126736
7340880,279.6193257686811
7340910,279.6202766005355
7340940,279.6212276066958
7340970,279.62217877087267
7341000,279.62313007631667
7341030,279.6240817539079
7341060,279.6250339458946
7341090,279.6259865511721
7341120,279.6269394126455
7341150,279.6278924575937
7341180,279.62884567128
7341210,279.6297990467215
7341240,279.63075256513866
7341270,279.631706201307
7341300,279.6326599327197
7341330,279.6336137661096
7341360,279.63456774963805
7341390,279.63552193488914
7341420,279.6364763453813
7341450,279.6374309921851
7341480,279.6383807956755
7341510,279.6393256733414
7341540,279.64027169240217
7341570,279.6412228950106
7341600,279.64217870553773
7341630,279.6431367714447
7341660,279.6440939716343
7341690,279.6450507471333
7341720,279.6460076056361
7341750,279.6469647645813
7341780,279.6479222089091
7341810,279.6488800029716
7341840,279.6498381261835
7341870,279.6507965030597
7341900,279.6517550700363
7341930,279.6527138891646
7341960,279.6536729922617
7341990,279.65463243316975
7342020,279.6555921902584
7342050,279.65655224808705
7342080,279.6575126336278
7342110,279.6584733014453
7342140,279.65943417326554
7342170,279.6603952318755
7342200,279.66135651031396
7342230,279.6623180979046
7342260,279.66327993029466
7342290,279.664241935625
7342320,279.6652040837307
7342350,279.66616633230234
7342380,279.6671286330343
7342410,279.6680909305152
7342440,279.6690531632194
7342470,279.67001526674943
7342500,279.6709771879346
7342530,279.67193723837187
7342560,279.6728950168672
7342590,279.6738546142302
7342620,279.6748126462633
7342650,279.67575666177953
7342680,279.67668137334766
7342710,279.6776102409126
7342740,279.6785598134231
7342770,279.67951660026057
7342800,279.68047522418505
7342830,279.6814325716227
7342860,279.68238945149335
7342890,279.6833458866497
7342920,279.68430172999126
7342950,279.6852579426982
7342980,279.68622170755225
7343010,279.6871799197103
7343040,279.6881390018047
7343070,279.68909420387
7343100,279.690047873918
7343130,279.6910011544473
7343160,279.691954197359
7343190,279.6929068758307
7343220,279.6938591499934
7343250,279.694811161487
7343280,279.6957629247023
7343310,279.69671432840954
7343340,279.6976653674975
7343370,279.6986161831114
7343400,279.69956693675283
7343430,279.7005174514346
7343460,279.7014673465
7343490,279.70241675636976
7343520,279.7033659264258
7343550,279.70431496255384
7343580,279.70526385193745
7343610,279.7062125575122
7343640,279.7071610613318
7343670,279.7081093554599
7343700,279.70905742705224
7343730,279.7100052569975
7343760,279.7109528246447
7343790,279.7119001112946
7343820,279.7128471016044
7343850,279.7137964197993
7343880,279.7147481381821
7343910,279.71569918149135
7343940,279.71664754750105
7343970,279.71759365187586
7344000,279.71853869159
7344030,279.71948340500415
7344060,279.7204261719652
7344090,279.72137628647033
7344120,279.7223323677762
7344150,279.7232806382489
7344180,279.72422899751047
7344210,279.72518996507466
7344240,279.72614610021566
7344270,279.72709243519495
7344300,279.728036090888
7344330,279.7289773006031
7344360,279.7299080144061
7344390,279.73084429365423
7344420,279.7317861316905
7344450,279.7327287537121
7344480,279.7336706597671
7344510,279.7346124705897
7344540,279.73555396240914
7344570,279.7364946987971
7344600,279.73743504522884
7344630,279.738375802269
7344660,279.7393172490355
7344690,279.74025897375833
7344720,279.74120066870825
7344750,279.74214206535333
7344780,279.7430828935885
7344810,279.7440232928238
7344840,279.7449636141405
7344870,279.7459038774985
7344900,279.74684404019314
7344930,279.7477841340745
7344960,279.74872401602994
7344990,279.74966328559697
7345020,279.750602104502
7345050,279.75154100369934
7345080,279.75248340836134
7345110,279.7534295748556
7345140,279.75437559001233
7345170,279.7553186923487
7345200,279.7562591381699
7345230,279.7571980171634
7345260,279.75813682323684
7345290,279.7590755107399
7345320,279.76001407336497
7345350,279.7609525244023
7345380,279.76189088362173
7345410,279.7628291708797
7345440,279.7637674152699
7345470,279.7647056400674
7345500,279.76564387723846
7345530,279.7665821393448
7345560,279.76752042266224
7345590,279.7684587361754
7345620,279.76939710585043
7345650,279.77033555954995
7345680,279.7712741175042
7345710,279.7722127928141
7345740,279.7731515945292
7345770,279.77409063837064
7345800,279.77503016578794
7345830,279.7759700765392
7345860,279.7769021667989
7345890,279.7777969493116
7345920,279.77871892749323
7345950,279.77965484660433
7345980,279.7805913034212
7346010,279.78152473737157
7346040,279.78245981112156
7346070,279.7833952306426
7346100,279.7843328787719
7346130,279.78527224075464
7346160,279.78621244106523
7346190,279.7871528355628
7346220,279.78809307579195
7346250,279.78903327714016
7346280,279.78997373124565
7346310,279.79091452020634
7346340,279.7918555131187
7346370,279.7927965572548
7346400,279.7937375763838
7346430,279.79467866204567
7346460,279.79561993999374
7346490,279.79656136168626
7346520,279.79750284643103
7346550,279.79844436084363
7346580,279.7993859039788
7346610,279.80032746197725
7346640,279.8012690265533
7346670,279.8022106045859
7346700,279.803152207428
7346730,279.80409384158975
7346760,279.8050355086082
7346790,279.80597720810306
7346820,279.8069189394955
7346850,279.8078607023132
7346880,279.8088024960229
7346910,279.80974431990506
7346940,279.81068617310314
7346970,279.81162805464965
7347000,279.81256996352903
7347030,279.8135119129758
7347060,279.8144539008019
7347090,279.8153957946758
7347120,279.8163377174088
7347150,279.81727972980855
7347180,279.8182218009642
7347210,279.8191638968509
7347240,279.82010154886905
7347270,279.82103462093033
7347300,279.82197246700525
7347330,279.82292567341443
7347360,279.82389886703083
7347390,279.8248917060197
7347420,279.8259026155678
7347450,279.826930606261
7347480,279.82797529293515
7347510,279.82903654214954
7347540,279.83011432842505
7347570,279.831208739993
7347600,279.8323200086241
7347630,279.83341456217687
7347660,279.8343910854959
7347690,279.8353367079331
7347720,279.8362790439142
7347750,279.8372207693366
7347780,279.8381624096279
7347810,279.8391039810504
7347840,279.840045459226
7347870,279.8409868305812
7347900,279.84192809191387
7347930,279.8428692465658
7347960,279.8438102989704
7347990,279.84475125244506
7348020,279.84569210973956
7348050,279.8466328735428
7348080,279.84757354661747
7348110,279.8485141317611
7348140,279.8494546319376
7348170,279.85039505036235
7348200,279.85133539036946
7348230,279.85227561337695
7348260,279.85321574479684
7348290,279.85415580695775
7348320,279.85509577271466
7348350,279.8560356444621
7348380,279.8569754332094
7348410,279.85791515487887
7348440,279.8588548202225
7348470,279.85979443209015
7348500,279.86073399140906
7348530,279.8616735011619
7348560,279.8626129660416
7348590,279.8635523910726
7348620,279.86449178111457
7348650,279.8654311409892
7348680,279.86637047562016
7348710,279.86730978994
7348740,279.868249089056
7348770,279.86918837828074
7348800,279.87012766310335
7348830,279.8710668302841
7348860,279.87200580169696
7348890,279.872944627443
7348920,279.87388337313087
7348950,279.8748221017723
7348980,279.87576083794056
7349010,279.87669957711273
7349040,279.87763831068355
7349070,279.8785770378571
7349100,279.87951576403344
7349130,279.88045449625275
7349160,279.8813932411665
7349190,279.8823320049914
7349220,279.88327079384965
7349250,279.8842096139612
7349280,279.885148471643
7349310,279.8860873731977
7349340,279.8870263248547
7349370,279.8879653328239
7349400,279.8889044034428
7349430,279.8898437318116
7349460,279.89078260390266
7349490,279.89172116191696
7349520,279.8926621805211
7349550,279.89360838325325
7349580,279.894554315471
7349610,279.8954956257952
7349640,279.8964346963244
7349670,279.8973730172486
7349700,279.8983116188483
7349730,279.8992503102754
7349760,279.9001890169299
7349790,279.9011277516832
7349820,279.9020665416573
7349850,279.9030054012538
7349880,279.90394433651716
7349910,279.9048833519836
7349940,279.9058224523253
7349970,279.9067616421933
7350000,279.90770092603475
7350030,279.90864010797094
7350060,279.90957903664975
7350090,279.9105178735255
7350120,279.9114567172036
7350150,279.9123956050391
7350180,279.91333454313786
7350210,279.91427353880715
7350240,279.9152126027679
7350270,279.916151742943
7350300,279.9170909638208
7350330,279.91803026873424
7350360,279.91896966104173
7350390,279.91990914418545
7350420,279.9208487214227
7350450,279.9217883957014
7350480,279.92272816965846
7350510,279.92366804576875
7350540,279.9246080263674
7350570,279.9255481136971
7350600,279.92648830979454
7350630,279.92742853681074
7350660,279.9283687080808
7350690,279.92930890283924
7350720,279.9302496872416
7350750,279.9312037935652
7350780,279.93215451597223
7350810,279.93309818935313
7350840,279.93403961722
7350870,279.93498143803043
7350900,279.93593536779304
7350930,279.93689210100115
7350960,279.93784000818425
7350990,279.93878319957315
7351020,279.93972509831366
7351050,279.94066784936877
7351080,279.9416217782755
7351110,279.9425751633481
7351140,279.9435370552881
7351170,279.9444955626032
7351200,279.9454419491224
7351230,279.94638512159173
7351260,279.9473278169037
7351290,279.9482713436976
7351320,279.9492129721323
7351350,279.95015736808483
7351380,279.9511045502977
7351410,279.95204961795196
7351440,279.9529914946965
7351470,279.95393545657066
7351500,279.9548774416857
7351530,279.9558166408402
7351560,279.95675638281443
7351590,279.9576912645999
7351620,279.95861422133686
7351650,279.95952551928286
7351680,279.9604305722453
7351710,279.96133401086223
7351740,279.96223766226274
7351770,279.9631416887384
7351800,279.9640458882442
7351830,279.964964542946
7351860,279.9659221016522
7351890,279.9668740344891
7351920,279.96781921915505
7351950,279.96876203203027
7351980,279.9697046707011
7352010,279.9706472616429
7352040,279.9715894810984
7352070,279.97253122598266
7352100,279.9734673418839
7352130,279.974391757271
7352160,279.9753046844332
7352190,279.97621118619594
7352220,279.9771158698044
7352250,279.9780207070316
7352280,279.978925943021
7352310,279.9798313809445
7352340,279.9807369018127
7352370,279.98164248547505
7352400,279.982548139384
7352430,279.9834627115177
7352460,279.98439717737773
7352490,279.98533842031975
7352520,279.986280844864
7352550,279.98721877885436
7352580,279.988145256465
7352610,279.9890594471542
7352640,279.98996650057205
7352670,279.99087172286255
7352700,279.9917774368786
7352730,279.99268380379044
7352760,279.9935904539742
7352790,279.9944971869153
7352820,279.9954039729091
7352850,279.9963108274387
7352880,279.9972177600171
7352910,279.9981247724266
7352940,279.9990318643884
7352970,279.9999390356662
7353000,280.0008462861716
7353030,280.00175977349335
7353060,280.0026833237273
7353090,280.0036111915092
7353120,280.00454735843425
7353150,280.00548907172566
7353180,280.0064449753864
7353210,280.0074008595604
7353240,280.00834305461524
7353270,280.0092845242312
7353300,280.0102283067542
7353330,280.01117694581785
7353360,280.0121217835091
7353390,280.01306124108265
7353420,280.0139999176254
7353450,280.01493915071063
7353480,280.01588157228724
7353510,280.0168220154148
7353540,280.01775292098796
7353570,280.01867795421947
7353600,280.01960646706806
7353630,280.02054397883586
7353660,280.0214853495022
7353690,280.02242750446203
7353720,280.0233698043931
7353750,280.0243080550568
7353780,280.0252372002063
7353810,280.02615643780996
7353840,280.02706904137216
7353870,280.0279788561961
7353900,280.0288881253566
7353930,280.0297975596292
7353960,280.03070718939
7353990,280.0316169277341
7354020,280.0325267319646
7354050,280.0334365948959
7354080,280.0343465182435
7354110,280.0352565029336
7354140,280.0361665486656
7354170,280.0370766545929
7354200,280.03798681989826
7354230,280.03890419706715
7354260,280.03983775505134
7354290,280.04078093042233
7354320,280.0417227019639
7354350,280.04265638566324
7354380,280.0435823462942
7354410,280.04451533646323
7354440,280.04545256334757
7354470,280.0463840745023
7354500,280.04730865053205
7354530,280.04824108985696
7354560,280.0491782606955
7354590,280.0501098463287
7354620,280.05103452706584
7354650,280.0519669813872
7354680,280.052904135393
7354710,280.0538357453612
7354740,280.0547605000442
7354770,280.05569296174525
7354800,280.05663009233706
7354830,280.0575671643398
7354860,280.05850688123377
7354890,280.05944817293505
7354920,280.0603900192885
7354950,280.0613320611749
7354980,280.0622741972839
7355010,280.06321640579256
7355040,280.0641586882628
7355070,280.06510103536226
7355100,280.0660434451795
7355130,280.0669859164798
7355160,280.0679284513413
7355190,280.0688710471466
7355220,280.0698137049675
7355250,280.0707564216909
7355280,280.0716991990067
7355310,280.0726420335881
7355340,280.07358492771044
7355370,280.0745278778916
7355400,280.0754708870079
7355430,280.07641395340994
7355460,280.07735707257626
7355490,280.07830023421434
7355520,280.07924345989
7355550,280.08018675758814
7355580,280.0811301236856
7355610,280.08207354593856
7355640,280.0830170171825
7355670,280.0839605413915
7355700,280.084904127905
7355730,280.0858477853077
7355760,280.08679152107044
7355790,280.087735344005
7355820,280.0886792661048
7355850,280.0896233034003
7355880,280.09056747680717
7355910,280.0915118135882
7355940,280.0924563491486
7355970,280.09340112938827
7356000,280.09434621364784
7356030,280.09529126261236
7356060,280.0962359745079
7356090,280.0971805395722
7356120,280.0981250488729
7356150,280.0990696736361
7356180,280.1000145199042
7356210,280.10095962654293
7356240,280.10190506403086
7356270,280.1028507070683
7356300,280.10379634748637
7356330,280.1047420014707
7356360,280.1056877296202
7356390,280.1066335456909
7356420,280.10757958072185
7356450,280.10852583471694
7356480,280.1094722023828
7356510,280.11041875422853
7356540,280.1113657317384
7356570,280.1123131744502
7356600,280.1132603604461
7356630,280.1142069460214
7356660,280.11515369455566
7356690,280.1161007452286
7356720,280.1170480312412
7356750,280.1179954936179
7356780,280.11894309061756
7356810,280.11989079987353
7356840,280.1208386027672
7356870,280.12178647698687
7356900,280.12273439645526
7356930,280.1236823034496
7356960,280.12463012536875
7356990,280.12557784811935
7357020,280.1265223465533
7357050,280.12745891556136
7357080,280.1284001315258
7357110,280.12934409080856
7357140,280.1302905137715
7357170,280.1312366059515
7357200,280.1321824961034
7357230,280.1331294749823
7357260,280.134076256416
7357290,280.13502249748245
7357320,280.13596828098764
7357350,280.1369136985189
7357380,280.13785923296973
7357410,280.13880600018183
7357440,280.1397551224726
7357470,280.14070688600515
7357500,280.14167067345056
7357530,280.142648654053
7357560,280.1436247877401
7357590,280.14457729152923
7357620,280.14551723412
7357650,280.14646120078123
7357680,280.1474168922715
7357710,280.148358902618
7357740,280.1492666508677
7357770,280.1501580537343
7357800,280.1510669877009
7357830,280.15202298370156
7357860,280.1529704040919
7357890,280.153915943061
7357920,280.15486168477617
7357950,280.15580752067706
7357980,280.15675624288855
7358010,280.1577028570484
7358040,280.158639841819
7358070,280.1595832780457
7358100,280.160531077289
7358130,280.1614734568351
7358160,280.1624178304841
7358190,280.16336825883394
7358220,280.1643204610247
7358250,280.1652654584507
7358280,280.1662021347956
7358310,280.1671383127714
7358340,280.16807628154334
7358370,280.16901652422206
7358400,280.16995745149393
7358430,280.1708982468301
7358460,280.1718393899883
7358490,280.17278127719663
7358520,280.17372243271024
7358550,280.1746628318366
7358580,280.1756029085751
7358610,280.1765429226352
7358640,280.1774829138788
7358670,280.17842285190704
7358700,280.17936734602284
7358730,280.18031655547026
7358760,280.1812595946848
7358790,280.1821824300354
7358820,280.1830767869202
7358850,280.18394093115853
7358880,280.1847760858847
7358910,280.1855837844679
7358940,280.1863651897793
7358970,280.18712127067187
7359000,280.1878530151036
7359030,280.1886004793633
7359060,280.18946987751985
7359090,280.19039515905115
7359120,280.19132441609435
7359150,280.1922573382613
7359180,280.1931951267746
7359210,280.19413428292205
7359240,280.19507317185924
7359270,280.1960115272404
7359300,280.1969494189073
7359330,280.19788682649624
7359360,280.1988236363718
7359390,280.199759727803
7359420,280.2006950462463
7359450,280.20162967555467
7359480,280.2025639327478
7359510,280.2034931347851
7359540,280.2044184540277
7359570,280.2053462467106
7359600,280.20627940520944
7359630,280.2072168557969
7359660,280.2081553049494
7359690,280.20909353897605
7359720,280.210030051215
7359750,280.21097765534023
7359780,280.2119168120345
7359810,280.2128522721764
7359840,280.21378889311904
7359870,280.2147281619199
7359900,280.21571397041464
7359930,280.21673108262206
7359960,280.2176936157789
7359990,280.2186299093503
7360020,280.21956554116827
7360050,280.2205024262645
7360080,280.2214394729068
7360110,280.22237651658594
7360140,280.22331360377245
7360170,280.224250726296
7360200,280.22518791178294
7360230,280.2261253710791
7360260,280.2270630309218
7360290,280.2280006406656
7360320,280.2289383563546
7360350,280.2298761055725
7360380,280.23081386147265
7360410,280.2317516781228
7360440,280.2326895129468
7360470,280.233627128622
7360500,280.234564145485
7360530,280.2355001480314
7360560,280.2364357757996
7360590,280.23737210832974
7360620,280.2383094629624
7360650,280.23924739737157
7360680,280.2401853663013
7360710,280.24112306630775
7360740,280.2420603950917
7360770,280.2429977218796
7360800,280.243935517905
7360830,280.24487644632745
7360860,280.24581799699735
7360890,280.24675771983414
7360920,280.2476965262259
7360950,280.24863517121696
7360980,280.2495738804105
7361010,280.25051264555447
7361040,280.25145142754496
7361070,280.2523902078315
7361100,280.2533289847565
7361130,280.2542677639559
7361160,280.25520655249034
7361190,280.25614535675186
7361220,280.25708418209035
7361250,280.2580230328501
7361280,280.25896191254355
7361310,280.2599008238998
7361340,280.2608397687062
7361370,280.26177874799123
7361400,280.2627177622517
7361430,280.2636569484446
7361460,280.2645963178156
7361490,280.2655357702173
7361520,280.2664752747396
7361550,280.2674147925964
7361580,280.2683543147838
7361610,280.26929384051334
7361640,280.27023336958945
7361670,280.2711729011258
7361700,280.27211243402957
7361730,280.2730519672701
7361760,280.27399149991516
7361790,280.2749310311717
7361820,280.27587056019263
7361850,280.2768100861432
7361880,280.27774960819664
7361910,280.27868912567175
7361940,280.27962863801145
7361970,280.28056814461854
7362000,280.2815076448653
7362030,280.2824471147638
7362060,280.2833862575023
7362090,280.2843252705828
7362120,280.2852643567294
7362150,280.28620340003107
7362180,280.2871423322458
7362210,280.2880811431769
7362240,280.2890198384759
7362270,280.28995842558965
7362300,280.29089691144964
7362330,280.29183530094366
7362360,280.2927735969674
7362390,280.2937118014879
7362420,280.29464991647063
7362450,280.2955879440309
7362480,280.29652588635594
7362510,280.297463745599
7362540,280.298401524048
7362570,280.2993392241269
7362600,280.30027684841036
7362630,280.3012143402741
7362660,280.3021517553443
7362690,280.30308909313095
7362720,280.3040263523682
7362750,280.3049635587117
7362780,280.30590072299657
7362810,280.3068378406449
7362840,280.3077749062199
7362870,280.3087119196327
7362900,280.3096488843143
7362930,280.3105858043949
7362960,280.3115226838527
7362990,280.3124595267209
7363020,280.3133963373008
7363050,280.31433312010216
7363080,280.3152698798451
7363110,280.3162066214066
7363140,280.31714334981274
7363170,280.3180800703872
7363200,280.31901678882986
7363230,280.3199534184591
7363260,280.3208898411434
7363290,280.321826138945
7363320,280.3227623833905
7363350,280.3236986052244
7363380,280.3246348105989
7363410,280.32557100154605
7363440,280.3265071830516
7363470,280.3274433620765
7363500,280.3283795457994
7363530,280.32931574121943
7363560,280.33025195535373
7363590,280.33118819544615
7363620,280.33212446900444
7363650,280.33306078373545
7363680,280.333997147517
7363710,280.3349335684624
7363740,280.33587005480916
7363770,280.33680661474295
7363800,280.3377432563175
7363830,280.3386804633546
7363860,280.33963293100214
7363890,280.3405932519974
7363920,280.34154287416067
7363950,280.3424974835649
7363980,280.34344949326294
7364010,280.34439671940095
7364040,280.34534326836734
7364070,280.34628676807154
7364100,280.3472248232231
7364130,280.34816056406333
7364160,280.3490962243117
7364190,280.35003232695914
7364220,280.350968710037
7364250,280.35190521721347
7364280,280.3528418103247
7364310,280.353778498245
7364340,280.35471529236435
7364370,280.35565219960006
7364400,280.356589224901
7364430,280.3575261634721
7364460,280.35846283438957
7364490,280.35940050188384
7364520,280.3603385695826
7364550,280.3612746644115
7364580,280.36221049467366
7364610,280.36314678253467
7364640,280.36408343459055
7364670,280.36502022948173
7364700,280.36595709244745
7364730,280.3668940347954
7364760,280.3678310748876
7364790,280.36876822020423
7364820,280.3697054735298
7364850,280.37064283756587
7364880,280.3715803154006
7364910,280.3725178966221
7364940,280.37345570748585
7364970,280.37439392653005
7365000,280.37532629196625
7365030,280.37626172997824
7365060,280.37719751088565
7365090,280.3781687019684
7365120,280.37912368053657
7365150,280.380076173755
7365180,280.38103345689376
7365210,280.3819791820529
7365240,280.3829232533784
7365270,280.3838680962217
7365300,280.3848084370671
7365330,280.38574683612086
7365360,280.3866857978925
7365390,280.3876262829322
7365420,280.3885668267375
7365450,280.3895069481495
7365480,280.3904468734012
7365510,280.3913868786583
7365540,280.39232707201296
7365570,280.3932674641598
7365600,280.3942080491433
7365630,280.2124259759357
7365660,279.83803531662966
7365690,279.55986440480797
7365720,279.3980213226218
7365750,279.3009758032069
7365780,279.24213853986157
7365810,279.2063965693361
7365840,279.18468508043446
7365870,279.17149458128205
7365900,279.1634813665921
7365930,279.1586130317667
7365960,279.1556545083783
7365990,279.1538552313365
7366020,279.15276446863203
7366050,279.1521019222517
7366080,279.15170007398876
7366110,279.15145610601087
7366140,279.15130833930556
7366170,279.15121849667804
7366200,279.15116445565667
7366230,279.1511321092798
7366260,279.1511167960502
7366290,279.1511055760653
7366320,279.15109683509564
7366350,279.151090097896
7366380,279.1510868397974
7366410,279.15108692936315
7366440,279.15108804384033
7366470,279.15108709566624
7366500,279.1510841149645
7366530,279.15107237844114
7366560,279.15107043543094
7366590,279.15107152956415
7366620,279.15107054585803
7366650,279.1510744085351
7366680,279.1510788534888
7366710,279.1510815614121
7366740,279.15108311966964
7366770,279.1510855591134
7366800,279.1510872956076
7366830,279.1510858628176
7366860,279.1510696768167
7366890,279.1510598710304
7366920,279.1510648350314
7366950,279.15106854808215
7366980,279.1510717728206
7367010,279.1510731341028
7367040,279.15107539828557
7367070,279.1510772852361
7367100,279.15107909566046
7367130,279.1510812265995
7367160,279.1510838055484
7367190,279.15108705709474
7367220,279.1510881388454
7367250,279.1510850970659
7367280,279.151077618504
7367310,279.15108166638265
7367340,279.1510844682121
7367370,279.15108856051137
7367400,279.1511006428585
7367430,279.1510999035762
7367460,279.1510844053907
7367490,279.15109029846883
7367520,279.151102105613
7367550,279.15111726389694
7367580,279.15112048227166
7367610,279.1511182881598
7367640,279.1511132491147
7367670,279.151106298485
7367700,279.15109976052935
7367730,279.15109255880554
7367760,279.15108761217476
7367790,279.15108635488167
7367820,279.1510866668554
7367850,279.15108533561346
7367880,279.1510817822818
7367910,279.15107015210674
7367940,279.15107114021833
7367970,279.151084939025
7368000,279.151089717576
7368030,279.15108713185003
7368060,279.1510839235545
7368090,279.1510815966335
7368120,279.1510801171849
7368150,279.1510792576403
7368180,279.15107878022906
7368210,279.15107874202334
7368240,279.1510795991036
7368270,279.1510817016853
7368300,279.15108226960604
7368330,279.1510789181665
7368360,279.1510711661468
7368390,279.15106287961424
7368420,279.1510579070784
7368450,279.15105685063816
7368480,279.1510574131002
7368510,279.1510576457063
7368540,279.1510576652863
7368570,279.1510583038905
7368600,279.1510594867658
7368630,279.15105980209466
7368660,279.15105574034357
7368690,279.1510618516442
7368720,279.1510698933402
7368750,279.15107456462295
7368780,279.15107858937535
7368810,279.15108241400344
7368840,279.1510838650794
7368870,279.15108285890267
7368900,279.1510812092749
7368930,279.15107969248953
7368960,279.15107850297346
7368990,279.1510802038704
7369020,279.15108543177365
7369050,279.1510895920156
7369080,279.1510883632217
7369110,279.1510811735667
7369140,279.1510732337215
7369170,279.1510697007351
7369200,279.15107060565407
7369230,279.59851335397315
7369260,280.4287619706451
7369290,280.7514409979178
7369320,280.8573078774899
7369350,280.8949463345624
7369380,280.90864639204784
7369410,280.9142691906236
7369440,280.91746170918657
7369470,280.9248403653851
7369500,280.9359593863123
7369530,280.9560570783113
7369560,280.97298477281043
7369590,280.9819658626472
7369620,280.987847084802
7369650,280.99320549605227
7369680,280.99684660034546
7369710,280.99924753488904
7369740,281.0023720282933
7369770,281.0071466043726
7369800,281.01084542749874
7369830,280.3960840108339
7369860,280.3955728712244
7369890,280.3955726132615
7369920,280.3955726169527
7369950,280.3955726170061
7369980,280.3955726170028
7370010,280.3955726170028
7370040,280.3955726170028
7370070,280.3955726170028
7370100,280.3955726170028
7370130,280.3955726170028
7370160,280.3955726170028
7370190,280.3955726170028
7370220,280.3955726170028
7370250,280.3955726170028
7370280,280.3955726170028
7370310,280.3955726170028
7370340,280.3955726170028
7370370,280.3955726170028
7370400,280.3955726170028
7370430,286.57347874440825
7370460,284.3789095309157
7370490,282.3651192493914
7370520,281.5143870141156
7370550,281.1664824090172
7370580,281.0473574693135
7370610,281.00842563011156
7370640,280.99624310915567
7370670,280.9930548718725
7370700,280.9936450187479
7370730,281.00071501934815
7370760,281.0119786626316
7370790,281.0325442149108
7370820,281.0489207993079
7370850,281.0575994162365
7370880,281.064066687503
7370910,281.06901984890834
7370940,281.07208560204054
7370970,281.074105502399
7371000,281.0769327531335
7371030,280.44439323921665
7371060,280.44386253759455
7371090,280.4438611944841
7371120,280.44386119861
7371150,280.4438611985987
7371180,280.4438611985987
7371210,280.4438611985987
7371240,280.4438611985987
7371270,280.4438611985987
7371300,280.4438611985987
7371330,280.4438611985987
7371360,280.4438611985987
7371390,280.4438611985987
7371420,280.4438611985987
7371450,280.4438611985987
7371480,280.4438611985987
7371510,280.4438611985987
7371540,280.4438611985987
7371570,280.4438611985987
7371600,280.4438611985987
7371630,286.650493085695
7371660,284.4383978693844
7371690,282.4068957191748
7371720,281.5505247702914
7371750,281.2038697490661
7371780,281.08610827228193
7371810,281.0476659138838
7371840,281.0356541564821
7371870,281.03247060489434
7371900,281.0328998535712
7371930,281.039865748273
7371960,281.0522271981748
7371990,281.073717164858
7372020,281.0898392284549
7372050,281.0983978269445
7372080,281.1049913747756
7372110,281.1096766727749
7372140,281.1124938218623
7372170,281.1143881131439
7372200,281.1176802846864
7372230,280.4684984472217
7372260,280.4679788975486
7372290,280.4680029948284
7372320,280.4680030264793
7372350,280.4680030264574
7372380,280.4680030264574
7372410,280.4680030264574
7372440,280.4680030264574
7372470,280.4680030264574
7372500,280.4680030264574
7372530,280.4680030264574
7372560,280.4680030264574
7372590,280.4680030264574
7372620,280.4680030264574
7372650,280.4680030264574
7372680,280.4680030264574
7372710,280.4680030264574
7372740,280.4680030264574
7372770,280.4680030264574
7372800,280.4680030264574
7372830,286.70766124515336
7372860,284.4814568738189
7372890,282.43626748376965
7372920,281.5768209404992
7372950,281.2382430432018
7372980,281.1250667300261
7373010,281.08825381969996
7373040,281.0768415686464
7373070,281.0739302866833
7373100,281.0743964825097
7373130,281.08065776711396
7373160,281.09160400290807
7373190,281.1124421750133
7373220,281.13023247862054
7373250,281.13962419919613
7373280,281.14606456638415
7373310,281.1513496996645
7373340,281.1546725288921
7373370,281.1567828266815
7373400,281.1583789219772
7373430,280.49303004711635
7373460,280.4924614993109
7373490,280.49246003011103
7373520,280.49245994968425
7373550,280.49245995106634
7373580,280.49245995106634
7373610,280.49245995106634
7373640,280.49245995106634
7373670,280.49245995106634
7373700,280.49245995106634
7373730,280.49245995106634
7373760,280.49245995106634
7373790,280.49245995106634
7373820,280.49245995106634
7373850,280.49245995106634
7373880,280.49245995106634
7373910,280.49245995106634
7373940,280.49245995106634
7373970,280.49245995106634
7374000,280.49245995106634
7374030,286.7212489368012
7374060,284.4857518836214
7374090,282.43802824061237
7374120,281.5882672614867
7374150,281.2772188954526
7374180,281.181348596838
7374210,281.1530305785863
7374240,281.1453978044817
7374270,281.144266497694
7374300,281.14521103810176
7374330,281.14690089161195
7374360,281.1530377754911
7374390,281.1619070937005
7374420,281.1700012659114
7374450,281.1870732220782
7374480,281.2021664534324
7374510,281.21032917494404
7374540,281.21454743058337
7374570,281.218080996441
7374600,281.2227869979054
7374630,280.5364911265566
7374660,280.535896846505
7374690,280.53588993831494
7374720,280.53588993440195
7374750,280.53588993439996
7374780,280.53588993439996
7374810,280.53588993439996
7374840,280.53588993439996
7374870,280.53588993439996
7374900,280.53588993439996
7374930,280.53588993439996
7374960,280.53588993439996
7374990,280.53588993439996
7375020,280.53588993439996
7375050,280.53588993439996
7375080,280.53588993439996
7375110,280.53588993439996
7375140,280.53588993439996
7375170,280.53588993439996
7375200,280.53588993439996
7375230,286.72338419256334
7375260,284.4771023996877
7375290,282.43196311736784
7375320,281.60976421277866
7375350,281.3378481728118
7375380,281.25559691529133
7375410,281.2309412073015
7375440,281.22436764430677
7375470,281.22353465059524
7375500,281.22450694204076
7375530,281.226018998631
7375560,281.22768923048807
7375590,281.23054254897943
7375620,281.23846388483446
7375650,281.2463157960079
7375680,281.2511469617148
7375710,281.25476940350876
7375740,281.268050292615
7375770,281.28387931286574
7375800,281.29310280263985
7375830,280.58519038576816
7375860,280.58460379642804
7375890,280.58461315226197
7375920,280.58461311463225
7375950,280.58461311463225
7375980,280.58461311463225
7376010,280.58461311463225
7376040,280.58461311463225
7376070,280.58461311463225
7376100,280.58461311463225
7376130,280.58461311463225
7376160,280.58461311463225
7376190,280.58461311463225
7376220,280.58461311463225
7376250,280.58461311463225
7376280,280.58461311463225
7376310,280.58461311463225
7376340,280.58461311463225
7376370,280.58461311463225
7376400,280.58461311463225
7376430,286.75896245278665
7376460,284.49993481921194
7376490,282.45042191263474
7376520,281.6493091786254
7376550,281.3944633200898
7376580,281.3165722323222
7376610,281.293085206552
7376640,281.28677205835436
7376670,281.2858447801668
7376700,281.28660905922777
7376730,281.28790771639626
7376760,281.2893847021635
7376790,281.290919039968
7376820,281.29248068206977
7376850,281.2954721588908
7376880,281.30250692073594
7376910,281.3102908781229
7376940,281.3153879899947
7376970,281.318434988736
7377000,281.3205739728099
7377030,280.6026109276033
7377060,280.60198599355857
7377090,280.6019860130208
7377120,280.6019860130208
7377150,280.6019860130208
7377180,280.6019860130208
7377210,280.6019860130208
7377240,280.6019860130208
7377270,280.6019860130208
7377300,280.6019860130208
7377330,280.6019860130208
7377360,280.6019860130208
7377390,280.6019860130208
7377420,280.6019860130208
7377450,280.6019860130208
7377480,280.6019860130208
7377510,280.6019860130208
7377540,280.6019860130208
7377570,280.6019860130208
7377600,280.6019860130208
7377630,286.8189289186947
7377660,284.55236807700385
7377690,282.4891645822639
7377720,281.6941900346429
7377750,281.44463964482276
7377780,281.3686023909936
7377810,281.34599636933507
7377840,281.340174000235
7377870,281.3395879655794
7377900,281.3406367321028
7377930,281.34219793620406
7377960,281.34392048821746
7377990,281.34569544446947
7378020,281.3474883900748
7378050,281.3493010560874
7378080,281.35292411732706
7378110,281.36005658053386
7378140,281.3679916419366
7378170,281.3733984831278
7378200,281.37671893606347
7378230,280.6368764352109
7378260,280.636345151249
7378290,280.63634515124886
7378320,280.63634515124886
7378350,280.63634515124886
7378380,280.63634515124886
7378410,280.63634515124886
7378440,280.63634515124886
7378470,280.63634515124886
7378500,280.63634515124886
7378530,280.63634515124886
7378560,280.63634515124886
7378590,280.63634515124886
7378620,280.63634515124886
7378650,280.63634515124886
7378680,280.63634515124886
7378710,280.63634515124886
7378740,280.63634515124886
7378770,280.63634515124886
7378800,280.63634515124886
7378830,286.90058215990797
7378860,284.6151012029565
7378890,282.53395703147
7378920,281.74457704533114
7378950,281.49961628627636
7378980,281.4251172624595
7379010,281.40315901667014
7379040,281.39760177370573
7379070,281.39709130576773
7379100,281.3982150636226
7379130,281.399805093333
7379160,281.4015442800336
7379190,281.4033303814452
7379220,281.40512829111395
7379250,281.4069285651267
7379280,281.4087422463857
7379310,281.4124571762623
7379340,281.41921631383565
7379370,281.42712254005875
7379400,281.43284546140137
7379430,280.6705996458667
7379460,280.669951222718
7379490,280.6699507056389
7379520,280.66995071490186
7379550,280.6699507148879
7379580,280.66995071488776
7379610,280.66995071488776
7379640,280.66995071488776
7379670,280.66995071488776
7379700,280.66995071488776
7379730,280.66995071488776
7379760,280.66995071488776
7379790,280.66995071488776
7379820,280.66995071488776
7379850,280.66995071488776
7379880,280.66995071488776
7379910,280.66995071488776
7379940,280.66995071488776
7379970,280.66995071488776
7380000,280.66995071488776
7380030,286.98135414177153
7380060,284.67634202073236
7380090,282.5774137100649
7380120,281.793382007662
7380150,281.552158732503
7380180,281.4787916690305
7380210,281.4575248997418
7380240,281.4525216459298
7380270,281.4521301659475
7380300,281.45309834081314
7380330,281.4544886867862
7380360,281.45599807801784
7380390,281.4575382620988
7380420,281.45907791242604
7380450,281.4606116159827
7380480,281.4621343742374
7380510,281.4636461417229
7380540,281.465928399423
7380570,281.4708947741993
7380600,281.4772361421911
7380630,280.6965699018
7380660,280.69588378880553
7380690,280.69581969369574
7380720,280.69581941606344
7380750,280.69581941043174
7380780,280.69581941043174
7380810,280.69581941043174
7380840,280.69581941043174
7380870,280.69581941043174
7380900,280.69581941043174
7380930,280.69581941043174
7380960,280.69581941043174
7380990,280.69581941043174
7381020,280.69581941043174
7381050,280.69581941043174
7381080,280.69581941043174
7381110,280.69581941043174
7381140,280.69581941043174
7381170,280.69581941043174
7381200,280.69581941043174
7381230,287.04786215014445
7381260,284.72595983718185
7381290,282.6124074309446
7381320,281.83252373385983
7381350,281.5938409202969
7381380,281.52153525298195
7381410,281.501449680569
7381440,281.49633097339597
7381470,281.4956423950204
7381500,281.49633502694934
7381530,281.4974452342235
7381560,281.4986790535482
7381590,281.49995223780365
7381620,281.50123627455076
7381650,281.50252330689744
7381680,281.5038113113664
7381710,281.50509994203026
7381740,281.50638913273417
7381770,281.50769207258713
7381800,281.5106505635264
7381830,280.71521840656914
7381860,280.7145379480801
7381890,280.7145362562019
7381920,280.71453628491753
7381950,280.7145362853731
7381980,280.7145362853731
7382010,280.7145362853731
7382040,280.7145362853731
7382070,280.7145362853731
7382100,280.7145362853731
7382130,280.7145362853731
7382160,280.7145362853731
7382190,280.7145362853731
7382220,280.7145362853731
7382250,280.7145362853731
7382280,280.7145362853731
7382310,280.7145362853731
7382340,280.7145362853731
7382370,280.7145362853731
7382400,280.7145362853731
7382430,287.10295559221436
7382460,284.7688538195689
7382490,282.64338097211146
7382520,281.8680764658879
7382550,281.6320023965296
7382580,281.56185261726023
7382610,281.542563594878
7382640,281.537698690056
7382670,281.53721920629204
7382700,281.5380810151349
7382730,281.5393601309027
7382760,281.54077731685123
7382790,281.5422431304677
7382820,281.5437308829706
7382850,281.5452333558673
7382880,281.54674825697424
7382910,281.548275217803
7382940,281.5498143088163
7382970,281.5513657075416
7383000,281.5529297436468
7383030,280.73987840937997
7383060,280.73914415247134
7383090,280.739144151491
7383120,280.73914414948314
7383150,280.73914414947546
7383180,280.73914414947546
7383210,280.73914414947546
7383240,280.73914414947546
7383270,280.73914414947546
7383300,280.73914414947546
7383330,280.73914414947546
7383360,280.73914414947546
7383390,280.73914414947546
7383420,280.73914414947546
7383450,280.73914414947546
7383480,280.73914414947546
7383510,280.73914414947546
7383540,280.73914414947546
7383570,280.73914414947546
7383600,280.73914414947546
7383630,287.1701337112151
7383660,284.8215066393195
7383690,282.6822888994865
7383720,281.9135173468429
7383750,281.68153980358335
7383780,281.6152997260492
7383810,281.5979524612088
7383840,281.5948780095093
7383870,281.5962224547459
7383900,281.59905548587835
7383930,281.602453127
7383960,281.6061339129456
7383990,281.6100189859505
7384020,281.6140642397009
7384050,281.61827158779886
7384080,281.62262916020023
7384110,281.6271335021023
7384140,281.6317807531538
7384170,281.6365670042839
7384200,281.64148838835075
7384230,282.17831738673124
7384260,282.83880061198323
7384290,283.14729816945015
7384320,283.27736631131074
7384350,283.3328826823214
7384380,283.3596761016812
7384410,283.37583846128837
7384440,283.3882464428571
7384470,283.399425998641
7384500,283.41026728056704
7384530,283.4210921128487
7384560,283.4320178676199
7384590,283.4430825552183
7384620,283.45429543768404
7384650,283.4656553966516
7384680,283.47715942506136
7384710,283.48880056062274
7384740,283.50057333420483
7384770,283.51247110806526
7384800,283.52448782498215
7384830,283.48982759897035
7384860,283.43860462221045
7384890,283.4206454830922
7384920,283.4208103261796
7384950,283.428469968515
7384980,283.43902363781336
7385010,283.4506633481052
7385040,283.46277460386335
7385070,283.4750662662093
7385100,283.48745636540133
7385130,283.499907499993
7385160,283.51240619601333
7385190,283.52494227974006
7385220,283.5375100010505
7385250,283.5501012016121
7385280,283.56270945393254
7385310,283.5753289290202
7385340,283.58795397256483
7385370,283.60057876475
7385400,283.61319734876946
7385430,283.6177688566432
7385460,283.61940216776367
7385490,283.62687810980015
7385520,283.6373626604392
7385550,283.6490523566102
7385580,283.6611585348843
7385610,283.6734033435127
7385640,283.6856576410613
7385670,283.69787422043504
7385700,283.71003379579
7385730,283.7221262520782
7385760,283.734144430516
7385790,283.74608188493664
7385820,283.7579326983625
7385850,283.7696904176446
7385880,283.7813494858561
7385910,283.79290627333154
7385940,283.80435525599694
7385970,283.81568921446177
7386000,283.82690359013355
7386030,283.82691220598684
7386060,283.82290657800195
7386090,283.82674491985733
7386120,283.8346313805795
7386150,283.844564986353
7386180,283.8554381195818
7386210,283.8665316608709
7386240,283.8776297911463
7386270,283.8886183677201
7386300,283.899462791841
7386330,283.9101495959653
7386360,283.9206681405577
7386390,283.93100942648056
7386420,283.9411672637949
7386450,283.9511361334091
7386480,283.96091089102765
7386510,283.9704863418092
7386540,283.9798572122109
7386570,283.9890182423967
7386600,283.99796422091623
7386630,283.99874294570253
7386660,283.9963285784557
7386690,283.99928476282065
7386720,284.0050695374335
7386750,284.0119477349473
7386780,284.0191212102585
7386810,284.0262450078353
7386840,284.0331938864732
7386870,284.0399139385326
7386900,284.04638441882577
7386930,284.0525904545743
7386960,284.05852320486923
7386990,284.0641770975017
7387020,284.069547347378
7387050,284.0746290923807
7387080,284.079417362681
7387110,284.0839072094728
7387140,284.0880937599308
7387170,284.0919722056839
7387200,284.09553777523587
7387230,284.0959162936968
7387260,284.0950175892684
7387290,284.09594546259865
7387320,284.09779971413013
7387350,284.09997755561625
7387380,284.10219560343023
7387410,284.1043381764785
7387440,284.1063667491435
7387470,284.10826168584
7387500,284.1100203186096
7387530,284.1116412796001
7387560,284.113125829833
7387590,284.11447569102694
7387620,284.11569281021167
7387650,284.1167793062563
7387680,284.1177373638793
7387710,284.11856918275924
7387740,284.1192769777017
7387770,284.11986297981446
7387800,284.1203294347074
7387830,284.1237601699143
7387860,284.12822268155145
7387890,284.13038113171115
7387920,284.1312483200987
7387950,284.1314892981062
7387980,284.13142919151437
7388010,284.13138629202075
7388040,284.13235938205344
7388070,284.13393756502586
7388100,284.1357356354897
7388130,284.13758735902655
7388160,284.1394240574659
7388190,284.14121566170473
7388220,284.14295581050106
7388250,284.1446385445968
7388280,284.14626239679444
7388310,284.14782756209274
7388340,284.14933492775685
7388370,284.15078568629775
7388400,284.1521811917564
7388430,284.1594070462505
7388460,284.16879363409
7388490,284.174286843656
7388520,284.17745400404635
7388550,284.1794836774854
7388580,284.18098219125034
7388610,284.18221889492776
7388640,284.1833063278667
7388670,284.1843035487503
7388700,284.18524472937185
7388730,284.1861378136769
7388760,284.1869918785302
7388790,284.1883998556564
7388820,284.19165102036845
7388850,284.19608279219443
7388880,284.20111192248226
7388910,284.2064481780294
7388940,284.2119146132687
7388970,284.2174730071992
7389000,284.22302423711614
7389030,284.23045789363795
7389060,284.2386907716031
7389090,284.2457520677656
7389120,284.2520942421974
7389150,284.25799369430075
7389180,284.26365352863974
7389210,284.26916088842444
7389240,284.2745754110592
7389270,284.2799235839005
7389300,284.2852200110508
7389330,284.290471512006
7389360,284.2956809659658
7389390,284.30084939916094
7389420,284.3059772862136
7389450,284.3110649020934
7389480,284.31611226443437
7389510,284.3211191584101
7389540,284.32608525030196
7389570,284.33101016215335
7389600,284.3358934926203
7389630,284.33450617022754
7389660,284.3304935725453
7389690,284.3301162553418
7389720,284.33203980384616
7389750,284.33522323669763
7389780,284.33904953222554
7389810,284.34320358714876
7389840,284.34751059325197
7389870,284.35185838557624
7389900,284.35622323424025
7389930,284.3605652909868
7389960,284.3648834946238
7389990,284.3691521873025
7390020,284.3733820218844
7390050,284.37756725323584
7390080,284.3817043872116
7390110,284.38579375003457
7390140,284.3898348680555
7390170,284.39382667392215
7390200,284.39776859689175
7390230,284.39768319238095
7390260,284.39590244068927
7390290,284.3964229921168
7390320,284.3983900141662
7390350,284.4011354902883
7390380,284.40425912757956
7390410,284.40757023553414
7390440,284.4109529773728
7390470,284.414343542451
7390500,284.4177134115956
7390530,284.4210483136754
7390560,284.424339003509
7390590,284.42757932431897
7390620,284.43076585930226
7390650,284.43389709444
7390680,284.43697231728856
7390710,284.43999093515316
7390740,284.44295234278576
7390770,284.4458559998527
7390800,284.44870145119194
7390830,284.4482522912321
7390860,284.44640662364003
7390890,284.44645599142575
7390920,284.44761949313204
7390950,284.4495382245963
7390980,284.4517331689555
7391010,284.45409584847187
7391040,284.45648761043776
7391070,284.4589477445602
7391100,284.46138239055125
7391130,284.4638131129174
7391160,284.46622648125106
7391190,284.4686146718302
7391220,284.4709820765944
7391250,284.47332265205546
7391280,284.47564083590953
7391310,284.4779341062612
7391340,284.48020332743323
7391370,284.4824505138867
7391400,284.48467281263083
7391430,284.4845450295845
7391460,284.48340132810404
7391490,284.4836238217376
7391520,284.4847260867975
7391550,284.4863024488253
7391580,284.48811338376316
7391610,284.49003087948955
7391640,284.492008366657
7391670,284.49400299580867
7391700,284.4959955388001
7391730,284.49798133611205
7391760,284.49995589673244
7391790,284.5019169191638
7391820,284.50386330879445
7391850,284.5057946816484
7391880,284.5077110735058
7391910,284.5096127603831
7391940,284.5115001443944
7391970,284.5133736876045
7392000,284.51523387822056
7392030,284.5151234070458
7392060,284.51414058481697
7392090,284.51436810129076
7392120,284.51528178056515
7392150,284.51662364878007
7392180,284.518170939036
7392210,284.5198199148008
7392240,284.5215232591166
7392270,284.5232489826505
7392300,284.52498077871905
7392330,284.52671387061173
7392360,284.52844385207874
7392390,284.5301679855831
7392420,284.5318878673086
7392450,284.53360196406345
7392480,284.53531052536493
7392510,284.53701403108334
7392540,284.53871289923495
7392570,284.5404075269804
7392600,284.5420983681741
7392630,284.54207180766485
7392660,284.5412513512932
7392690,284.5415226007995
7392720,284.54242877525456
7392750,284.5436888270257
7392780,284.54514789879937
7392810,284.5467190211043
7392840,284.5483385013391
7392870,284.5499847974569
7392900,284.5516459158699
7392930,284.5533165923226
7392960,284.55499292444347
7392990,284.5566734814432
7393020,284.5583579458618
7393050,284.5600463632585
7393080,284.5617389771564
7393110,284.56343615026344
7393140,284.5651382899925
7393170,284.56684582236386
7393200,284.5685591945253
7393230,284.5685934768264
7393260,284.5678555329035
7393290,284.56820223293244
7393320,284.5691832872381
7393350,284.5705229234774
7393380,284.5720666396859
7393410,284.57372784897666
7393440,284.57544693764805
7393470,284.5772032047864
7393500,284.57898417391
7393530,284.5807830368746
7393560,284.58259686159147
7393590,284.5844245325636
7393620,284.5862658168978
7393650,284.58812081632266
7393680,284.5899897343074
7393710,284.5918728532545
7393740,284.593770541593
7393770,284.5956832268153
7393800,284.5976113631038
7393830,284.59770184243115
7393860,284.596971348778
7393890,284.5974067187924
7393920,284.5985491046878
7393950,284.60012406855935
7393980,284.60193668327145
7394010,284.6038644512078
7394040,284.60586669794685
7394070,284.60792114126724
7394100,284.6100105380399
7394130,284.6121286550698
7394160,284.61427228210084
7394190,284.6164397132191
7394220,284.6186302553515
7394250,284.62084380409357
7394280,284.6230805683821
7394310,284.6253409102
7394340,284.6276252616673
7394370,284.62993408449654
7394400,284.63226785151403
7394430,284.6323902766389
7394460,284.6316044917925
7394490,284.63224816060904
7394520,284.63383209113
7394550,284.6359848974745
7394580,284.63847939335244
7394610,284.64120101439397
7394640,284.64408811605983
7394670,284.6471092490981
7394700,284.6502499569463
7394730,284.6534844304235
7394760,284.65681103170874
7394790,284.6602274892648
7394820,284.66373105441124
7394850,284.66731860271256
7394880,284.67098697960597
7394910,284.6747334688192
7394940,284.67855573797704
7394970,284.68245159173847
7395000,284.6864188194416
7395030,284.6869422222509
7395060,284.6860787634331
7395090,284.6873670250045
7395120,284.6900432711566
7395150,284.6935058836185
7395180,284.6974191522911
7395210,284.70160345557935
7395240,284.705925406495
7395270,284.7103572064674
7395300,284.7148714670072
7395330,284.71944997753144
7395360,284.7240754264188
7395390,284.7287495011608
7395420,284.7334663550901
7395450,284.73822195460855
7395480,284.7430136630611
7395510,284.74783905864973
7395540,284.7526957272326
7395570,284.75758131190804
7395600,284.7624935214883
7395630,284.76236824542735
7395660,284.7601715510603
7395690,284.7609901659422
7395720,284.76376787097485
7395750,284.7676078020736
7395780,284.7720121003853
7395810,284.776703779164
7395840,284.7815663301467
7395870,284.7865137629129
7395900,284.79150442056823
7395930,284.7965202789878
7395960,284.8015471953714
7395990,284.8065769493441
7396020,284.8116048147546
7396050,284.8166273843926
7396080,284.8216418094002
7396110,284.8266455223932
7396140,284.83163608266676
7396170,284.83661111615174
7396200,284.8415683077677
7396230,284.8410247404382
7396260,284.8381967695226
7396290,284.83858617324057
7396320,284.84105956434666
7396350,284.8446056119449
7396380,284.8487379278221
7396410,284.8531609280897
7396440,284.8577079828696
7396470,284.86229119538467
7396500,284.8668807824491
7396530,284.87145216627846
7396560,284.8759902722149
7396590,284.88048701748386
7396620,284.88493778011264
7396650,284.8893392511728
7396680,284.89368856073094
7396710,284.89798304325154
7396740,284.90221822449087
7396770,284.9063914611366
7396800,284.9105090141058
7396830,284.90961047095493
7396860,284.90660459019034
7396890,284.90646295080165
7396920,284.90815209239526
7396950,284.91079062273326
7396980,284.91391153226806
7397010,284.91723433391223
7397040,284.9205937754911
7397070,284.923930993677
7397100,284.92723119507696
7397130,284.9304796804022
7397160,284.9336569650603
7397190,284.936748435286
7397220,284.93974780472365
7397250,284.94265319199985
7397280,284.9454628566058
7397310,284.9481740835811
7397340,284.9507839460402
7397370,284.9532899270899
7397400,284.95568986751977
7397430,284.9545895236264
7397460,284.9519741064544
7397490,284.9512855687418
7397520,284.9517548693147
7397550,284.9528179772519
7397580,284.95412681701816
7397610,284.9555092223092
7397640,284.9568663676134
7397670,284.95815293533826
7397700,284.9593406440569
7397730,284.96041154436307
7397760,284.96135655913395
7397790,284.96217084021754
7397820,284.9628509134195
7397850,284.9633937196166
7397880,284.9637964698287
7397910,284.9640566080923
7397940,284.96417174121603
7397970,284.96413957495065
7398000,284.96395787199066
7398030,284.96282320354067
7398060,284.9611293397784
7398090,284.9597886989795
7398120,284.9585842123784
7398150,284.9573767341707
7398180,284.95609842458055
7398210,284.95468909677373
7398240,284.953132707228
7398270,284.9514221057971
7398300,284.9495521743609
7398330,284.94752370103777
7398360,284.9453372433448
7398390,284.9429943780022
7398420,284.94049742297074
7398450,284.937848914399
7398480,284.9350513208049
7398510,284.93210702212633
7398540,284.9290183291017
7398570,284.9257874705529
7398600,284.92241660338243
7398630,284.92157551878955
7398660,284.92171274620773
7398690,284.92012703197054
7398720,284.91738183407193
7398750,284.9139316921983
7398780,284.91007871100646
7398810,284.90595129907706
7398840,284.90161204022036
7398870,284.8971266169457
7398900,284.8924932140412
7398930,284.8877505134087
7398960,284.8828859638154
7398990,284.8779042861718
7399020,284.8728161906563
7399050,284.86763556644115
7399080,284.8623511822957
7399110,284.8569636669017
7399140,284.8514905460006
7399170,284.84591368829734
7399200,284.84025312662703
7399230,284.84005875179247
7399260,284.84202509611066
7399290,284.8405847690927
7399320,284.8370076851147
7399350,284.83217855193686
7399380,284.82668092101375
7399410,284.8207827955586
7399440,284.81464934414754
7399470,284.8083661144587
7399500,284.80197226513394
7399530,284.7954936619088
7399560,284.78894500592196
7399590,284.7823340448034
7399620,284.77566595754905
7399650,284.76894494089186
7399680,284.76217423458064
7399710,284.75535695967545
7399740,284.74849600548004
7399770,284.74159400005016
7399800,284.73465350433685
7399830,284.7347950106641
7399860,284.7377832518443
7399890,284.7365265048559
7399920,284.73251441790643
7399950,284.7270116303829
7399980,284.72070911504534
7400010,284.7139717980699
7400040,284.70701752488134
7400070,284.6999303715901
7400100,284.6927701893828
7400130,284.6855714948891
7400160,284.67835137711205
7400190,284.67111859688964
7400220,284.6638786956041
7400250,284.6566360361699
7400280,284.649394395951
7400310,284.6421571231832
7400340,284.63492724110756
7400370,284.62770756139054
7400400,284.62050077954393
7400430,284.6208639441518
7400460,284.6243033702705
7400490,284.62326252325806
7400520,284.6194043176056
7400550,284.6140075409646
7400580,284.6078266325395
7400610,284.60121908808
7400640,284.5944060748033
7400670,284.5875129081775
7400700,284.58060591741565
7400730,284.5737191844188
7400760,284.5668554076935
7400790,284.5600255313238
7400820,284.5532402733808
7400850,284.5465038014668
7400880,284.5398200287729
7400910,284.53319244040034
7400940,284.52662415799654
7400970,284.5201180561392
7401000,284.5136768659463
7401030,284.5142350767849
7401060,284.51767998683005
7401090,284.5170749444724
7401120,284.51397608156475
7401150,284.50946680317674
7401180,284.50427059849955
7401210,284.49876417372855
7401240,284.49313845848786
7401270,284.48748456843487
7401300,284.4818671767492
7401330,284.47631560856786
7401360,284.4708442660233
7401390,284.4654637089823
7401420,284.460181099852
7401450,284.45500107487493
7401480,284.4499270738171
7401510,284.4449658925488
7401540,284.44012427584056
7401570,284.4353799955503
7401600,284.43075494192317
7401630,284.43158207505377
7401660,284.4346849260428
7401690,284.43472452041004
7401720,284.43278912043985
7401750,284.42983000924863
7401780,284.42634109999074
7401810,284.4225714295226
7401840,284.4186996833879
7401870,284.4147930413022
7401900,284.4108874503348
7401930,284.4070094640885
7401960,284.4031668752508
7401990,284.39936336817146
7402020,284.39560079740636
7402050,284.3918797303087
7402080,284.38819994453274
7402110,284.3845607701495
7402140,284.3809612995601
7402170,284.37740050630885
7402200,284.37387730816056
7402230,284.37402001351563
7402260,284.3756874094657
7402290,284.37522625172477
7402320,284.3734459262539
7402350,284.37094843533606
7402380,284.36805303257086
7402410,284.36499375392185
7402440,284.36183956593635
7402470,284.3586552764698
7402500,284.3554702533362
7402530,284.35229625184064
7402560,284.3491382629971
7402590,284.3459990380162
7402620,284.3428794147765
7402650,284.3397791272637
7402680,284.336697621481
7402710,284.333634239033
7402740,284.3305881341078
7402770,284.32755829914106
7402800,284.324543660107
7402830,284.32457465102794
7402860,284.32587139029374
7402890,284.32537136989623
7402920,284.3237484929016
7402950,284.3214967345225
7402980,284.3189156063755
7403010,284.3161721633384
7403040,284.31333524100245
7403070,284.31045903279323
7403100,284.3075585688975
7403130,284.30464504299607
7403160,284.3017260142532
7403190,284.2988051011849
7403220,284.2958818803178
7403250,284.29295610027214
7403280,284.29002641711935
7403310,284.2870929537611
7403340,284.2841539326994
7403370,284.28120938662124
7403400,284.27825693809007
7403430,284.27806182096657
7403460,284.27904311208283
7403490,284.2783338410539
7403520,284.2765832180868
7403550,284.27421784403464
7403580,284.2715477035583
7403610,284.2686822080095
7403640,284.26572317383784
7403670,284.2626990463927
7403700,284.2596313363976
7403730,284.25653264843476
7403760,284.2534071396718
7403790,284.2502562614343
7403820,284.2470803374636
7403850,284.2438793487146
7403880,284.2406526735877
7403910,284.23739932099335
7403940,284.23411825176527
7403970,284.23080844046007
7404000,284.22746882535205
7404030,284.227052505581
7404060,284.2278762384826
7404090,284.2268743616656
7404120,284.2247260107954
7404150,284.22191309203083
7404180,284.2187280579365
7404210,284.21534077796804
7404240,284.211821866175
7404270,284.20820800013126
7404300,284.20452815265264
7404330,284.2007920141134
7404360,284.19700488911946
7404390,284.19316915739785
7404420,284.1892860644954
7404450,284.18535565850635
7404480,284.1813771741911
7404510,284.1773495483225
7404540,284.17327165306284
7404570,284.1691423627391
7404600,284.1649605577389
7404630,284.16430026818404
7404660,284.1650513324588
7404690,284.1636306243398
7404720,284.1608135598638
7404750,284.15718712032003
7404780,284.15310467507646
7404810,284.1487358124339
7404840,284.1442075512236
7404870,284.13955319859156
7404900,284.1348037663478
7404930,284.1299762201353
7404960,284.12507105484997
7404990,284.1200951390887
7405020,284.1150485730016
7405050,284.1099296214251
7405080,284.1047413933765
7405110,284.09947848676177
7405140,284.0941445240985
7405170,284.08873483086626
7405200,284.0832503885237
7405230,283.7269088950374
7405260,282.51456260266815
7405290,281.713650348231
7405320,281.12460414758783
7405350,280.6683422813901
7405380,280.3160046926149
7405410,280.0446695161131
7405440,279.8360924419288
7405470,279.67598228551424
7405500,279.55319691467656
7405530,279.45910418632
7405560,279.3870416718414
7405590,279.3318651022586
7405620,279.2896370368724
7405650,279.2573354210218
7405680,279.23262238414765
7405710,279.2137184276095
7405740,279.19926684647936
7405770,279.1882197276303
7405800,279.1797671098485
7405830,279.1734998596151
7405860,279.16876688136813
7405890,279.16507789404534
7405920,279.16221920710956
7405950,279.1600070670168
7405980,279.15829548912313
7406010,279.15697054731777
7406040,279.155936279479
7406070,279.1551513881134
7406100,279.15453588161614
7406130,279.1540633222331
7406160,279.1536956235611
7406190,279.15341182805554
7406220,279.1531923009965
7406250,279.15302272036377
7406280,279.15289063534067
7406310,279.15278881993817
7406340,279.1527099130523
7406370,279.1526487969071
7406400,279.15260131942114
7406430,279.1525650700917
7406460,279.15253761644595
7406490,279.15251603994875
7406520,279.1524988765205
7406550,279.15248552564043
7406580,279.152475425054
7406610,279.15246757154506
7406640,279.15246098560283
7406670,279.15245587134115
7406700,279.1524521257069
7406730,279.1524489614897
7406760,279.15244638345285
7406790,279.15244434464535
7406820,279.15244189561963
7406850,279.1524397543337
7406880,279.15243810856595
7406910,279.15243618937143
7406940,279.15243438948266
7406970,279.1524338108988
7407000,279.15243456881706
7407030,279.15243577828187
7407060,279.1524362541017
7407090,279.1524363201316
7407120,279.152436348768
7407150,279.15243648148964
7407180,279.15243666791287
7407210,279.1524368552534
7407240,279.1524371475734
7407270,279.15243751377966
7407300,279.15243775317174
7407330,279.1524377447032
7407360,279.1524375937304
7407390,279.1524375021412
7407420,279.1524375834969
7407450,279.15243782111753
7407480,279.1524381468261
7407510,279.1524385128644
7407540,279.1524389044548
7407570,279.1524393185924
7407600,279.1524397497772
7407630,279.152438915998
7407660,279.1524350517521
7407690,279.15243337426216
7407720,279.1524335732361
7407750,279.1524342597673
7407780,279.1524346275759
7407810,279.1524345474549
7407840,279.1524347209455
7407870,279.1524353077683
7407900,279.152435141951
7407930,279.1524350427528
7407960,279.1524355506449
7407990,279.15243737080834
7408020,279.1524384344134
7408050,279.15243826899894
7408080,279.15243784948876
7408110,279.1524371183714
7408140,279.152436736123
7408170,279.1524365055978
7408200,279.15243623284846
7408230,279.152436374057
7408260,279.15243672565913
7408290,279.1524365347317
7408320,279.1524367067915
7408350,279.15243764494045
7408380,279.1524388750381
7408410,279.15243927572794
7408440,279.1524391309489
7408470,279.15243968034906
7408500,279.1524408604335
7408530,279.1524420989456
7408560,279.1524430702955
7408590,279.15244368528624
7408620,279.1524412141139
7408650,279.15243902780827
7408680,279.1524388200358
7408710,279.15243911062737
7408740,279.1524392668929
7408770,279.152439329271
7408800,279.1524395747511
7408830,279.1524395983663
7408860,279.1524394175944
7408890,279.1524434652614
7408920,279.1524474509754
7408950,279.1524472354192
7408980,279.1524451419156
7409010,279.15244336568713
7409040,279.15244271219035
7409070,279.15244271865384
7409100,279.15243371833066
7409130,279.1524309547141
7409160,279.15243712107537
7409190,279.1524379307812
7409220,279.1524350470191
7409250,279.1524374179583
7409280,279.15244125492734
7409310,279.1524432434379
7409340,279.15244066218685
7409370,279.15243817855304
7409400,279.1524390074245
7409430,279.1524406622438
7409460,279.1524409180349
7409490,279.1524400866553
7409520,279.1524407255422
7409550,279.15244330268024
7409580,279.15244075211814
7409610,279.1524366024604
7409640,279.152434705513
7409670,279.1524333166188
7409700,279.1524329902203
7409730,279.15243327154485
7409760,279.1524333420079
7409790,279.15243467152516
7409820,279.15244074305565
7409850,279.15244004455633
7409880,279.15243784014376
7409910,279.1524363986425
7409940,279.15243300059893
7409970,279.1524316581672
7410000,279.1524407773063
7410030,279.15243698913775
7410060,279.15243119493124
7410090,279.15243205356217
7410120,279.152437350847
7410150,279.1524424061728
7410180,279.1524429381595
7410210,279.15244051756133
7410240,279.15243798844915
7410270,279.1524370644216
7410300,279.1524388277216
7410330,279.1524422970854
7410360,279.1524451872553
7410390,279.1524460942326
7410420,279.1524438890472
7410450,279.15243563119276
7410480,279.1524333296577
7410510,279.15243057768697
7410540,279.15243120138837
7410570,279.15243358938255
7410600,279.1524374198632
7410630,279.1524386887274
7410660,279.1524387696379
7410690,279.152442201218
7410720,279.1524430755545
7410750,279.1524424029216
7410780,279.15244189757857
7410810,279.15244071467725
7410840,279.15244060313546
7410870,279.15243755643894
7410900,279.15242443146894
7410930,279.1524257319814
7410960,279.15242872972823
7410990,279.152433845622
7411020,279.15243463813954
7411050,279.1524312887257
7411080,279.1524227544577
7411110,279.15241729996563
7411140,279.1524181707384
7411170,279.15242669386373
7411200,279.15243500881746
7411230,279.1524325235767
7411260,279.1524289014624
7411290,279.152428877158
7411320,279.1524301301039
7411350,279.1524316823517
7411380,279.15243017096816
7411410,279.15242860575273
7411440,279.1524277699398
7411470,279.1524286515566
7411500,279.1524332850919
7411530,279.1524372243977
7411560,279.1524419526776
7411590,279.15244500892203
7411620,279.15244288373816
7411650,279.1524402248862
7411680,279.1524387158679
7411710,279.15244358598835
7411740,279.1524486116756
7411770,279.152449229911
7411800,279.1524463297727
7411830,279.15244244564127
7411860,279.15243998146923
7411890,279.1524366119677
7411920,279.1524323233359
7411950,279.1524303805962
7411980,279.15242364803646
7412010,279.1524139911592
7412040,279.1524135381878
7412070,279.1524136001011
7412100,279.15241339472107
7412130,279.1524151593166
7412160,279.1524188155108
7412190,279.152424996978
7412220,279.1524311313215
7412250,279.152433730268
7412280,279.152433401211
7412310,279.15243280109723
7412340,279.1524334314572
7412370,279.1524329439764
7412400,279.15243166958595
7412430,279.15312405686296
7412460,279.1539226567311
7412490,279.1546836763047
7412520,279.15561703732374
7412550,279.15657347713295
7412580,279.1575198369658
7412610,279.1584662481574
7412640,279.1594125926969
7412670,279.160358991877
7412700,279.16130534393903
7412730,279.1622517321506
7412760,279.1631981610188
7412790,279.164144508728
7412820,279.16509091719143
7412850,279.1660372030354
7412880,279.16698357686744
7412910,279.16792990297677
7412940,279.16887623585853
7412970,279.16982261052556
7413000,279.17076890333055
7413030,279.1717152898884
7413060,279.1726616071982
7413090,279.1736079048806
7413120,279.1745542034166
7413150,279.17550049453223
7413180,279.1764467770399
7413210,279.1773930546641
7413240,279.17833932645334
7413270,279.1792855917959
7413300,279.1802318511606
7413330,279.18117810477673
7413360,279.18212435225973
7413390,279.1830705932861
7413420,279.18401682795104
7413450,279.18496305651723
7413480,279.1859092792001
7413510,279.18685549605453
7413540,279.18780170693316
7413570,279.1887479116177
7413600,279.1896941099787
7413630,279.19064030182045
7413660,279.19158648759174
7413690,279.1925326672175
7413720,279.19347884072135
7413750,279.1944250081471
7413780,279.1953711694657
7413810,279.19631732461414
7413840,279.1972634736578
7413870,279.1982096166544
7413900,279.19915575363007
7413930,279.200101884496
7413960,279.20104800914044
7413990,279.2019941276245
7414020,279.2029402400302
7414050,279.20388634640585
7414080,279.20483244668594
7414110,279.20577854086287
7414140,279.2067246288948
7414170,279.20767071075414
7414200,279.20861678641654
7414230,279.20956285610083
7414260,279.21050891693386
7414290,279.2114549678694
7414320,279.2124010222821
7414350,279.21334708450036
7414380,279.2142931459802
7414410,279.21523919650036
7414440,279.216185227588
7414470,279.2171312441691
7414500,279.2180772552885
7414530,279.2190232644222
7414560,279.2199692688748
7414590,279.22091526532324
7414620,279.22186125426344
7414650,279.2228072378137
7414680,279.2237532163671
7414710,279.22469918874924
7414740,279.22564515432276
7414770,279.2265911136515
7414800,279.2275370673033
7414830,279.228483015066
7414860,279.22942895679876
7414890,279.23037489175505
7414920,279.23132082098715
7414950,279.23226674483834
7414980,279.2332126626831
7415010,279.2341585738204
7415040,279.23510447876237
7415070,279.23605037744966
7415100,279.23699626977884
7415130,279.2379421559193
7415160,279.23888803579194
7415190,279.23983390941515
7415220,279.2407797768794
7415250,279.2417256382259
7415280,279.242671493464
7415310,279.24361734259105
7415340,279.2445631856272
7415370,279.24550902261103
7415400,279.24645485352374
7415430,279.2474006775047
7415460,279.2483464957542
7415490,279.2492923081721
7415520,279.2502381150782
7415550,279.2511839161886
7415580,279.2521297110288
7415610,279.2530754994282
7415640,279.25402128150023
7415670,279.2549670573575
7415700,279.25591282710707
7415730,279.2568585907395
7415760,279.25780434826726
7415790,279.25875009965955
7415820,279.2596958448659
7415850,279.2606415839327
7415880,279.2615873169097
7415910,279.26253304382254
7415940,279.2634787646453
7415970,279.26442447935847
7416000,279.2653701879602
7416030,279.26631588919656
7416060,279.2672615656655
7416090,279.26820678072346
7416120,279.2691509101071
7416150,279.27009412750283
7416180,279.2710379028487
7416210,279.2719840233705
7416240,279.2729298882847
7416270,279.27387325858047
7416300,279.27481660027837
7416330,279.2757599735055
7416360,279.27670402992504
7416390,279.27765015807046
7416420,279.27859586011556
7416450,279.2795405572408
7416480,279.28048509067975
7416510,279.28143048816435
7416540,279.282376251485
7416570,279.2833219519543
7416600,279.2842674963143
7416630,279.2852129055545
7416660,279.2861582015301
7416690,279.28710491207147
7416720,279.28805257431037
7416750,279.2890003089287
7416780,279.2899482868514
7416810,279.2908969228285
7416840,279.29184672395263
7416870,279.2927922490722
7416900,279.29373768432606
7416930,279.2946834990479
7416960,279.29562806684606
7416990,279.29657305933364
7417020,279.29751640764977
7417050,279.29845223044515
7417080,279.29938997378963
7417110,279.3003342717447
7417140,279.3012795439892
7417170,279.3022221910283
7417200,279.3031655573122
7417230,279.3041067425587
7417260,279.3050487494202
7417290,279.30599169849916
7417320,279.3069277578022
7417350,279.3078646707185
7417380,279.308813072784
7417410,279.3097583181558
7417440,279.31070550516324
7417470,279.31164929149134
7417500,279.3125918895565
7417530,279.3135308568923
7417560,279.3144531214431
7417590,279.31536799579237
7417620,279.31629404747224
7417650,279.3172345613799
7417680,279.3181790725175
7417710,279.31912468423116
7417740,279.32007205229985
7417770,279.3210145870784
7417800,279.3219574622984
7417830,279.32290257402246
7417860,279.32384727037845
7417890,279.3247909694304
7417920,279.32573489870595
7417950,279.3266787520261
7417980,279.32762288133426
7418010,279.32856709583206
7418040,279.3295113394264
7418070,279.3304557642775
7418100,279.3314003365014
7418130,279.33234503520725
7418160,279.333285879737
7418190,279.33422015860066
7418220,279.3351602867269
7418250,279.3361049765498
7418280,279.3370501921124
7418310,279.3379949742873
7418340,279.3389396543266
7418370,279.33988469427845
7418400,279.3408301848405
7418430,279.3417759624034
7418460,279.34272179740674
7418490,279.34366729790685
7418520,279.34461290500275
7418550,279.3455592790071
7418580,279.3465075036622
7418610,279.3474702783105
7418640,279.3484200028452
7418670,279.3493629763016
7418700,279.35030620605954
7418730,279.3512508463651
7418760,279.35219561604015
7418790,279.35314096642696
7418820,279.35408741896566
7418850,279.3550315928228
7418880,279.35597134770245
7418910,279.35691192338834
7418940,279.3578555392556
7418970,279.3588010228372
7419000,279.35974825328077
7419030,279.36069665862715
7419060,279.3616428455612
7419090,279.3625889333207
7419120,279.3635358797758
7419150,279.3644815839475
7419180,279.36542752308327
7419210,279.36637559438606
7419240,279.3673229624785
7419270,279.36826854334294
7419300,279.3692132268959
7419330,279.3701593885574
7419360,279.3711070221765
7419390,279.3720578589822
7419420,279.37300567452246
7419450,279.37394141812393
7419480,279.37485734751044
7419510,279.37575477731883
7419540,279.3766394206594
7419570,279.37751515773016
7419600,279.3783815080051
7419630,279.3792531852394
7419660,279.38018030891607
7419690,279.3811268647827
7419720,279.382070312435
7419750,279.38301280084016
7419780,279.38395599503235
7419810,279.38489919529155
7419840,279.3858423450202
7419870,279.38678628889727
7419900,279.3877313610139
7419930,279.3886766404909
7419960,279.3896216145717
7419990,279.3905662932245
7420020,279.39151084789984
7420050,279.3924553800842
7420080,279.3933999109891
7420110,279.394344434565
7420140,279.39528894531605
7420170,279.39623344167825
7420200,279.39717792348443
7420230,279.39812245060926
7420260,279.3990675609601
7420290,279.4000113582415
7420320,279.4009522257542
7420350,279.40189194854406
7420380,279.40283386139555
7420410,279.4037767714445
7420440,279.4047160499441
7420470,279.4056522025029
7420500,279.40659252913605
7420530,279.40753799760466
7420560,279.40848337026677
7420590,279.4094289713532
7420620,279.41037386993617
7420650,279.4113178962015
7420680,279.4122634632441
7420710,279.41320814612374
7420740,279.4141532756969
7420770,279.41509861352324
7420800,279.4160432605287
7420830,279.41698850742114
7420860,279.41793159861845
7420890,279.4188751540501
7420920,279.41981939655494
7420950,279.4207638663777
7420980,279.4217084049728
7421010,279.42265294153214
7421040,279.4235974620229
7421070,279.42454196961285
7421100,279.425486467688
7421130,279.42643095729767
7421160,279.42737543839644
7421190,279.4283199107358
7421220,279.42926437407186
7421250,279.4302088282062
7421280,279.4311532730063
7421310,279.43209770838257
7421340,279.43304213423073
7421370,279.43398655041506
7421400,279.4349309567708
7421430,279.4358753503414
7421460,279.43681973464817
7421490,279.4377641190439
7421520,279.43870954965513
7421550,279.43965328774897
7421580,279.44059665064896
7421610,279.4415396589085
7421640,279.44248303572334
7421670,279.4434260062228
7421700,279.4443693291727
7421730,279.44531222037716
7421760,279.4462554829497
7421790,279.4471982946891
7421820,279.44814149750204
7421850,279.4490853676594
7421880,279.45002938136247
7421910,279.4509735272635
7421940,279.45191772509656
7421970,279.4528607111492
7422000,279.45380063615914
7422030,279.4547391929809
7422060,279.45568140229807
7422090,279.4566228644155
7422120,279.457564997212
7422150,279.45850863684393
7422180,279.4594525674053
7422210,279.4603965920844
7422240,279.4613406434491
7422270,279.4622846922831
7422300,279.4632287357199
7422330,279.464172771152
7422360,279.46511679542596
7422390,279.4660608064629
7422420,279.4670048031264
7422450,279.46794878481217
7422480,279.468892751185
7422510,279.4698367020177
7422540,279.4707806371548
7422570,279.4717245566535
7422600,279.4726684606145
7422630,279.4736123543798
7422660,279.4745562366036
7422690,279.4755001033431
7422720,279.4764440847625
7422750,279.4773889609462
7422780,279.47833328494437
7422810,279.4792772590292
7422840,279.4802210343059
7422870,279.48116481079177
7422900,279.48210857267776
7422930,279.4830523168927
7422960,279.48399604369916
7422990,279.4849381224227
7423020,279.48587576828294
7423050,279.4868078028975
7423080,279.48773557094984
7423110,279.4886613147877
7423140,279.4895865658119
7423170,279.4905118843069
7423200,279.49143733545526
7423230,279.4923675560298
7423260,279.49330625813815
7423290,279.4942488979723
7423320,279.4951914163366
7423350,279.4961285733959
7423380,279.4970688141202
7423410,279.49801155407505
7423440,279.4989542646315
7423470,279.49989493271147
7423500,279.5008374937744
7423530,279.5017812628077
7423560,279.50272535314986
7423590,279.5036693647923
7423620,279.5046132432914
7423650,279.505557040991
7423680,279.5065008334121
7423710,279.50744470379874
7423740,279.50838873755805
7423770,279.50933301919736
7423800,279.51027763253757
7423830,279.51122194779566
7423860,279.5121653292229
7423890,279.51310812848385
7423920,279.5140507464387
7423950,279.51499333420986
7423980,279.5159358771272
7424010,279.516878390536
7424040,279.51782275997317
7424070,279.5187709181532
7424100,279.5197226813465
7424130,279.5206767069602
7424160,279.521632151286
7424190,279.5225889299567
7424220,279.5235472219082
7424250,279.5245071710938
7424280,279.52546887244193
7424310,279.52643241491666
7424340,279.5273978924209
7424370,279.52836540059315
7424400,279.52933503531665
7424430,279.5302997983698
7424460,279.5312499766964
7424490,279.53219300592446
7424520,279.53313432456787
7424550,279.53407582097105
7424580,279.53501759882795
7424610,279.5359594522192
7424640,279.53690129105195
7424670,279.53784310781583
7424700,279.5387849116787
7424730,279.539726709159
7424760,279.5406685046089
7424790,279.54161030236145
7424820,279.5425521073362
7424850,279.54349392493305
7424880,279.54443576082343
7424910,279.5453776208365
7424940,279.5463195109531
7424970,279.5472614373372
7425000,279.5482034062967
7425030,279.5491452108468
7425060,279.55008675394026
7425090,279.55102817268096
7425120,279.55196951562823
7425150,279.5529108281244
7425180,279.5538521258212
7425210,279.5547934203371
7425240,279.5557347196952
7425270,279.5566760271905
7425300,279.55761734479904
7425330,279.5585586760631
7425360,279.5595000261747
7425390,279.5604414008301
7425420,279.56138280555297
7425450,279.5623242456562
7425480,279.56326572633054
7425510,279.56420725278724
7425540,279.5651488302173
7425570,279.5660904637637
7425600,279.56703215846113
7425630,279.56797374281956
7425660,279.56891506509476
7425690,279.5698562980812
7425720,279.5707975277684
7425750,279.5717387739318
7425780,279.5726800332704
7425810,279.57362130585574
7425840,279.57456260109586
7425870,279.57550392973286
7425900,279.57644529894634
7425930,279.57738671310983
7425960,279.5783281757988
7425990,279.57926969058104
7426020,279.5802112610514
7426050,279.58115289072134
7426080,279.58209458288013
7426110,279.5830363405914
7426140,279.5839781667401
7426170,279.58492006400024
7426200,279.5858620348099
7426230,279.5868039602588
7426260,279.587745718477
7426290,279.5886874147886
7426320,279.5896289977658
7426350,279.59057205374853
7426380,279.59151455309734
7426410,279.5924565283986
7426440,279.59339843204083
7426470,279.59434040906655
7426500,279.59528245789613
7426530,279.5962245713634
7426560,279.5971667497631
7426590,279.5981089958965
7426620,279.5990513123906
7426650,279.5999937014617
7426680,279.6009361650699
7426710,279.60187870497197
7426740,279.60282132295526
7426770,279.6037640212106
7426800,279.60470680218015
7426830,279.6056496926812
7426860,279.6065927342356
7426890,279.6075360896841
7426920,279.6084797779919
7426950,279.6094237901871
7426980,279.61036811155384
7427010,279.6113127236065
7427040,279.61225760069306
7427070,279.6132027552999
7427100,279.6141482155084
7427130,279.61509397540124
7427160,279.6160399990738
7427190,279.6169862785905
7427220,279.6179328255259
7427250,279.61887962923055
7427280,279.61982667263055
7427310,279.620773942663
7427340,279.6217214164196
7427370,279.6226690787467
7427400,279.6236169221229
7427430,279.6245649635927
7427460,279.6255131396055
7427490,279.6264614426589
7427520,279.62740986945505
7427550,279.62835838518964
7427580,279.6293069757636
7427610,279.6302556482572
7427640,279.63120439727106
7427670,279.6321531971233
7427700,279.6331020166656
7427730,279.6340508304818
7427760,279.63499964741305
7427790,279.63594848642333
7427820,279.6368973418642
7427850,279.63784618700146
7427880,279.63879499467623
7427910,279.6397437467152
7427940,279.6406924316632
7427970,279.6416410405043
7428000,279.642589564732
7428030,279.6435379877896
7428060,279.64448632060476
7428090,279.6454345438828
7428120,279.64638263471204
7428150,279.64733058475923
7428180,279.64827838671073
7428210,279.64922602757787
7428240,279.65017349152714
7428270,279.6511207639573
7428300,279.65206783274624
7428330,279.6530146882564
7428360,279.65396132392476
7428390,279.6549077376717
7428420,279.6558539337614
7428450,279.65679992496575
7428480,279.6577457348792
7428510,279.6586914003089
7428540,279.65963697378197
7428570,279.66058252620417
7428600,279.6615280071826
7428630,279.6624732276176
7428660,279.66341720117236
7428690,279.6643613608173
7428720,279.66530578381327
7428750,279.6662502362169
7428780,279.66719455147773
7428810,279.6681387027951
7428840,279.6690827352552
7428870,279.67002670684525
7428900,279.67097058823765
7428930,279.6719143137177
7428960,279.6728578886229
7428990,279.673801400073
7429020,279.67474483938673
7429050,279.6756881270796
7429080,279.67663124958585
7429110,279.67757426409446
7429140,279.6785171951739
7429170,279.6794599356872
7429200,279.68040245427005
7429230,279.68134482772757
7429260,279.6822871848436
7429290,279.6832294794806
7429320,279.68417167514616
7429350,279.68511371096565
7429380,279.68605558277073
7429410,279.6869973414001
7429440,279.68793901713104
7429470,279.6888805984046
7429500,279.68982199506576
7429530,279.69076311730737
7429560,279.691704038601
7429590,279.69264489894755
7429620,279.6935857514044
7429650,279.6945265677024
7429680,279.6954673175429
7429710,279.6964080059267
7429740,279.69734866526755
7429770,279.6982893392539
7429800,279.69923007396164
7429830,279.70017092143104
7429860,279.7011118988458
7429890,279.702053043867
7429920,279.70299438598806
7429950,279.70393591593455
7429980,279.7048775940357
7430010,279.70581943295093
7430040,279.7067614384891
7430070,279.7077035977664
7430100,279.70864588655627
7430130,279.70958828423267
7430160,279.71053077309926
7430190,279.7114733276591
7430220,279.71241591687203
7430250,279.71335853934477
7430280,279.7143012098367
7430310,279.71524392680897
7430340,279.71618667100967
7430370,279.7171294221017
7430400,279.71807216757134
7430430,279.719014915869
7430460,279.7199576968274
7430490,279.72090051983304
7430520,279.721843384408
7430550,279.7227862838774
7430580,279.72372921366514
7430610,279.7246721708111
7430640,279.7256151530277
7430670,279.7265581582279
7430700,279.7275011844182
7430730,279.72844422973895
7430760,279.72938729244026
7430790,279.7303303708887
7430820,279.73127346357046
7430850,279.7322165690813
7430880,279.73315968610194
7430910,279.7341028133589
7430940,279.735045949709
7430970,279.7359890941772
7431000,279.73693224590284
7431030,279.73787565187047
7431060,279.7388190530586
7431090,279.7397614035852
7431120,279.74070039169527
7431150,279.74163880624405
7431180,279.74257686480445
7431210,279.74351543235974
7431240,279.7444494979027
7431270,279.74539042441563
7431300,279.7463363629006
7431330,279.7472805935921
7431360,279.74822582133453
7431390,279.74917281802493
7431420,279.75011792201354
7431450,279.75106167247066
7431480,279.7520052197523
7431510,279.75295246673016
7431540,279.7539032976536
7431570,279.754851455455
7431600,279.75580160946436
7431630,279.7567478546246
7431660,279.75769157787914
7431690,279.75863499541595
7431720,279.7595783974595
7431750,279.76052182497443
7431780,279.7614652765051
7431810,279.7624087488607
7431840,279.7633522432003
7431870,279.76429533174183
7431900,279.76523799627506
7431930,279.76618070507703
7431960,279.76712374318276
7431990,279.76806701377495
7432020,279.76901039022283
7432050,279.7699538564714
7432080,279.77089741251285
7432110,279.7718410228232
7432140,279.77278463871454
7432170,279.7737282142032
7432200,279.7746717529419
7432230,279.77561528820587
7432260,279.7765588381241
7432290,279.77750231734257
7432320,279.7784457155284
7432350,279.77938906748625
7432380,279.7803323492365
7432410,279.78127556378575
7432440,279.78221874551576
7432470,279.7831618745278
7432500,279.78410486903726
7432530,279.78504764982773
7432560,279.7859901869673
7432590,279.7869325011454
7432620,279.787874643354
7432650,279.7888166747483
7432680,279.7897586526523
7432710,279.7907006217648
7432740,279.79164260921266
7432770,279.79258462239517
7432800,279.79352458602983
7432830,279.79446270328333
7432860,279.79540298800094
7432890,279.7963449254477
7432920,279.7972872843668
7432950,279.79822951359114
7432980,279.7991716079984
7433010,279.8001136098213
7433040,279.80105553132563
7433070,279.8019973571933
7433100,279.8029390602836
7433130,279.8038806103408
7433160,279.8048219750763
7433190,279.8057631187119
7433220,279.806704001094
7433250,279.80764480149276
7433280,279.8085857559254
7433310,279.8095269032993
7433340,279.81046811921385
7433370,279.81140927431744
7433400,279.8123503020714
7433430,279.81329121724275
7433460,279.8142321073071
7433490,279.8151729410811
7433520,279.81611368366396
7433550,279.8170543188582
7433580,279.8179948411418
7433610,279.8189352463844
7433640,279.8198755295926
7433670,279.82081568411195
7433700,279.82175569760096
7433730,279.82269554273125
7433760,279.8236352097906
7433790,279.82457469202427
7433820,279.82551398485737
7433850,279.8264530820272
7433880,279.8273919656039
7433910,279.82833060677933
7433940,279.8292689733213
7433970,279.830207033055
7434000,279.8311447526139
7434030,279.8320820766865
7434060,279.83301900804514
7434090,279.83395424963396
7434120,279.83488744978087
7434150,279.8358215033535
7434180,279.8367561866352
7434210,279.8376907785807
7434240,279.83862491549735
7434270,279.8395585298099
7434300,279.8404916421408
7434330,279.84142428679115
7434360,279.8423565062975
7434390,279.843288349269
7434420,279.84421986407784
7434450,279.84515109376144
7434480,279.84608207287414
7434510,279.8470128255405
7434540,279.84794336487045
7434570,279.8488736586715
7434600,279.84980370134684
7434630,279.85073350158365
7434660,279.85166311061096
7434690,279.8525923250348
7434720,279.8535212438836
7434750,279.8544490135504
7434780,279.8553717914868
7434810,279.85629649504796
7434840,279.85722335535445
7434870,279.85814989980815
7434900,279.85907622522024
7434930,279.86000624761914
7434960,279.8609370355869
7434990,279.86185408628506
7435020,279.86277131696727
7435050,279.8636942276318
7435080,279.864618465587
7435110,279.86554207666535
7435140,279.86646516385554
7435170,279.86738613812275
7435200,279.8682843472379
7435230,279.86919752615205
7435260,279.8701179367697
7435290,279.8710345419825
7435320,279.87195046582525
7435350,279.8728661807159
7435380,279.8737821895532
7435410,279.8746989192396
7435440,279.87561670535905
7435470,279.8765356437612
7435500,279.87745571892225
7435530,279.87837680260486
7435560,279.8792984031469
7435590,279.88022045868615
7435620,279.8811434272068
7435650,279.88206793391225
7435680,279.8829943449013
7435710,279.8839227871436
7435740,279.88485325662873
7435770,279.8857856165512
7435800,279.88671933932267
7435830,279.8876537274748
7435860,279.88858775648225
7435890,279.8895203918755
7435920,279.8904509500409
7435950,279.8913809544201
7435980,279.89231105250343
7436010,279.89324142634257
7436040,279.89417208777894
7436070,279.89510304423646
7436100,279.8960343228667
7436130,279.8969659611454
7436160,279.89789800299314
7436190,279.8988304991512
7436220,279.89976350809934
7436250,279.90069709713146
7436280,279.90163134388956
7436310,279.90256631749776
7436340,279.9035021744697
7436370,279.9044389987679
7436400,279.9053770110542
7436430,279.90631653204696
7436460,279.90725789453404
7436490,279.9082017960184
7436520,279.90914876395624
7436550,279.91009943565786
7436580,279.91105499575065
7436610,279.91201664419714
7436640,279.9129849620603
7436670,279.91395939843625
7436700,279.9149380920902
7436730,279.91591762858735
7436760,279.91689421353664
7436790,279.917866386421
7436820,279.9188366447253
7436850,279.919804189021
7436880,279.92076928336013
7436910,279.921732101542
7436940,279.92269092956576
7436970,279.92364708952033
7437000,279.9246034118383
7437030,279.9255595811176
7437060,279.9265151751414
7437090,279.92746997558174
7437120,279.92842425318764
7437150,279.9293781500796
7437180,279.93033173402506
7437210,279.9312850605232
7437240,279.9322381805999
7437270,279.93319113542407
7437300,279.93414395760743
7437330,279.9350966744634
7437360,279.9360493095147
7437390,279.9370018960888
7437420,279.93795445141916
7437450,279.9389069814546
7437480,279.9398595091964
7437510,279.94081207407174
7437540,279.9417646619259
7437570,279.94271723016084
7437600,279.9436697700052
7437630,279.9446222683136
7437660,279.9455745968675
7437690,279.94652662066375
7437720,279.94747832630026
7437750,279.9484297066348
7437780,279.94938074506564
7437810,279.9503314227379
7437840,279.95128172730614
7437870,279.9522316520721
7437900,279.953181191824
7437930,279.95413034137255
7437960,279.9550790964407
7437990,279.9560274544989
7438020,279.9569754895647
7438050,279.95792328177123
7438080,279.95887082828494
7438110,279.9598180685159
7438140,279.9607649567404
7438170,279.9617114809235
7438200,279.962657643286
7438230,279.9636034105926
7438260,279.964548884031
7438290,279.96549398595135
7438320,279.96643871419536
7438350,279.9673830737148
7438380,279.9683270672918
7438410,279.9692706948747
7438440,279.9702139562462
7438470,279.9711568519624
7438500,279.9720993832555
7438530,279.97304155190363
7438560,279.97398336032086
7438590,279.9749248116846
7438620,279.97586591011117
7438650,279.9768066712384
7438680,279.9777471177951
7438710,279.9786872684337
7438740,279.97962713613197
7438770,279.9805667337329
7438800,279.9815060770186
7438830,279.9824451240025
7438860,279.98338376840655
7438890,279.9843221777544
7438920,279.9852603912125
7438950,279.9861984094593
7438980,279.987136203438
7439010,279.98807374198196
7439040,279.98901102669356
7439070,279.98994808920145
7439100,279.9908849695502
7439130,279.9918216625262
7439160,279.99275814064987
7439190,279.9936944061177
7439220,279.9946304968636
7439250,279.99556642327207
7439280,279.9965021712776
7439310,279.997437747992
7439340,279.9983731931772
7439370,279.999308509378
7439400,280.00024367146506
7439430,280.0011786513685
7439460,280.00211278097925
7439490,280.00304823914087
7439520,280.00398302493124
7439550,280.00491761449115
7439580,280.005852129304
7439610,280.0067865112448
7439640,280.00772075648405
7439670,280.0086549195237
7439700,280.0095890593047
7439730,280.01052321195226
7439760,280.0114573878715
7439790,280.01239157192333
7439820,280.01332571887906
7439850,280.01425974539774
7439880,280.0151935199386
7439910,280.0161268505279
7439940,280.0170598267069
7439970,280.01799272481503
7440000,280.01892566901745
7440030,280.0198586419867
7440060,280.0207915163404
7440090,280.0217242455319
7440120,280.0226562032328
7440150,280.0235864239118
7440180,280.0245165667557
7440210,280.02544790493766
7440240,280.02638017758943
7440270,280.02731185977404
7440300,280.028243320981
7440330,280.0291740379186
7440360,280.03010260823885
7440390,280.031031780323
7440420,280.03196085892
7440450,280.03289105052033
7440480,280.0338186294704
7440510,280.0347449055794
7440540,280.0356741406745
7440570,280.03660328433915
7440600,280.0375313912793
7440630,280.0384586640349
7440660,280.03938552725947
7440690,280.04031185654406
7440720,280.04123754457953
7440750,280.0421626418453
7440780,280.0430872977552
7440810,280.04401165598483
7440840,280.04493594261265
7440870,280.0458604130923
7440900,280.04678526351546
7440930,280.0477107466476
7440960,280.0486372692633
7440990,280.0495663262467
7441020,280.0505065299057
7441050,280.0514402303743
7441080,280.0523737958984
7441110,280.05331024775927
7441140,280.05424940828755
7441170,280.05519147298224
7441200,280.0561365358946
7441230,280.0570844596993
7441260,280.058034215222
7441290,280.05898449659935
7441320,280.0599340735805
7441350,280.06088586185956
7441380,280.06185130327316
7441410,280.06280535655884
7441440,280.06375142546153
7441470,280.06470122958433
7441500,280.0656601526152
7441530,280.06662552552757
7441560,280.06760056733697
7441590,280.0685880846107
7441620,280.0695849807971
7441650,280.07058810625716
7441680,280.0715935882671
7441710,280.07259755767217
7441740,280.0735984021157
7441770,280.0745953403868
7441800,280.07558813777064
7441830,280.07657708749224
7441860,280.0775634682332
7441890,280.0785476395116
7441920,280.0795298907399
7441950,280.0805103811222
7441980,280.08148913407354
7442010,280.0824662203947
7442040,280.0834418645292
7442070,280.08441304319825
7442100,280.0853763931914
7442130,280.0863426021303
7442160,280.08730876554586
7442190,280.08827078433046
7442220,280.089228446806
7442250,280.0901790267401
7442280,280.09112341339323
7442310,280.092064978066
7442340,280.09300224185455
7442370,280.0939345627712
7442400,280.0948615529958
7442430,280.09578269239955
7442460,280.09669732971764
7442490,280.09760328402035
7442520,280.09849193964675
7442550,280.0993410485474
7442580,280.10016828947045
7442610,280.1010403970344
7442640,280.10193698792654
7442670,280.1028364779836
7442700,280.1037216864301
7442730,280.104660142909
7442760,280.1056701530426
7442790,280.10667692241236
7442820,280.1076840870356
7442850,280.10872062742084
7442880,280.1098123277779
7442910,280.1108700454693
7442940,280.11187899442285
7442970,280.1128694905598
7443000,280.1138466919919
7443030,280.1148061901721
7443060,280.11575913589144
7443090,280.1167095034494
7443120,280.1176525575458
7443150,280.11858922962455
7443180,280.11952061955316
7443210,280.120447141293
7443240,280.12136945360277
7443270,280.12228818746166
7443300,280.123201896526
7443330,280.12411202838445
7443360,280.12502041693364
7443390,280.1259249204603
7443420,280.1268230323495
7443450,280.127709306839
7443480,280.1285827521119
7443510,280.1294565518905
7443540,280.1303705457785
7443570,280.13136267791936
7443600,280.13239509408885
7443630,280.1334195754809
7443660,280.1344283286843
7443690,280.1354253989047
7443720,280.13641223755775
7443750,280.1373912731302
7443780,280.1383640426162
7443810,280.1393368264117
7443840,280.1403051962378
7443870,280.1412585499196
7443900,280.14222350621145
7443930,280.14317935796146
7443960,280.1441329550775
7443990,280.14508611051633
7444020,280.1460344887181
7444050,280.1469781401671
7444080,280.14791900915014
7444110,280.14885792367687
7444140,280.1497950388963
7444170,280.15073048628915
7444200,280.15166448156793
7444230,280.1525970944618
7444260,280.15352856407293
7444290,280.1544587552911
7444320,280.15538746931867
7444350,280.1563144288173
7444380,280.1572391977761
7444410,280.1581612567568
7444440,280.15908012138885
7444470,280.15999603652403
7444500,280.1609114199385
7444530,280.16182995504937
7444560,280.1627537707638
7444590,280.16368222182535
7444620,280.16461435551787
7444650,280.16554909835907
7444680,280.1664877692927
7444710,280.16743737841824
7444740,280.1683749902697
7444770,280.1692593634218
7444800,280.17017395791447
7444830,280.17111634229576
7444860,280.1720593773062
7444890,280.17300234837273
7444920,280.17394498116425
7444950,280.17488617305406
7444980,280.175827859744
7445010,280.1767708927011
7445040,280.1777151013824
7445070,280.17865964741355
7445100,280.17960070699587
7445130,280.180542899249
7445160,280.1814880804926
7445190,280.18243382016226
7445220,280.1833803169435
7445250,280.1843280058429
7445280,280.18527398961226
7445310,280.18622073821314
7445340,280.18716973750566
7445370,280.1881165206037
7445400,280.1890616309778
7445430,280.19000754326686
7445460,280.1909523110324
7445490,280.1918967654024
7445520,280.1928413923555
7445550,280.1937862646594
7445580,280.1947312849036
7445610,280.1956764784113
7445640,280.1966218706822
7445670,280.19756747930376
7445700,280.19851331654746
7445730,280.1994594178794
7445760,280.2004057362858
7445790,280.20135223518395
7445820,280.2022989369941
7445850,280.20324585400635
7445880,280.20419294512504
7445910,280.20514014092714
7445940,280.2060873709575
7445970,280.2070345688654
7446000,280.2079816717622
7446030,280.20892861392343
7446060,280.2098753086879
7446090,280.2108219098809
7446120,280.2117682939122
7446150,280.2127132056468
7446180,280.2136575410838
7446210,280.21460628530605
7446240,280.2155601709962
7446270,280.21652567075927
7446300,280.217498623127
7446330,280.21846069307304
7446360,280.21942559027553
7446390,280.220385607162
7446420,280.22133530971786
7446450,280.22227959870287
7446480,280.22322239661986
7446510,280.22416519513047
7446540,280.22510809821654
7446570,280.22605093570917
7446600,280.2269936174331
7446630,280.2279361047045
7446660,280.22887844102956
7446690,280.2298206463417
7446720,280.2307627383607
7446750,280.23170471198677
7446780,280.23264657379735
7446810,280.2335883539347
7446840,280.2345300883451
7446870,280.23547180249665
7446900,280.23641350871475
7446930,280.2373552104747
7446960,280.2382969066553
7446990,280.23923859397615
7447020,280.2401802682211
7447050,280.24112192504504
7447080,280.2420635604875
7447110,280.243005171253
7447140,280.24394675486076
7447170,280.2448883096497
7447200,280.2458298347439
7447230,280.24677103994344
7447260,280.24771172442524
7447290,280.2486521255431
7447320,280.24959238529533
7447350,280.25053259207215
7447380,280.2514727709473
7447410,280.25241291815263
7447440,280.2533530272387
7447470,280.25429309669744
7447500,280.25523312817944
7447530,280.2561731238102
7447560,280.25711308525354
7447590,280.25805301382326
7447620,280.258992910657
7447650,280.2599327767727
7447680,280.2608726130857
7447710,280.2618124204385
7447740,280.26275219957785
7447770,280.2636919512036
7447800,280.26463167597234
7447830,280.2655713446258
7447860,280.2665109492568
7447890,280.26745014170854
7447920,280.2683893029705
7447950,280.26932867242164
7447980,280.2702681584546
7448010,280.27120765149925
7448040,280.27214711206716
7448070,280.27308654369494
7448100,280.2740259555573
7448130,280.27496535154773
7448160,280.2759047325285
7448190,280.27684409889076
7448220,280.2777834511736
7448250,280.2787227899283
7448280,280.2796621155764
7448310,280.28060142839735
7448340,280.2815424899116
7448370,280.2824853174669
7448400,280.28342556530407
7448430,280.28436149403086
7448460,280.2852973858181
7448490,280.2862359873239
7448520,280.2871749850498
7448550,280.2881140490155
7448580,280.2890531524751
7448610,280.28999225298764
7448640,280.29093132994194
7448670,280.2918703801035
7448700,280.2928094041002
7448730,280.2937484021173
7448760,280.29468737408996
7448790,280.29562632007134
7448820,280.29656524019316
7448850,280.2975041345966
7448880,280.29844300338783
7448910,280.29938369985535
7448940,280.30032797453885
7448970,280.30127546632576
7449000,280.3022245375877
7449030,280.3031709339068
7449060,280.3041123015286
7449090,280.30505157932635
7449120,280.3059903868724
7449150,280.306928881181
7449180,280.30786498656346
7449210,280.30880276592876
7449240,280.30974295411096
7449270,280.3106823151734
7449300,280.3116210253369
7449330,280.31255948985273
7449360,280.313497922588
7449390,280.31443636193177
7449420,280.31537479252194
7449450,280.31631320265205
7449480,280.317251589637
7449510,280.31818995382866
7449540,280.31912829576777
7449570,280.3200666158201
7449600,280.32100491424063
7449630,280.32194205388157
7449660,280.32287944069367
7449690,280.32381744755145
7449720,280.324755592356
7449750,280.32569426315627
7449780,280.3266321102171
7449810,280.32757111713556
7449840,280.32851242438085
7449870,280.3294520210659
7449900,280.33039043934286
7449930,280.33132865506525
7449960,280.33226677306686
7449990,280.3332048409083
7450020,280.3341428695425
7450050,280.3350808771572
7450080,280.33601887106994
7450110,280.33695685143255
7450140,280.33789481750597
7450170,280.3388327695788
7450200,280.33977070839865
7450230,280.34070862903087
7450260,280.3416465343148
7450290,280.3425844280212
7450320,280.3435223155597
7450350,280.3444601954913
7450380,280.3453980667425
7450410,280.34633592951667
7450440,280.3472737847085
7450470,280.3482116333297
7450500,280.34914947635303
7450530,280.35008731469725
7450560,280.35102514929633
7450590,280.3519629811081
7450620,280.35290081114437
7450650,280.353838640449
7450680,280.35477647006525
7450710,280.3557143010642
7450740,280.356652134528
7450770,280.35758997157643
7450800,280.3585278133634
7450830,280.3594663660634
7450860,280.36040485885553
7450890,280.3613429841211
7450920,280.36228094171025
7450950,280.36321884753573
7450980,280.36415674657593
7451010,280.36509465374417
7451040,280.36603257420285
7451070,280.36697051036
7451100,280.3679084639646
7451130,280.3688464366881
7451160,280.36978442773983
7451190,280.37072243826634
7451220,280.37166047025073
7451250,280.3725985256744
7451280,280.3735366050886
7451310,280.37447471000917
7451340,280.3754128426344
7451370,280.3763510037871
7451400,280.3772891947266
7451430,280.37822741483615
7451460,280.3791656680883
7451490,280.3801039477581
7451520,280.381042268393
7451550,280.3819806283241
7451580,280.38291902462737
7451610,280.3838574563662
7451640,280.3847959239612
7451670,280.38573442848934
7451700,280.38667297104394
7451730,280.38761155240496
7451760,280.38855017304763
7451790,280.3894888333019
7451820,280.3904275333946
7451850,280.3913662734263
7451880,280.3923050533871
7451910,280.3932444634507
7451940,280.39418380209406
7451970,280.39512027647567
7452000,280.3960507885725
7452030,280.24908245391583
7452060,279.9984846098212
7452090,279.78400322708274
7452120,279.6257190072243
7452150,279.5074895894175
7452180,279.4188270860004
7452210,279.3523111847755
7452240,279.30240922081197
7452270,279.2649654615007
7452300,279.2368704961969
7452330,279.2157899304735
7452360,279.19997408286235
7452390,279.1881057051885
7452420,279.17919821601146
7452450,279.17251524404116
7452480,279.1675005214982
7452510,279.16373824148627
7452540,279.1609347780337
7452570,279.1588747485132
7452600,279.15730341072253
7452630,279.15612175308434
7452660,279.15522235740735
7452690,279.1545389096978
7452720,279.15402249606893
7452750,279.15363652519204
7452780,279.1533451694378
7452810,279.1531241680072
7452840,279.15295470095697
7452870,279.1528295122063
7452900,279.15273259052884
7452930,279.1526609534837
7452960,279.1526069106208
7452990,279.152563348161
7453020,279.1525286054829
7453050,279.1525033522162
7453080,279.1524826328815
7453110,279.1524639728552
7453140,279.1524533831356
7453170,279.1524451256056
7453200,279.15243591939634
7453230,279.15243234871605
7453260,279.15242726045284
7453290,279.15242524530765
7453320,279.15242615243534
7453350,279.15242653548006
7453380,279.15242711336793
7453410,279.1524278736056
7453440,279.15242880279584
7453470,279.1524294801798
7453500,279.15243000573514
7453530,279.1524301989434
7453560,279.15242889453737
7453590,279.1524289088706
7453620,279.15243153982505
7453650,279.1524322728409
7453680,279.1524331862065
7453710,279.1524328064537
7453740,279.15243261149266
7453770,279.152434404244
7453800,279.15243546538136
7453830,279.1524344832074
7453860,279.1524319870158
7453890,279.15243164524077
7453920,279.1524325291055
7453950,279.152433141078
7453980,279.15243342127485
7454010,279.1524335774228
7454040,279.15243340914503
7454070,279.15243296619525
7454100,279.15243274659457
7454130,279.15243264696346
7454160,279.1524322918773
7454190,279.15243292759624
7454220,279.1524338191155
7454250,279.1524350316982
7454280,279.1524369578
7454310,279.152437797004
7454340,279.1524373862076
7454370,279.15243539412467
7454400,279.1524360378083
7454430,279.15243781106864
7454460,279.15243574874694
7454490,279.15243496350564
7454520,279.15243521720276
7454550,279.15243507143913
7454580,279.15243459772717
7454610,279.15243442630833
7454640,279.15243419091837
7454670,279.1524336333568
7454700,279.15243309269255
7454730,279.15243146398035
7454760,279.15242779295073
7454790,279.15242170540466
7454820,279.15241402940023
7454850,279.15240566505037
7454880,279.1523967199607
7454910,279.1523876044631
7454940,279.1523782833135
7454970,279.15236844667845
7455000,279.15235855984844
7455030,279.15235271967
7455060,279.1523618327883
7455090,279.152378832247
7455120,279.1523919683499
7455150,279.1523998529811
7455180,279.15240501879543
7455210,279.15241062252164
7455240,279.15241507548836
7455270,279.1524177528218
7455300,279.1524198298517
7455330,279.1524225485601
7455360,279.15242375830786
7455390,279.15242424220105
7455420,279.15242511024826
7455450,279.152425744561
7455480,279.15242611093964
7455510,279.15242542765714
7455540,279.15242229356755
7455570,279.1524209786944
7455600,279.15242222320774
7455630,279.2055713414451
7455660,279.19415229544745
7455690,279.195119729886
7455720,279.19641777226207
7455750,279.19777969679654
7455780,279.1993369711137
7455810,279.2013734089825
7455840,279.2031671626179
7455870,279.2051831967106
7455900,279.2082113616422
7455930,279.21119477837516
7455960,279.2142130823829
7455990,279.21716145628426
7456020,279.22004424536107
7456050,279.22292127470206
7456080,279.2258368466411
7456110,279.228815398433
7456140,279.2318694274192
7456170,279.23500436924536
7456200,279.23822207652296
7456230,279.22302910606595
7456260,279.22320692432913
7456290,279.2232091011723
7456320,279.2232092731073
7456350,279.22320925464857
7456380,279.22320924908627
7456410,279.223209249114
7456440,279.22320925047796
7456470,279.22320925023547
7456500,279.22320925023547
7456530,279.22320925023547
7456560,279.22320925023547
7456590,279.22320925023547
7456620,279.22320925023547
7456650,279.22320925023547
7456680,279.22320925023547
7456710,279.22320925023547
7456740,279.22320925023547
7456770,279.22320925023547
7456800,279.22320925023547
7456830,283.92195249733936
7456860,282.08384469273625
7456890,280.56186158815893
7456920,279.8910102433971
7456950,279.57462141339016
7456980,279.42653097390365
7457010,279.35792132320034
7457040,279.3279705931544
7457070,279.31712818696303
7457100,279.31457839096015
7457130,279.31577468018946
7457160,279.3184713972833
7457190,279.32175738650096
7457220,279.3252960068942
7457250,279.32895280810925
7457280,279.3326691517688
7457310,279.336418593063
7457340,279.34018828095634
7457370,279.3439710658155
7457400,279.34776354018817
7457430,279.294457185651
7457460,279.2946077110998
7457490,279.2946060654259
7457520,279.29460603867005
7457550,279.2946060406644
7457580,279.29460604066605
7457610,279.29460604066605
7457640,279.29460604066605
7457670,279.29460604066605
7457700,279.29460604066605
7457730,279.29460604066605
7457760,279.29460604066605
7457790,279.29460604066605
7457820,279.29460604066605
7457850,279.29460604066605
7457880,279.29460604066605
7457910,279.29460604066605
7457940,279.29460604066605
7457970,279.29460604066605
7458000,279.29460604066605
7458030,284.1674449991689
7458060,282.3084607121594
7458090,280.73966544890175
7458120,280.0460824236284
7458150,279.71821772521065
7458180,279.5642878144236
7458210,279.49323114267753
7458240,279.46393563752906
7458270,279.45471821246093
7458300,279.4534622620353
7458330,279.455235801061
7458360,279.4579406394862
7458390,279.46091835289866
7458420,279.46396929395246
7458450,279.4670254105403
7458480,279.47005918568703
7458510,279.4730581243092
7458540,279.4760158417995
7458570,279.4789289015945
7458600,279.48179472461925
7458630,279.38953237698496
7458660,279.3896197947881
7458690,279.38962318180364
7458720,279.3896231947304
7458750,279.3896231947304
7458780,279.3896231947304
7458810,279.3896231947304
7458840,279.3896231947304
7458870,279.3896231947304
7458900,279.3896231947304
7458930,279.3896231947304
7458960,279.3896231947304
7458990,279.3896231947304
7459020,279.3896231947304
7459050,279.3896231947304
7459080,279.3896231947304
7459110,279.3896231947304
7459140,279.3896231947304
7459170,279.3896231947304
7459200,279.3896231947304
7459230,284.31797953863537
7459260,282.4375214954711
7459290,280.8444997063093
7459320,280.14075103125407
7459350,279.8083105987811
7459380,279.65177392819385
7459410,279.57876001808717
7459440,279.5471454312743
7459470,279.53701969818235
7459500,279.53519559686697
7459530,279.5357902530875
7459560,279.53676224371554
7459590,279.53768727413706
7459620,279.5385247504414
7459650,279.5392889748336
7459680,279.53999297833224
7459710,279.54064433627076
7459740,279.54124710487866
7459770,279.54180361936653
7459800,279.54231546181467
7459830,279.43168691992537
7459860,279.4317377291261
7459890,279.431755387835
7459920,279.431755351828
7459950,279.431755351828
7459980,279.431755351828
7460010,279.431755351828
7460040,279.431755351828
7460070,279.431755351828
7460100,279.431755351828
7460130,279.431755351828
7460160,279.431755351828
7460190,279.431755351828
7460220,279.431755351828
7460250,279.431755351828
7460280,279.431755351828
7460310,279.431755351828
7460340,279.431755351828
7460370,279.431755351828
7460400,279.431755351828
7460430,284.3575661836521
7460460,282.4641666610951
7460490,280.8634947876385
7460520,280.1558364457914
7460550,279.8210289369296
7460580,279.6627447733375
7460610,279.58802764018236
7460640,279.5534794098925
7460670,279.5397823571252
7460700,279.5371335693607
7460730,279.5377206436604
7460760,279.5385121295832
7460790,279.5388073978661
7460820,279.53872264773673
7460850,279.5384292126638
7460880,279.53802941067437
7460910,279.5375747786982
7460940,279.53708998412475
7460970,279.5365868794625
7461000,279.536071254432
7461030,279.4268950909047
7461060,279.42694485011134
7461090,279.4269450016893
7461120,279.42694535544223
7461150,279.42694535544223
7461180,279.42694535544223
7461210,279.42694535544223
7461240,279.42694535544223
7461270,279.42694535544223
7461300,279.42694535544223
7461330,279.42694535544223
7461360,279.42694535544223
7461390,279.42694535544223
7461420,279.42694535544223
7461450,279.42694535544223
7461480,279.42694535544223
7461510,279.42694535544223
7461540,279.42694535544223
7461570,279.42694535544223
7461600,279.42694535544223
7461630,284.33695845299303
7461660,282.44271889801956
7461690,280.8448721531804
7461720,280.1380338689792
7461750,279.8033412095128
7461780,279.6449833466689
7461810,279.57000433565355
7461840,279.5350255198036
7461870,279.5192740565294
7461900,279.514317132611
7461930,279.5153405613589
7461960,279.51739158096325
7461990,279.51889670660046
7462020,279.51962373020285
7462050,279.5198645960519
7462080,279.51986832554314
7462110,279.5197723422697
7462140,279.5196446193716
7462170,279.5195170675168
7462200,279.51940504784613
7462230,279.4151898180221
7462260,279.4152404677898
7462290,279.4152391435559
7462320,279.4152392262139
7462350,279.4152392262139
7462380,279.4152392262139
7462410,279.4152392262139
7462440,279.4152392262139
7462470,279.4152392262139
7462500,279.4152392262139
7462530,279.4152392262139
7462560,279.4152392262139
7462590,279.4152392262139
7462620,279.4152392262139
7462650,279.4152392262139
7462680,279.4152392262139
7462710,279.4152392262139
7462740,279.4152392262139
7462770,279.4152392262139
7462800,279.4152392262139
7462830,284.33069889941135
7462860,282.44149608440625
7462890,280.8458240411204
7462920,280.14067602760883
7462950,279.8075427011624
7462980,279.65075812182846
7463010,279.57732548039047
7463040,279.54371888116657
7463070,279.5294095863576
7463100,279.5244206146977
7463130,279.5252089519447
7463160,279.5302077519668
7463190,279.5352396462979
7463220,279.53962982864135
7463250,279.5431649515149
7463280,279.5460747876552
7463310,279.54868083659386
7463340,279.55118188579326
7463370,279.5536791452505
7463400,279.55621806068365
7463430,279.4418891710791
7463460,279.4418757912918
7463490,279.44192627030594
7463520,279.4419264270277
7463550,279.4419264270277
7463580,279.4419264270277
7463610,279.4419264270277
7463640,279.4419264270277
7463670,279.4419264270277
7463700,279.4419264270277
7463730,279.4419264270277
7463760,279.4419264270277
7463790,279.4419264270277
7463820,279.4419264270277
7463850,279.4419264270277
7463880,279.4419264270277
7463910,279.4419264270277
7463940,279.4419264270277
7463970,279.4419264270277
7464000,279.4419264270277
7464030,284.43993524490696
7464060,282.5560087266002
7464090,280.9473846692644
7464120,280.2394398279053
7464150,279.90747428817934
7464180,279.7531349090476
7464210,279.6824246562126
7464240,279.65154378170234
7464270,279.6400385208122
7464300,279.63781624342914
7464330,279.64094068145613
7464360,279.64945466989906
7464390,279.6582410482679
7464420,279.6657162899743
7464450,279.67220125734644
7464480,279.67763363141955
7464510,279.68238050052184
7464540,279.6867717020293
7464570,279.69099455838324
7464600,279.6951378307438
7464630,279.54024766568995
7464660,279.54022710771596
7464690,279.54025040627647
7464720,279.54025003495445
7464750,279.54025003495445
7464780,279.54025003495445
7464810,279.54025003495445
7464840,279.54025003495445
7464870,279.54025003495445
7464900,279.54025003495445
7464930,279.54025003495445
7464960,279.54025003495445
7464990,279.54025003495445
7465020,279.54025003495445
7465050,279.54025003495445
7465080,279.54025003495445
7465110,279.54025003495445
7465140,279.54025003495445
7465170,279.54025003495445
7465200,279.54025003495445
7465230,284.6406054494363
7465260,282.7396990660502
7465290,281.0999783883952
7465320,280.38054701157915
7465350,280.04481031256375
7465380,279.88924734339594
7465410,279.8184667148368
7465440,279.79011468300104
7465470,279.78192548498157
7465500,279.78185708926895
7465530,279.78543459012474
7465560,279.793383119865
7465590,279.8038912223239
7465620,279.81183147447297
7465650,279.8177875919047
7465680,279.82302876847666
7465710,279.8272614094304
7465740,279.8307362258487
7465770,279.833786733312
7465800,279.8365994181175
7465830,279.6385667147196
7465860,279.6385294626017
7465890,279.6385294730941
7465920,279.638529473922
7465950,279.63852947392195
7465980,279.63852947392195
7466010,279.63852947392195
7466040,279.63852947392195
7466070,279.63852947392195
7466100,279.63852947392195
7466130,279.63852947392195
7466160,279.63852947392195
7466190,279.63852947392195
7466220,279.63852947392195
7466250,279.63852947392195
7466280,279.63852947392195
7466310,279.63852947392195
7466340,279.63852947392195
7466370,279.63852947392195
7466400,279.63852947392195
7466430,284.76918088382183
7466460,282.8398165886959
7466490,281.1763273120614
7466520,280.44564472985775
7466550,280.1035977573134
7466580,279.9436909311633
7466610,279.8728027581116
7466640,279.84411246385537
7466670,279.8334570762041
7466700,279.82924870935875
7466730,279.82745848947053
7466760,279.82787216419507
7466790,279.8320512987408
7466820,279.83431916922495
7466850,279.83352465282275
7466880,279.831085612076
7466910,279.8287720526226
7466940,279.82612281700943
7466970,279.8226997656886
7467000,279.81869888441065
7467030,279.6237065838844
7467060,279.6237305038065
7467090,279.6237321067272
7467120,279.6237322130987
7467150,279.62373221213477
7467180,279.62373221213477
7467210,279.62373221213477
7467240,279.62373221213477
7467270,279.62373221213477
7467300,279.62373221213477
7467330,279.62373221213477
7467360,279.62373221213477
7467390,279.62373221213477
7467420,279.62373221213477
7467450,279.62373221213477
7467480,279.62373221213477
7467510,279.62373221213477
7467540,279.62373221213477
7467570,279.62373221213477
7467600,279.62373221213477
7467630,284.60712423964503
7467660,282.66081279992375
7467690,281.01616563210575
7467720,280.2878156892779
7467750,279.94177198274855
7467780,279.7756093642674
7467810,279.6939178265236
7467840,279.65183036375043
7467870,279.62909367006813
7467900,279.61534840637586
7467930,279.60603101891166
7467960,279.60123095079405
7467990,279.5987362394013
7468020,279.5945864364958
7468050,279.588672501988
7468080,279.5817534815296
7468110,279.5748398853559
7468140,279.56784742692116
7468170,279.56043601372596
7468200,279.55270514517264
7468230,279.4362957727656
7468260,279.4363466133077
7468290,279.43632818340006
7468320,279.4363292172926
7468350,279.4363294538429
7468380,279.4363294538429
7468410,279.4363294538429
7468440,279.4363294538429
7468470,279.4363294538429
7468500,279.4363294538429
7468530,279.4363294538429
7468560,279.4363294538429
7468590,279.4363294538429
7468620,279.4363294538429
7468650,279.4363294538429
7468680,279.4363294538429
7468710,279.4363294538429
7468740,279.4363294538429
7468770,279.4363294538429
7468800,279.4363294538429
7468830,284.20980779193235
7468860,282.2894710119265
7468890,280.70203814889487
7468920,279.9940956042859
7468950,279.6539029292252
7468980,279.4887548357241
7469010,279.4067149362184
7469040,279.3642325590836
7469070,279.34088343791655
7469100,279.32654843464206
7469130,279.31713383356237
7469160,279.31088907955973
7469190,279.30512707639224
7469220,279.2991449539829
7469250,279.2929802112033
7469280,279.28691381896806
7469310,279.28106385259116
7469340,279.27524140424583
7469370,279.2694520739078
7469400,279.26374624162486
7469430,279.23186509575066
7469460,279.2320488386641
7469490,279.2320489033705
7469520,279.2320489098816
7469550,279.23204890976467
7469580,279.23204890976467
7469610,279.23204890976467
7469640,279.23204890976467
7469670,279.23204890976467
7469700,279.23204890976467
7469730,279.23204890976467
7469760,279.23204890976467
7469790,279.23204890976467
7469820,279.23204890976467
7469850,279.23204890976467
7469880,279.23204890976467
7469910,279.23204890976467
7469940,279.23204890976467
7469970,279.23204890976467
7470000,279.23204890976467
7470030,283.91142213920403
7470060,282.035822696557
7470090,280.4949260614818
7470120,279.8080624031585
7470150,279.4785830713169
7470180,279.3204334700186
7470210,279.24416670254203
7470240,279.20704884979824
7470270,279.18884439363876
7470300,279.17914425071154
7470330,279.17458314025123
7470360,279.1725758846536
7470390,279.1714292343356
7470420,279.1705709142922
7470450,279.16978948614144
7470480,279.16927122617346
7470510,279.1688571491488
7470540,279.1684767521822
7470570,279.1681301882564
7470600,279.1678257512023
7470630,279.1636102369447
7470660,279.16381484907674
7470690,279.1638150412584
7470720,279.1638150326086
7470750,279.1638150326086
7470780,279.1638150326086
7470810,279.1638150326086
7470840,279.1638150326086
7470870,279.1638150326086
7470900,279.1638150326086
7470930,279.1638150326086
7470960,279.1638150326086
7470990,279.1638150326086
7471020,279.1638150326086
7471050,279.1638150326086
7471080,279.1638150326086
7471110,279.1638150326086
7471140,279.1638150326086
7471170,279.1638150326086
7471200,279.1638150326086
7471230,283.8685306734059
7471260,282.0137581257493
7471290,280.4813073202968
7471320,279.7991748590792
7471350,279.47274991868437
7471380,279.316878955413
7471410,279.24253001350274
7471440,279.20715953769366
7471470,279.1905675740625
7471500,279.1824810121135
7471530,279.1796474372607
7471560,279.17920345561276
7471590,279.17952801250556
7471620,279.18007212287426
7471650,279.18067759638694
7471680,279.18149957257094
7471710,279.18235736017664
7471740,279.1831892829669
7471770,279.18399995157665
7471800,279.18479900242295
7471830,279.17604756193185
7471860,279.1762458777405
7471890,279.1762456862554
7471920,279.17624568946127
7471950,279.17624568946127
7471980,279.17624568946127
7472010,279.17624568946127
7472040,279.17624568946127
7472070,279.17624568946127
7472100,279.17624568946127
7472130,279.17624568946127
7472160,279.17624568946127
7472190,279.17624568946127
7472220,279.17624568946127
7472250,279.17624568946127
7472280,279.17624568946127
7472310,279.17624568946127
7472340,279.17624568946127
7472370,279.17624568946127
7472400,279.17624568946127
7472430,283.9011931537052
7472460,282.0459794850543
7472490,280.5092083412273
7472520,279.82545263667095
7472550,279.4984388434936
7472580,279.3422900569628
7472610,279.2677253341279
7472640,279.23210912106236
7472670,279.2152833948996
7472700,279.2069712699187
7472730,279.20388746061934
7472760,279.20313204857604
7472790,279.20299144187163
7472820,279.20297223077586
7472850,279.2028800009131
7472880,279.2029374038169
7472910,279.203001439332
7472940,279.2029727564102
7472970,279.2028554986111
7473000,279.2026658558467
7473030,279.1888184342003
7473060,279.18892915124496
7473090,279.1896433015222
7473120,279.1896295500281
7473150,279.1896295500281
7473180,279.1896295500281
7473210,279.1896295500281
7473240,279.1896295500281
7473270,279.1896295500281
7473300,279.1896295500281
7473330,279.1896295500281
7473360,279.1896295500281
7473390,279.1896295500281
7473420,279.1896295500281
7473450,279.1896295500281
7473480,279.1896295500281
7473510,279.1896295500281
7473540,279.1896295500281
7473570,279.1896295500281
7473600,279.1896295500281
7473630,283.89277733820154
7473660,282.0293160874813
7473690,280.4912356122545
7473720,279.805503826779
7473750,279.47623913177046
7473780,279.3177407199339
7473810,279.24075527634136
7473840,279.20267996863697
7473870,279.1831052403759
7473900,279.17206107002437
7473930,279.16614419194235
7473960,279.1623728419038
7473990,279.15930982584683
7474020,279.1563815896996
7474050,279.15350372493884
7474080,279.1507420830672
7474110,279.14777198650677
7474140,279.144142258079
7474170,279.1398014847355
7474200,279.13478560955207
7474230,279.1363349303925
7474260,279.13653999038286
7474290,279.13654241513444
7474320,279.13654040095327
7474350,279.13654040095327
7474380,279.13654040095327
7474410,279.13654040095327
7474440,279.13654040095327
7474470,279.13654040095327
7474500,279.13654040095327
7474530,279.13654040095327
7474560,279.13654040095327
7474590,279.13654040095327
7474620,279.13654040095327
7474650,279.13654040095327
7474680,279.13654040095327
7474710,279.13654040095327
7474740,279.13654040095327
7474770,279.13654040095327
7474800,279.13654040095327
7474830,283.75431838919275
7474860,281.88619081143173
7474890,280.3624467844149
7474920,279.6809155555666
7474950,279.35174229639534
7474980,279.1919575945446
7475010,279.1104005142233
7475040,279.0577420081358
7475070,279.01600710585944
7475100,278.97972392592874
7475130,278.9479230238259
7475160,278.91924977321486
7475190,278.8928413312784
7475220,278.86802238066787
7475250,278.8448167796847
7475280,278.82305693894233
7475310,278.8025055276679
7475340,278.7829933742283
7475370,278.7643862743831
7475400,278.74657182529694
7475430,278.7522590888357
7475460,278.75248626822173
7475490,278.75248645204005
7475520,278.7524864365273
7475550,278.7524864365273
7475580,278.7524864365273
7475610,278.7524864365273
7475640,278.7524864365273
7475670,278.7524864365273
7475700,278.7524864365273
7475730,278.7524864365273
7475760,278.7524864365273
7475790,278.7524864365273
7475820,278.7524864365273
7475850,278.7524864365273
7475880,278.7524864365273
7475910,278.7524864365273
7475940,278.7524864365273
7475970,278.7524864365273
7476000,278.7524864365273
7476030,283.40640274454546
7476060,281.5428678720129
7476090,280.0431180706623
7476120,279.39086136066186
7476150,279.0887727694183
7476180,278.93625342672436
7476210,278.8387836550445
7476240,278.7657182797956
7476270,278.70320088630814
7476300,278.6489003101037
7476330,278.60171474809175
7476360,278.56008486942966
7476390,278.5226791246596
7476420,278.4890367363923
7476450,278.45884224306536
7476480,278.4316204569147
7476510,278.4069882126558
7476540,278.3846337535387
7476570,278.3642924379007
7476600,278.3457366581389
7476630,278.3524266077995
7476660,278.3526518334337
7476690,278.35264588790665
7476720,278.35264501299207
7476750,278.35264501299207
7476780,278.35264501299207
7476810,278.35264501299207
7476840,278.35264501299207
7476870,278.35264501299207
7476900,278.35264501299207
7476930,278.35264501299207
7476960,278.35264501299207
7476990,278.35264501299207
7477020,278.35264501299207
7477050,278.35264501299207
7477080,278.35264501299207
7477110,278.35264501299207
7477140,278.35264501299207
7477170,278.35264501299207
7477200,278.35264501299207
7477230,283.11951025208975
7477260,281.2669571511129
7477290,279.78369862566575
7477320,279.1624353548807
7477350,278.8865461324165
7477380,278.7419370814599
7477410,278.649786536417
7477440,278.58187627167473
7477470,278.5251174659565
7477500,278.4766713181536
7477530,278.4358862754731
7477560,278.401224018509
7477590,278.37145660390655
7477620,278.3456641465511
7477650,278.3236419453368
7477680,278.3049043702994
7477710,278.2890008422044
7477740,278.27557248594616
7477770,278.26431750408585
7477800,278.25497467011655
7477830,278.25971324249184
7477860,278.25994154567223
7477890,278.26014070489816
7477920,278.26013751587055
7477950,278.26013751587055
7477980,278.26013751587055
7478010,278.26013751587055
7478040,278.26013751587055
7478070,278.26013751587055
7478100,278.26013751587055
7478130,278.26013751587055
7478160,278.26013751587055
7478190,278.26013751587055
7478220,278.26013751587055
7478250,278.26013751587055
7478280,278.26013751587055
7478310,278.26013751587055
7478340,278.26013751587055
7478370,278.26013751587055
7478400,278.26013751587055
7478430,283.1130115595209
7478460,281.27085733870376
7478490,279.7862959784753
7478520,279.17194360147306
7478550,278.90784819002874
7478580,278.7795630884404
7478610,278.7036257041461
7478640,278.6511501050616
7478670,278.60990462979703
7478700,278.5751119381095
7478730,278.54674594706563
7478760,278.52352392552365
7478790,278.50436545760294
7478820,278.4883972990497
7478850,278.47539137847514
7478880,278.46504459803884
7478910,278.4569487681343
7478940,278.4507964598245
7478970,278.4463369511719
7479000,278.4433547984418
7479030,278.44628058076
7479060,278.4465365676581
7479090,278.44653695023743
7479120,278.44653693512316
7479150,278.44653693512316
7479180,278.44653693512316
7479210,278.44653693512316
7479240,278.44653693512316
7479270,278.44653693512316
7479300,278.44653693512316
7479330,278.44653693512316
7479360,278.44653693512316
7479390,278.44653693512316
7479420,278.44653693512316
7479450,278.44653693512316
7479480,278.44653693512316
7479510,278.44653693512316
7479540,278.44653693512316
7479570,278.44653693512316
7479600,278.44653693512316
7479630,283.2956111776405
7479660,281.45577582403405
7479690,279.9600524672501
7479720,279.33158654544076
7479750,279.0576017396839
7479780,278.93786643676185
7479810,278.8735841738706
7479840,278.8327252714551
7479870,278.80261743692074
7479900,278.77781805582083
7479930,278.75814376271506
7479960,278.74240555252425
7479990,278.7296354300223
7480020,278.71916379429234
7480050,278.7107032136475
7480080,278.70415549392135
7480110,278.6991809829601
7480140,278.69553291116927
7480170,278.69302218538417
7480200,278.69148701314367
7480230,278.69368675042085
7480260,278.69389482450265
7480290,278.69389564876985
7480320,278.69389565754284
7480350,278.69389565754284
7480380,278.69389565754284
7480410,278.69389565754284
7480440,278.69389565754284
7480470,278.69389565754284
7480500,278.69389565754284
7480530,278.69389565754284
7480560,278.69389565754284
7480590,278.69389565754284
7480620,278.69389565754284
7480650,278.69389565754284
7480680,278.69389565754284
7480710,278.69389565754284
7480740,278.69389565754284
7480770,278.69389565754284
7480800,278.69389565754284
7480830,283.48601514715796
7480860,281.6415204926744
7480890,280.13432930640204
7480920,279.4864730134938
7480950,279.19271011888515
7480980,279.0641454537087
7481010,279.0005503058246
7481040,278.96146075374685
7481070,278.933261305877
7481100,278.9096059327423
7481130,278.8902499997061
7481160,278.87416551750147
7481190,278.86042291838294
7481220,278.8484262230051
7481250,278.8379207815952
7481280,278.82889388874133
7481310,278.8210679896135
7481340,278.8142445452227
7481370,278.80827789541485
7481400,278.80304588919097
7481430,278.80588539342483
7481460,278.806093545906
7481490,278.8060921494443
7481520,278.80609209043433
7481550,278.80609209043433
7481580,278.80609209043433
7481610,278.80609209043433
7481640,278.80609209043433
7481670,278.80609209043433
7481700,278.80609209043433
7481730,278.80609209043433
7481760,278.80609209043433
7481790,278.80609209043433
7481820,278.80609209043433
7481850,278.80609209043433
7481880,278.80609209043433
7481910,278.80609209043433
7481940,278.80609209043433
7481970,278.80609209043433
7482000,278.80609209043433
7482030,283.54347891554863
7482060,281.6934846947238
7482090,280.18400384228454
7482120,279.52783025829996
7482150,279.2247298853911
7482180,279.08782450621896
7482210,279.01770692174705
7482240,278.97272999996665
7482270,278.9389938099603
7482300,278.9100502859741
7482330,278.88579473863547
7482360,278.86514797093474
7482390,278.84714424798767
7482420,278.83108154440083
7482450,278.81693188431933
7482480,278.80446718626285
7482510,278.7934112542273
7482540,278.7835686720914
7482570,278.77478258739677
7482600,278.7669185640171
7482630,278.77047261959035
7482660,278.7706829477913
7482690,278.7707263058097
7482720,278.7707267442936
7482750,278.7707267442936
7482780,278.7707267442936
7482810,278.7707267442936
7482840,278.7707267442936
7482870,278.7707267442936
7482900,278.7707267442936
7482930,278.7707267442936
7482960,278.7707267442936
7482990,278.7707267442936
7483020,278.7707267442936
7483050,278.7707267442936
7483080,278.7707267442936
7483110,278.7707267442936
7483140,278.7707267442936
7483170,278.7707267442936
7483200,278.7707267442936
7483230,283.50562489971725
7483260,281.6558936759061
7483290,280.1495358868928
7483320,279.4965999643448
7483350,279.19650763136883
7483380,279.06110935316906
7483410,278.98915831262485
7483440,278.94219839788724
7483470,278.90641262396105
7483500,278.8759316029979
7483530,278.8506926851312
7483560,278.82941503820734
7483590,278.81098664047295
7483620,278.79499134443574
7483650,278.78127189646284
7483680,278.76947279997637
7483710,278.7593305937068
7483740,278.7506407445954
7483770,278.7432311211158
7483800,278.7369527345268
7483830,278.74029022078537
7483860,278.7405161139515
7483890,278.74051867419035
7483920,278.7405184205048
7483950,278.7405184205048
7483980,278.7405184205048
7484010,278.7405184205048
7484040,278.7405184205048
7484070,278.7405184205048
7484100,278.7405184205048
7484130,278.7405184205048
7484160,278.7405184205048
7484190,278.7405184205048
7484220,278.7405184205048
7484250,278.7405184205048
7484280,278.7405184205048
7484310,278.7405184205048
7484340,278.7405184205048
7484370,278.7405184205048
7484400,278.7405184205048
7484430,283.50805943401315
7484460,281.6641036045785
7484490,280.1578628582658
7484520,279.50802070429916
7484550,279.21181735106813
7484580,279.0816197301514
7484610,279.01850263937365
7484640,278.9807828165061
7484670,278.954246491428
7484700,278.93311238637705
7484730,278.9169939862262
7484760,278.90445799948975
7484790,278.8944298974771
7484820,278.88668452084585
7484850,278.8809842399225
7484880,278.8770043040968
7484910,278.87452141641734
7484940,278.8733593677599
7484970,278.87336728997934
7485000,278.8744138966546
7485030,278.8760024825975
7485060,278.8762070218814
7485090,278.8759746305526
7485120,278.8759720073607
7485150,278.8759720073607
7485180,278.8759720073607
7485210,278.8759720073607
7485240,278.8759720073607
7485270,278.8759720073607
7485300,278.8759720073607
7485330,278.8759720073607
7485360,278.8759720073607
7485390,278.8759720073607
7485420,278.8759720073607
7485450,278.8759720073607
7485480,278.8759720073607
7485510,278.8759720073607
7485540,278.8759720073607
7485570,278.8759720073607
7485600,278.8759720073607
7485630,283.6763743178488
7485660,281.84012205916366
7485690,280.3225835661387
7485720,279.66235792409054
7485750,279.35747611123406
7485780,279.22077581127843
7485810,279.16269286252356
7485840,279.14093075491286
7485870,279.13548782267424
7485900,279.13658019382586
7485930,279.14148685187155
7485960,279.14759965202927
7485990,279.15354058987606
7486020,279.1590624342651
7486050,279.16433830708854
7486080,279.1692720976071
7486110,279.17389004195553
7486140,279.178263144987
7486170,279.18245348233
7486200,279.1865076510773
7486230,279.1773568382432
7486260,279.1775541338607
7486290,279.1775537933958
7486320,279.1775538073931
7486350,279.1775538073931
7486380,279.1775538073931
7486410,279.1775538073931
7486440,279.1775538073931
7486470,279.1775538073931
7486500,279.1775538073931
7486530,279.1775538073931
7486560,279.1775538073931
7486590,279.1775538073931
7486620,279.1775538073931
7486650,279.1775538073931
7486680,279.1775538073931
7486710,279.1775538073931
7486740,279.1775538073931
7486770,279.1775538073931
7486800,279.1775538073931
7486830,283.9607939129466
7486860,282.1163000680234
7486890,280.5752065203568
7486920,279.89203196980543
7486950,279.5674512196173
7486980,279.4143029933887
7487010,279.3428676534911
7487040,279.3108394182213
7487070,279.29987654503753
7487100,279.298474555689
7487130,279.30209774758714
7487160,279.3069484462473
7487190,279.3115538856617
7487220,279.31583953395153
7487250,279.3201730254482
7487280,279.32444029215316
7487310,279.32853864462896
7487340,279.33251351950463
7487370,279.3364073799577
7487400,279.34023983070995
7487430,279.28868342725315
7487460,279.2888674398198
7487490,279.28886651126606
7487520,279.2888665127351
7487550,279.2888665127351
7487580,279.2888665127351
7487610,279.2888665127351
7487640,279.2888665127351
7487670,279.2888665127351
7487700,279.2888665127351
7487730,279.2888665127351
7487760,279.2888665127351
7487790,279.2888665127351
7487820,279.2888665127351
7487850,279.2888665127351
7487880,279.2888665127351
7487910,279.2888665127351
7487940,279.2888665127351
7487970,279.2888665127351
7488000,279.2888665127351
7488030,284.11687257176806
7488060,282.25143221608096
7488090,280.6875675274089
7488120,279.99473361076065
7488150,279.66596652201747
7488180,279.5109627524851
7488210,279.44636806551347
7488240,279.4256854712158
7488270,279.42062316714714
7488300,279.4206767776844
7488330,279.42410468722875
7488360,279.42826952069413
7488390,279.4316617544943
7488420,279.43444905070487
7488450,279.43720431767315
7488480,279.4399177699841
7488510,279.44244612458317
7488540,279.4448495361962
7488570,279.4471925952411
7488600,279.4495072239486
7488630,279.3666663542381
7488660,279.3667761002339
7488690,279.3667742523425
7488720,279.3667742553473
7488750,279.3667742553473
7488780,279.3667742553473
7488810,279.3667742553473
7488840,279.3667742553473
7488870,279.3667742553473
7488900,279.3667742553473
7488930,279.3667742553473
7488960,279.3667742553473
7488990,279.3667742553473
7489020,279.3667742553473
7489050,279.3667742553473
7489080,279.3667742553473
7489110,279.3667742553473
7489140,279.3667742553473
7489170,279.3667742553473
7489200,279.3667742553473
7489230,284.21653969382214
7489260,282.3355183418619
7489290,280.75724316494836
7489320,280.0586114659975
7489350,279.72765386707584
7489380,279.5769570018793
7489410,279.52416829543233
7489440,279.50810045700104
7489470,279.504091163866
7489500,279.50437180975877
7489530,279.50814741690033
7489560,279.5125945236907
7489590,279.51592460137437
7489620,279.51851212276586
7489650,279.5210513186306
7489680,279.52338245620905
7489710,279.5254760636474
7489740,279.5274373255576
7489770,279.52933692167005
7489800,279.53120596584336
7489830,279.4248722194709
7489860,279.4249332097693
7489890,279.4249332703794
7489920,279.42493326997044
7489950,279.42493326997044
7489980,279.42493326997044
7490010,279.42493326997044
7490040,279.42493326997044
7490070,279.42493326997044
7490100,279.42493326997044
7490130,279.42493326997044
7490160,279.42493326997044
7490190,279.42493326997044
7490220,279.42493326997044
7490250,279.42493326997044
7490280,279.42493326997044
7490310,279.42493326997044
7490340,279.42493326997044
7490370,279.42493326997044
7490400,279.42493326997044
7490430,284.2948956059935
7490460,282.40213433129736
7490490,280.812229681776
7490520,280.10886899314335
7490550,279.7763105864373
7490580,279.6340121461249
7490610,279.58781412284634
7490640,279.57306874949256
7490670,279.56925538174215
7490700,279.56936697643863
7490730,279.57308218316376
7490760,279.57749730341305
7490790,279.58055428389366
7490820,279.58287918970643
7490850,279.5849817781948
7490880,279.58672288264495
7490910,279.5882118173064
7490940,279.58957770607697
7490970,279.5908863261025
7491000,279.5921640391144
7491030,279.46803194081866
7491060,279.4680673445435
7491090,279.46806440708997
7491120,279.4680644076458
7491150,279.4680644076458
7491180,279.4680644076458
7491210,279.4680644076458
7491240,279.4680644076458
7491270,279.4680644076458
7491300,279.4680644076458
7491330,279.4680644076458
7491360,279.4680644076458
7491390,279.4680644076458
7491420,279.4680644076458
7491450,279.4680644076458
7491480,279.4680644076458
7491510,279.4680644076458
7491540,279.4680644076458
7491570,279.4680644076458
7491600,279.4680644076458
7491630,285.2973201275194
7491660,283.87598709224113
7491690,282.1940385673819
7491720,281.1495913388373
7491750,280.467295423825
7491780,280.0243900989176
7491810,279.748647482726
7491840,279.5644286331296
7491870,279.4370146571619
7491900,279.34879993208233
7491930,279.28778389533437
7491960,279.2456062972695
7491990,279.21646224533316
7492020,279.1963316476159
7492050,279.1824304695577
7492080,279.17283766824676
7492110,279.16621511001466
7492140,279.1616388640544
7492170,279.15849810563645
7492200,279.156338706969
7492230,279.15494320406617
7492260,279.15401905790156
7492290,279.1533439999704
7492320,279.15286054319415
7492350,279.1525131657509
7492380,279.1522668786803
7492410,279.1520904017938
7492440,279.15196474170506
7492470,279.1518753297281
7492500,279.15181109078435
7492530,279.15176559502703
7492560,279.1517327522097
7492590,279.1517090547821
7492620,279.1516920997334
7492650,279.1516798653437
7492680,279.1516709124963
7492710,279.1516648302735
7492740,279.15166097770907
7492770,279.1516582492469
7492800,279.1516560869648
7492830,279.15165470987756
7492860,279.1516536544706
7492890,279.1516527975099
7492920,279.15165219478257
7492950,279.15165173291325
7492980,279.15165116590055
7493010,279.15165071504856
7493040,279.15165055655467
7493070,279.15165043490083
7493100,279.1516500935465
7493130,279.15164989888666
7493160,279.1516497923689
7493190,279.1516498012988
7493220,279.1516500220039
7493250,279.1516503652754
7493280,279.1516507360565
7493310,279.1516510499106
7493340,279.1516512589779
7493370,279.15165138149024
7493400,279.15165145100616
7493430,279.1516513433777
7493460,279.15165084783865
7493490,279.1516504212919
7493520,279.15165011021793
7493550,279.1516500185522
7493580,279.15165007716945
7493610,279.1516501939893
7493640,279.1516504050308
7493670,279.15165007374253
7493700,279.1516489528978
7493730,279.1516471037191
7493760,279.1516451973625
7493790,279.15164357307486
7493820,279.15164235792344
7493850,279.1516415543312
7493880,279.1516410796779
7493910,279.1516411228695
7493940,279.15164202286655
7493970,279.1516438831936
7494000,279.15164631183956
7494030,279.1516479142024
7494060,279.1516475181093
7494090,279.15164774120984
7494120,279.15164834767523
7494150,279.15164827296127
7494180,279.15164730657654
7494210,279.15164591886054
7494240,279.15164464062445
7494270,279.15164369279773
7494300,279.15164337304054
7494330,279.15164394147894
7494360,279.15164539087266
7494390,279.15164732414917
7494420,279.1516489764829
7494450,279.15164989370425
7494480,279.1516501890354
7494510,279.1516503070396
7494540,279.1516505280444
7494570,279.15165078587654
7494600,279.1516509235412
7494630,279.1516505393295
7494660,279.15164911184553
7494690,279.1516487715903
7494720,279.15164931587896
7494750,279.1516495762247
7494780,279.151649137661
7494810,279.1516482818583
7494840,279.15164741429834
7494870,279.15164675161645
7494900,279.15164632074766
7494930,279.1516460662445
7494960,279.1516459270359
7494990,279.1516458606504
7495020,279.1516458412714
7495050,279.15164585275517
7495080,279.1516458844113
7495110,279.15164592905836
7495140,279.15164598190324
7495170,279.15164603959647
7495200,279.15164609993724
7495230,279.151645045207
7495260,279.15163849902694
7495290,279.15163597289535
7495320,279.1516390640107
7495350,279.15164323450756
7495380,279.15164625695274
7495410,279.15164799474246
7495440,279.15164896974204
7495470,279.15164957382683
7495500,279.1516499796951
7495530,279.1516502556352
7495560,279.1516504400014
7495590,279.1516505614731
7495620,279.1516506411029
7495650,279.15165069325195
7495680,279.1516507273659
7495710,279.1516507496351
7495740,279.1516507641505
7495770,279.1516507736134
7495800,279.1516521340479
7495830,279.15165443594424
7495860,279.1516505648306
7495890,279.1516480122699
7495920,279.1516495097001
7495950,279.1516513840805
7495980,279.1516521525433
7496010,279.1516521720577
7496040,279.15165308297253
7496070,279.1516561030591
7496100,279.15166065168165
7496130,279.1516652286795
7496160,279.15166880960277
7496190,279.1516712101275
7496220,279.1516726966527
7496250,279.15167358732174
7496280,279.151674104463
7496310,279.15167438139184
7496340,279.1516744999323
7496370,279.1516745140701
7496400,279.15167446046365
7496430,279.151672133271
7496460,279.1516639047234
7496490,279.1516579903409
7496520,279.15165587532476
7496550,279.1516550227708
7496580,279.1516544509816
7496610,279.1516538280984
7496640,279.1516542094423
7496670,279.1516565664431
7496700,279.1516605257705
7496730,279.1516645713861
7496760,279.1516682892829
7496790,279.15167109534093
7496820,279.15167259924596
7496850,279.15167303552903
7496880,279.15167292062876
7496910,279.1516728153702
7496940,279.1516727822397
7496970,279.1516732475234
7497000,279.1516738117624
7497030,279.15167211901024
7497060,279.15166598236254
7497090,279.1516604479153
7497120,279.1516577910955
7497150,279.15165782072967
7497180,279.151659991479
7497210,279.15166302731336
7497240,279.15166491873816
7497270,279.1516643435318
7497300,279.15166276821213
7497330,279.1516623088946
7497360,279.15166389185396
7497390,279.15166635087957
7497420,279.1516685630125
7497450,279.1516699604352
7497480,279.1516704991556
7497510,279.1516705346631
7497540,279.15167052298915
7497570,279.1516705237628
7497600,279.1516710740477
7497630,279.1516711980099
7497660,279.151666755171
7497690,279.15166180016206
7497720,279.1516583884422
7497750,279.15165606600243
7497780,279.1516544798437
7497810,279.1516533580238
7497840,279.15165216062627
7497870,279.1516514432318
7497900,279.1516516095236
7497930,279.15165159008245
7497960,279.15165110204197
7497990,279.1516508397052
7498020,279.15165133331516
7498050,279.1516530222472
7498080,279.1516559945936
7498110,279.1516593666929
7498140,279.15166257671785
7498170,279.15166427148836
7498200,279.151664294213
7498230,279.1516636921168
7498260,279.1516656303599
7498290,279.15166866485333
7498320,279.15167029728894
7498350,279.15166785929324
7498380,279.15167042662335
7498410,279.1516735656552
7498440,279.1516754037247
7498470,279.15168030822093
7498500,279.1516768331937
7498530,279.1516693945362
7498560,279.1516638210406
7498590,279.1516603433606
7498620,279.15165792267163
7498650,279.15165622769905
7498680,279.1516551397905
7498710,279.1516557820653
7498740,279.1516604475984
7498770,279.151660411756
7498800,279.1516568858183
7498830,279.1523911844343
7498860,279.1532158731389
7498890,279.15399860155776
7498920,279.1549212884318
7498950,279.1558768391564
7498980,279.15682319967794
7499010,279.1577705854789
7499040,279.15871729828683
7499070,279.1596639443011
7499100,279.1606106288593
7499130,279.16155722660733
7499160,279.1625042063464
7499190,279.1634532113469
7499220,279.16440122335814
7499250,279.1653476590934
7499280,279.16629472333955
7499310,279.1672412248339
7499340,279.168188021606
7499370,279.16913499231237
7499400,279.17008209551943
7499430,279.17102947773776
7499460,279.1719741567305
7499490,279.17291664562634
7499520,279.17386224510744
7499550,279.17480953841766
7499580,279.1757544305862
7499610,279.17669833255667
7499640,279.1776425964913
7499670,279.1785859593658
7499700,279.17952811232817
7499730,279.18047031165264
7499760,279.1814141703579
7499790,279.18235902522974
7499820,279.1833041685366
7499850,279.1842534826098
7499880,279.18520397482115
7499910,279.1861506177321
7499940,279.18709515583777
7499970,279.18804423670963
7500000,279.1889972549866
7500030,279.1899523595799
7500060,279.190904215573
7500090,279.1918599084461
7500120,279.1928207987595
7500150,279.1937757941446
7500180,279.19472599485346
7500210,279.1956785340875
7500240,279.1966314911743
7500270,279.197582510181
7500300,279.19853398050634
7500330,279.1994840540038
7500360,279.2004333997385
7500390,279.2013815760624
7500420,279.2023283306695
7500450,279.2032740393649
7500480,279.2042168960492
7500510,279.20515682355295
7500540,279.20609765306915
7500570,279.207036967289
7500600,279.2079762407369
7500630,279.2089183129236
7500660,279.2098630286692
7500690,279.2108028885022
7500720,279.21174352011695
7500750,279.2126846687974
7500780,279.21362203960564
7500810,279.21456006756256
7500840,279.21549891586335
7500870,279.2164270221152
7500900,279.2173464667802
7500930,279.21826908227445
7500960,279.219207082131
7500990,279.22015032222095
7501020,279.2210909932043
7501050,279.22203264430567
7501080,279.2229742262419
7501110,279.223916957214
7501140,279.22485914238547
7501170,279.2257988366502
7501200,279.22674169831237
7501230,279.22768725952295
7501260,279.22862743595255
7501290,279.2295732426091
7501320,279.2305267416019
7501350,279.23148374559656
7501380,279.2324353263126
7501410,279.23338306546276
7501440,279.2343314543406
7501470,279.23527784924704
7501500,279.2362233343105
7501530,279.23716964810376
7501560,279.2381153864392
7501590,279.23906154448366
7501620,279.24000725763256
7501650,279.24095360019396
7501680,279.2419007142777
7501710,279.2428474825282
7501740,279.24379342701496
7501770,279.24474062396683
7501800,279.2456912766335
7501830,279.24663839181187
7501860,279.2475627394902
7501890,279.24849601886945
7501920,279.2494402488524
7501950,279.25038788470954
7501980,279.2513351440345
7502010,279.25228143407435
7502040,279.25322725442356
7502070,279.254172991233
7502100,279.25511875026365
7502130,279.2560645226858
7502160,279.2570102918578
7502190,279.25795605293314
7502220,279.25890180602903
7502250,279.25984755177757
7502280,279.2607932906678
7502310,279.2617390230194
7502340,279.2626893969115
7502370,279.26364769011167
7502400,279.264610155132
7502430,279.2655689709666
7502460,279.2665183556596
7502490,279.2674624346238
7502520,279.2684013834407
7502550,279.2693343066728
7502580,279.27026141282926
7502610,279.27118416519687
7502640,279.2721043833136
7502670,279.2730231102472
7502700,279.2739437889427
7502730,279.27487965077023
7502760,279.2758254367315
7502790,279.2767727833897
7502820,279.27771865065745
7502850,279.27866403940914
7502880,279.2796095072189
7502910,279.28054883338586
7502940,279.2814788151703
7502970,279.2824112340865
7503000,279.2833576069186
7503030,279.2843239438322
7503060,279.2852682428057
7503090,279.2862080957637
7503120,279.2871443574902
7503150,279.28808573822084
7503180,279.28902909202696
7503210,279.2899724837751
7503240,279.2909151494728
7503270,279.291857229111
7503300,279.2927950481683
7503330,279.2937277417031
7503360,279.2946668691775
7503390,279.2956110390408
7503420,279.29655541144786
7503450,279.2974992777497
7503480,279.2984442367479
7503510,279.29938974552744
7503540,279.3003352224316
7503570,279.30128057736584
7503600,279.3022258725083
7503630,279.3031711390369
7503660,279.3041164966491
7503690,279.3050620353041
7503720,279.3060075203593
7503750,279.30695283796274
7503780,279.30789803021906
7503810,279.30884315939045
7503840,279.3097882459994
7503870,279.31073332027603
7503900,279.3116784793894
7503930,279.3126236956888
7503960,279.3135689471567
7503990,279.3145142473946
7504020,279.3154596106783
7504050,279.3164050200922
7504080,279.31735036873204
7504110,279.3182956306058
7504140,279.31924087511237
7504170,279.32018614219743
7504200,279.32113143225763
7504230,279.3220767214079
7504260,279.3230207343813
7504290,279.32396143852293
7504320,279.32490225905605
7504350,279.32584516811244
7504380,279.32678610102323
7504410,279.32772607318174
7504440,279.3286698966251
7504470,279.3296158286603
7504500,279.3305618793292
7504530,279.33150583446127
7504560,279.3324441172619
7504590,279.3333755984366
7504620,279.3343036819356
7504650,279.33522782668416
7504680,279.33616793011055
7504710,279.33711479498066
7504740,279.3380592345588
7504770,279.3390044797457
7504800,279.3399508278734
7504830,279.3408964815921
7504860,279.34184228143806
7504890,279.3427882468945
7504920,279.34373431991827
7504950,279.34468045919965
7504980,279.34562514884004
7505010,279.3465432274053
7505040,279.34743865453703
7505070,279.34836284181466
7505100,279.34930449358296
7505130,279.35024946345874
7505160,279.35119496315605
7505190,279.35213997529837
7505220,279.3530848061118
7505250,279.3540297546945
7505280,279.3549746712764
7505310,279.3559193278857
7505340,279.3568636816526
7505370,279.3578078137031
7505400,279.3587518009975
7505430,279.3596956658282
7505460,279.36063945590206
7505490,279.36158319166344
7505520,279.36252692820705
7505550,279.3634706641873
7505580,279.36441434270614
7505610,279.36535793831035
7505640,279.36630147767926
7505670,279.3672450013877
7505700,279.368188537351
7505730,279.36913210125044
7505760,279.3700757045544
7505790,279.3710194165301
7505820,279.37196324979817
7505850,279.3729071763299
7505880,279.37385124929017
7505910,279.3747954541862
7505940,279.3757397062878
7505970,279.37668397937125
7506000,279.37762832189844
7506030,279.3785727507302
7506060,279.3795170390847
7506090,279.3804602852314
7506120,279.3814053702553
7506150,279.3823513201315
7506180,279.383296768893
7506210,279.38424150390614
7506240,279.3851859163946
7506270,279.38613029611736
7506300,279.38707471382344
7506330,279.38801915431566
7506360,279.3889687473261
7506390,279.38992779309535
7506420,279.39089425628197
7506450,279.3918625264998
7506480,279.39282823704
7506510,279.3937896456533
7506540,279.3947465283753
7506570,279.3956990211584
7506600,279.3966471987942
7506630,279.39759165692146
7506660,279.3985358552332
7506690,279.3994802283395
7506720,279.4004246985445
7506750,279.4013691818953
7506780,279.40231365445464
7506810,279.4032581217527
7506840,279.40420259059476
7506870,279.4051470634581
7506900,279.4060915409278
7506930,279.40703602335475
7506960,279.4079805110478
7506990,279.40892500425156
7507020,279.4098695031332
7507050,279.4108152982141
7507080,279.4117624229662
7507110,279.4127019505047
7507140,279.41362154741785
7507170,279.4145150730895
7507200,279.4153835549945
7507230,279.4162506925115
7507260,279.41717117842944
7507290,279.4181129358676
7507320,279.4190518314596
7507350,279.41999622635325
7507380,279.42094283450365
7507410,279.4218882247997
7507440,279.42283105337293
7507470,279.42377435567005
7507500,279.424719096896
7507530,279.4256642497315
7507560,279.4266110237786
7507590,279.4275571251881
7507620,279.4285022128018
7507650,279.4294468545535
7507680,279.4303913637907
7507710,279.4313358698051
7507740,279.4322803879802
7507770,279.4332249074184
7507800,279.43416942141477
7507830,279.43511183602624
7507860,279.43605371451497
7507890,279.43699713599085
7507920,279.4379413736867
7507950,279.43888589403986
7507980,279.439830419973
7508010,279.4407748990776
7508040,279.44171934932933
7508070,279.44266378540556
7508100,279.44360821062253
7508130,279.44455262425635
7508160,279.44549702533567
7508190,279.4464414131992
7508220,279.44738578735576
7508250,279.4483301472682
7508280,279.44927449232586
7508310,279.4502188220259
7508340,279.4511631360432
7508370,279.45210743413236
7508400,279.45305171605804
7508430,279.45399598079763
7508460,279.4549402348484
7508490,279.455884481254
7508520,279.45682997573766
7508550,279.45777432321324
7508580,279.45871815265446
7508610,279.45965866774964
7508640,279.46059974251284
7508670,279.46154308364873
7508700,279.46248698442633
7508730,279.4634310832776
7508760,279.4643751641197
7508790,279.46531920952566
7508820,279.46626323169244
7508850,279.4672072383386
7508880,279.46815122859596
7508910,279.46909519908536
7508940,279.4700391477582
7508970,279.4709830740064
7509000,279.4719269777458
7509030,279.47287119783493
7509060,279.4738151140445
7509090,279.47475892336706
7509120,279.47569763849344
7509150,279.476630777839
7509180,279.4775606456728
7509210,279.4784876352547
7509240,279.47941272234704
7509270,279.4803386078429
7509300,279.4812674868959
7509330,279.4822000553605
7509360,279.4831360363614
7509390,279.48407475242055
7509420,279.4850153084607
7509450,279.4859565598715
7509480,279.4868970323078
7509510,279.4878348436413
7509540,279.4887676259321
7509570,279.48969243990706
7509600,279.4906056793086
7509630,279.4915137580931
7509660,279.4924424657614
7509690,279.4933825904451
7509720,279.4943303003258
7509750,279.49527783497996
7509780,279.49622045647
7509810,279.4971565974906
7509840,279.49809944681544
7509870,279.499060004432
7509900,279.50001278992875
7509930,279.50096136106436
7509960,279.5019057577234
7509990,279.50284840513245
7510020,279.5037910095996
7510050,279.50473409976024
7510080,279.5056776205201
7510110,279.50662129545134
7510140,279.5075656515853
7510170,279.5085106423265
7510200,279.5094554123165
7510230,279.5103993422865
7510260,279.5113429213542
7510290,279.512286459516
7510320,279.51322706768
7510350,279.51416748845753
7510380,279.51511025256383
7510410,279.51605399350206
7510440,279.5169979764316
7510470,279.51794202942233
7510500,279.5188860535313
7510530,279.51983355483935
7510560,279.52078469202354
7510590,279.52173293932634
7510620,279.52267025168965
7510650,279.5235914026355
7510680,279.52449421680905
7510710,279.52537836141903
7510740,279.52624441622254
7510770,279.5270933446812
7510800,279.5279262408718
7510830,279.5287667460225
7510860,279.52967976660574
7510890,279.5306170392197
7510920,279.5315536969592
7510950,279.5324934395258
7510980,279.53343414981487
7511010,279.53437350245764
7511040,279.53531116559907
7511070,279.53625112055596
7511100,279.5371978479725
7511130,279.53814074177774
7511160,279.5390731303655
7511190,279.5399957140068
7511220,279.5409199437755
7511250,279.5418524306965
7511280,279.54279556447057
7511310,279.54373393472355
7511340,279.5446591287582
7511370,279.5455989263933
7511400,279.5465426581653
7511430,279.5474839234254
7511460,279.5484273250036
7511490,279.549360241352
7511520,279.5502844944556
7511550,279.55121857569054
7511580,279.5521580608698
7511610,279.55309872343696
7511640,279.5540397027731
7511670,279.5549789317916
7511700,279.5559183408182
7511730,279.55685668220667
7511760,279.55779419245715
7511790,279.5587349823351
7511820,279.5596777282203
7511850,279.5606199029802
7511880,279.5615576936206
7511910,279.56249196771694
7511940,279.5634252729573
7511970,279.5643562583803
7512000,279.5652966077233
7512030,279.5662396554258
7512060,279.5671794868883
7512090,279.56811641734953
7512120,279.5690454540944
7512150,279.56997444881705
7512180,279.57091309482905
7512210,279.57185474758876
7512240,279.57279945213224
7512270,279.57374296621765
7512300,279.5746861126398
7512330,279.5756267434744
7512360,279.57655850112985
7512390,279.5774915208595
7512420,279.5784258275175
7512450,279.57936056063767
7512480,279.58029880322954
7512510,279.5812395150794
7512540,279.5821816894264
7512570,279.58312446188825
7512600,279.58406749644513
7512630,279.585010615257
7512660,279.58595366380536
7512690,279.58689659379667
7512720,279.5878394459003
7512750,279.58878230747996
7512780,279.5897252041374
7512810,279.59066809693593
7512840,279.5916109399957
7512870,279.5925537100132
7512900,279.59349640016103
7512930,279.5944390077394
7512960,279.59538152927695
7512990,279.59632396063773
7513020,279.5972662978248
7513050,279.5982085372666
7513080,279.59915067585496
7513110,279.60009271088126
7513140,279.60103464026736
7513170,279.60197646278556
7513200,279.6029181779184
7513230,279.60385925357
7513260,279.60480104133893
7513290,279.60574322041646
7513320,279.6066854695603
7513350,279.60762786259266
7513380,279.6085702928731
7513410,279.609507222213
7513440,279.61043266386594
7513470,279.6113468109335
7513500,279.61225427924967
7513530,279.61315919195727
7513560,279.61406331332796
7513590,279.6149668924076
7513620,279.6158697773245
7513650,279.6167718607769
7513680,279.61767310696905
7513710,279.6185735007612
7513740,279.6194730255901
7513770,279.62037166202447
7513800,279.6212693894183
7513830,279.62217543056954
7513860,279.6231080228832
7513890,279.62404948236735
7513920,279.624991491942
7513950,279.62593367435306
7513980,279.62687377562
7514010,279.6278142192946
7514040,279.62875443997297
7514070,279.62969897868027
7514100,279.6306426032361
7514130,279.63158448439145
7514160,279.6325265520089
7514190,279.6334688336203
7514220,279.6344107013986
7514250,279.63535236561
7514280,279.6362897630525
7514310,279.6372107874629
7514340,279.6381162107615
7514370,279.63903052184327
7514400,279.639961435996
7514430,279.64089784411357
7514460,279.64183730362663
7514490,279.64277816567375
7514520,279.64371948630856
7514550,279.6446609054369
7514580,279.64560229315066
7514610,279.646543633123
7514640,279.6474849264602
7514670,279.6484261681336
7514700,279.64936735025606
7514730,279.65030846462327
7514760,279.65124950240323
7514790,279.65219045350017
7514820,279.6531313064051
7514850,279.65407204838357
7514880,279.6550126658093
7514910,279.65595314437905
7514940,279.6568934693999
7514970,279.6578336261687
7515000,279.6587736004694
7515030,279.65971373429164
7515060,279.6606542419889
7515090,279.66159492180884
7515120,279.66253564363154
7515150,279.6634763956034
7515180,279.66441710576686
7515210,279.66535779155595
7515240,279.66629837292345
7515270,279.6672388245331
7515300,279.66817922262345
7515330,279.6691201841878
7515360,279.6700621592163
7515390,279.6710067108921
7515420,279.6719574564109
7515450,279.6729188539899
7515480,279.67389460916934
7515510,279.67488732295266
7515540,279.6758990068051
7515570,279.6769316050582
7515600,279.67798720580015
7515630,279.6790403649263
7515660,279.6800057116389
7515690,279.6809473546175
7515720,279.68189350413553
7515750,279.68284866965513
7515780,279.6837985143842
7515810,279.68474119199436
7515840,279.68567975372457
7515870,279.68661894498365
7515900,279.68755857388476
7515930,279.6884983760179
7515960,279.6894382888166
7515990,279.690378216416
7516020,279.6913181551957
7516050,279.69225818145895
7516080,279.693198248676
7516110,279.69413822855574
7516140,279.6950780754804
7516170,279.69601783897946
7516200,279.69695757928804
7516230,279.6978973239588
7516260,279.6988371055876
7516290,279.6997769304386
7516320,279.7007167948688
7516350,279.7016567282498
7516380,279.7025968209063
7516410,279.7035370497436
7516440,279.70447732081834
7516470,279.70541764748594
7516500,279.7063580544423
7516530,279.70729853286605
7516560,279.7082391233876
7516590,279.7091799366409
7516620,279.7101210838771
7516650,279.7110626081949
7516680,279.7120044604908
7516710,279.71294650837314
7516740,279.7138885604718
7516770,279.71483039898163
7516800,279.71577181837256
7516830,279.7167130134154
7516860,279.717654613662
7516890,279.718596591255
7516920,279.7195388405165
7516950,279.720481360238
7516980,279.7214241967395
7517010,279.722367378525
7517040,279.7233108849951
7517070,279.7242546089507
7517100,279.72519830356487
7517130,279.726141975139
7517160,279.7270858497121
7517190,279.7280300051937
7517220,279.7289744323268
7517250,279.7299191250689
7517280,279.73086407781494
7517310,279.73180925722363
7517340,279.7327545998231
7517370,279.7337000463861
7517400,279.7346455793529
7517430,279.7355912475515
7517460,279.73653704606454
7517490,279.7374829256044
7517520,279.7384288672455
7517550,279.7393748369647
7517580,279.74032085449403
7517610,279.74126689694674
7517640,279.74221298799705
7517670,279.74315920103294
7517700,279.7441054375596
7517730,279.7450516505622
7517760,279.74599780594895
7517790,279.74694395993686
7517820,279.7478901136099
7517850,279.7488362940462
7517880,279.74978248190564
7517910,279.75072868863475
7517940,279.751674897042
7517970,279.7526208948439
7518000,279.7535663065295
7518030,279.75451140423434
7518060,279.7554609055507
7518090,279.75642027656943
7518120,279.7573647845893
7518150,279.75829981576925
7518180,279.75922379100655
7518210,279.760165990849
7518240,279.76110539729063
7518270,279.76203572439505
7518300,279.76297242618796
7518330,279.7639154367035
7518360,279.7648566659531
7518390,279.76579933737673
7518420,279.76674513940964
7518450,279.7676954338092
7518480,279.76865385266007
7518510,279.76962306729246
7518540,279.7706028466627
7518570,279.7715912366675
7518600,279.77258644042814
7518630,279.7735756527042
7518660,279.7745321887527
7518690,279.775478419851
7518720,279.7764235743996
7518750,279.7773688019318
7518780,279.77831411564785
7518810,279.779259387343
7518840,279.7802046052132
7518870,279.7811498073868
7518900,279.7820950182334
7518930,279.78304024187344
7518960,279.78398547426167
7518990,279.7849307101909
7519020,279.78587594450295
7519050,279.786821171731
7519080,279.7877663859646
7519110,279.788711580951
7519140,279.7896567503998
7519170,279.7906080981577
7519200,279.79157405185924
7519230,279.7925471060364
7519260,279.79350156023753
7519290,279.79444779812934
7519320,279.79539123429896
7519350,279.79633507071946
7519380,279.79727904427875
7519410,279.79822305887285
7519440,279.7991670338718
7519470,279.8001098370727
7519500,279.8010514542667
7519530,279.801997536283
7519560,279.8029530114674
7519590,279.80391617535827
7519620,279.80488192863703
7519650,279.8058467967701
7519680,279.8068098606237
7519710,279.80777131052383
7519740,279.8087313917707
7519770,279.80969020732437
7519800,279.81064780655606
7519830,279.8116008608141
7519860,279.8125478498379
7519890,279.81349190490437
7519920,279.8144350471834
7519950,279.81537814534397
7519980,279.81632183290594
7520010,279.8172666709019
7520040,279.81821275442394
7520070,279.8191595939587
7520100,279.8201064168913
7520130,279.8210525787979
7520160,279.8219977415721
7520190,279.82294179235055
7520220,279.82388469675254
7520250,279.8248264174115
7520280,279.82576689795934
7520310,279.82670606859665
7520340,279.8276438510859
7520370,279.82858015957163
7520400,279.829514900184
7520430,279.8304504611339
7520460,279.83138997117555
7520490,279.8323324549679
7520520,279.83327487784925
7520550,279.8342171125452
7520580,279.8351592218698
7520610,279.83610122239804
7520640,279.8370431260308
7520670,279.83798493986745
7520700,279.8389266669734
7520730,279.8398683081291
7520760,279.8408098642657
7520790,279.84175133729144
7520820,279.8426927292215
7520850,279.84363404128527
7520880,279.84457527385695
7520910,279.84551642683857
7520940,279.84646191258616
7520970,279.8474118573261
7521000,279.84835943066173
7521030,279.8493004490557
7521060,279.8502403464326
7521090,279.8511806968407
7521120,279.85212385468037
7521150,279.8530637113463
7521180,279.85400295348904
7521210,279.85494298461697
7521240,279.85588336431897
7521270,279.8568235305884
7521300,279.8577637493011
7521330,279.8587038343593
7521360,279.8596437868719
7521390,279.86058362868044
7521420,279.8615250270714
7521450,279.86246803403776
7521480,279.86341073496834
7521510,279.8643518826192
7521540,279.8652917297421
7521570,279.86623101075037
7521600,279.8671701492519
7521630,279.8681092391825
7521660,279.86904828694503
7521690,279.869987265902
7521720,279.87092614886234
7521750,279.8718649008275
7521780,279.8728035083409
7521810,279.8737419901262
7521840,279.8746803558838
7521870,279.87561858247085
7521900,279.8765566270547
7521930,279.8774944429673
7521960,279.8784319805357
7521990,279.8793691798695
7522020,279.88030596447305
7522050,279.88124261791927
7522080,279.88217952805115
7522110,279.8831167545702
7522140,279.88405406682125
7522170,279.8849911998513
7522200,279.8859279635186
7522230,279.8868639959454
7522260,279.8878001634032
7522290,279.88873682126894
7522320,279.88967357672027
7522350,279.8906101827905
7522380,279.891546554097
7522410,279.8924825570281
7522440,279.8934182843168
7522470,279.89435396002983
7522500,279.8952896010335
7522530,279.89622498070173
7522560,279.89715985888904
7522590,279.89809424349716
7522620,279.8990286624315
7522650,279.89996349032924
7522680,279.9008986459027
7522710,279.9018338343068
7522740,279.9027689905409
7522770,279.90370407617456
7522800,279.9046389677606
7522830,279.905573553817
7522860,279.906507964322
7522890,279.9074422727309
7522920,279.9083764978608
7522950,279.90931066217695
7522980,279.9102447892032
7523010,279.91117890341906
7523040,279.9121130311935
7523070,279.9130472013461
7523100,279.9139814449694
7523130,279.9149157947763
7523160,279.91585028225103
7523190,279.91678490538476
7523220,279.9177196726107
7523250,279.91865463467735
7523280,279.9195898363341
7523310,279.9205253003822
7523340,279.92146105005776
7523370,279.9223971166503
7523400,279.92333352955774
7523430,279.9242703481378
7523460,279.92518928735205
7523490,279.9260738737366
7523520,279.9270077710401
7523550,279.9279258233457
7523580,279.9288552673177
7523610,279.92979253771927
7523640,279.93073174002325
7523670,279.93167124227375
7523700,279.93261096925266
7523730,279.9335509597006
7523760,279.93449115144773
7523790,279.9354315131261
7523820,279.9363720584738
7523850,279.93731278536245
7523880,279.9382536618525
7523910,279.9391946524906
7523940,279.9401357359121
7523970,279.9410769032985
7524000,279.9420181514984
7524030,279.9429595049268
7524060,279.94390097137955
7524090,279.9448425762465
7524120,279.9457843415089
7524150,279.94672625854133
7524180,279.947668317888
7524210,279.9486105119791
7524240,279.94955283626
7524270,279.9504952889031
7524300,279.9514378684584
7524330,279.95238057224554
7524360,279.9533233963686
7524390,279.95426633625897
7524420,279.9552093870154
7524450,279.9561525433669
7524480,279.9570957995228
7524510,279.95803914906645
7524540,279.9589825847366
7524570,279.95992609851226
7524600,279.9608696815314
7524630,279.9618177471299
7524660,279.96276622605683
7524690,279.9637116167823
7524720,279.96465611674626
7524750,279.965600382518
7524780,279.96654481925924
7524810,279.9674894073951
7524840,279.96843403441363
7524870,279.9693786337871
7524900,279.9703232045201
7524930,279.9712677598928
7524960,279.97221229397644
7524990,279.97315678216694
7525020,279.9741011913218
7525050,279.97504548456163
7525080,279.97598962125954
7525110,279.97693385359
7525140,279.977878500953
7525170,279.97882360617604
7525200,279.97976898432336
7525230,279.98071452383317
7525260,279.9816601325937
7525290,279.98260578444877
7525320,279.983551480219
7525350,279.984497255856
7525380,279.985443126048
7525410,279.98638903235104
7525440,279.9873348937396
7525470,279.9882806495572
7525500,279.98922625182917
7525530,279.99017164714405
7525560,279.991117037799
7525590,279.99206270095095
7525620,279.9930086821977
7525650,279.99395482328
7525680,279.99490094816616
7525710,279.9958469493227
7525740,279.99679276879215
7525770,279.9977383631372
7525800,279.9986839334723
7525830,279.9996298555302
7525860,280.0005760283703
7525890,280.0015223076032
7525920,280.00247057546346
7525950,280.00341420476155
7525980,280.0043582377071
7526010,280.0053035607194
7526040,280.0062495586291
7526070,280.00719558884737
7526100,280.0081416798873
7526130,280.0090877922541
7526160,280.01003387053163
7526190,280.0109798846657
7526220,280.0119258242472
7526250,280.0128716848205
7526280,280.01381746332714
7526310,280.01476315826187
7526340,280.0157087698907
7526370,280.01665429994034
7526400,280.017599751193
7526430,280.01854516926943
7526460,280.01949060832766
7526490,280.0204363541059
7526520,280.02138116936527
7526550,280.02231786167596
7526580,280.02325847910004
7526610,280.0242027421353
7526640,280.02514814146275
7526670,280.0260931098307
7526700,280.02703797598883
7526730,280.0279827811614
7526760,280.0289275223174
7526790,280.0298721878124
7526820,280.0308167687613
7526850,280.0317612595474
7526880,280.0327056569618
7526910,280.03364995928274
7526940,280.0345941655202
7526970,280.0355382750519
7527000,280.0364822876181
7527030,280.03742643225615
7527060,280.0383706028852
7527090,280.0393145342338
7527120,280.04025826178116
7527150,280.04120186073294
7527180,280.04214181316854
7527210,280.0430743995267
7527240,280.04400087918407
7527270,280.04492607453074
7527300,280.04585399412775
7527330,280.04678612234784
7527360,280.0477223294115
7527390,280.0486620557683
7527420,280.0496047893159
7527450,280.0505500957997
7527480,280.0514975684051
7527510,280.05244680792305
7527540,280.05339742147567
7527570,280.05434902411827
7527600,280.0553012410001
7527630,280.05625104512086
7527660,280.0571960986903
7527690,280.05813825761953
7527720,280.05908004778445
7527750,280.0600218798686
7527780,280.06096337692384
7527810,280.0619045360436
7527840,280.0628452042199
7527870,280.0637863980552
7527900,280.06472814697116
7527930,280.06567011546736
7527960,280.0666121073981
7527990,280.0675540609022
7528020,280.0684959657983
7528050,280.0694378008372
7528080,280.0703795380795
7528110,280.0713211583985
7528140,280.07226265295407
7528170,280.0732040186488
7528200,280.07414525572295
7528230,280.0750866217132
7528260,280.0760283245977
7528290,280.0769702138881
7528320,280.0779161775787
7528350,280.0788612911449
7528380,280.07979944823853
7528410,280.08073519405133
7528440,280.0816719556728
7528470,280.08261010981175
7528500,280.0835468968548
7528530,280.0844846647755
7528560,280.08542428274353
7528590,280.08636458649596
7528620,280.08730648992565
7528650,280.0882475219058
7528680,280.0891884789961
7528710,280.0901296895559
7528740,280.09107109554964
7528770,280.0920125568044
7528800,280.0929539438652
7528830,280.0938952755191
7528860,280.09483669321855
7528890,280.09577811936254
7528920,280.0967194557941
7528950,280.0976552228002
7528980,280.098585539651
7529010,280.0995199162462
7529040,280.100464693803
7529070,280.1014173387762
7529100,280.1023725171954
7529130,280.1033274313651
7529160,280.1042816635934
7529190,280.105235348045
7529220,280.106188438768
7529250,280.1071407961378
7529280,280.1080923101013
7529310,280.10904290528566
7529340,280.1099925274541
7529370,280.1109411457014
7529400,280.11188875530263
7529430,280.1128337976974
7529460,280.1137761796868
7529490,280.11471743072644
7529520,280.1156585092702
7529550,280.11659976353593
7529580,280.1175409504597
7529610,280.11848203229977
7529640,280.11942303058504
7529670,280.12036397952255
7529700,280.1213048945708
7529730,280.1222473405019
7529760,280.1231924015148
7529790,280.12413902439636
7529820,280.1250857858827
7529850,280.1260325729624
7529880,280.1269801899879
7529910,280.12792939048404
7529940,280.1288805763108
7529970,280.1298339668311
7530000,280.1307897577922
7530030,280.1317432587048
7530060,280.1326880552989
7530090,280.1336299095123
7530120,280.1345707285216
7530150,280.13550933741544
7530180,280.1364459714801
7530210,280.1373908916771
7530240,280.1383544266431
7530270,280.13933627700334
7530300,280.14032933636435
7530330,280.14132769131646
7530360,280.14232906698686
7530390,280.1433332168528
7530420,280.144340285589
7530450,280.145350288786
7530480,280.1463631363136
7530510,280.14737870484885
7530540,280.14839685711274
7530570,280.1494174399856
7530600,280.1504402831342
7530630,280.15144654594286
7530660,280.15239978873007
7530690,280.15333883000545
7530720,280.1542858143143
7530750,280.15522988155067
7530780,280.1561708323984
7530810,280.1571133752967
7530840,280.1580560880995
7530870,280.15899770471475
7530900,280.15993835338276
7530930,280.1608786277524
7530960,280.1618188699704
7530990,280.1627591477897
7531020,280.163699439374
7531050,280.16463972767264
7531080,280.1655800097506
7531110,280.1665202869794
7531140,280.1674605605845
7531170,280.16840083130796
7531200,280.1693410997454
7531230,280.1702814411959
7531260,280.1712217634342
7531290,280.17216126621315
7531320,280.17310233782433
7531350,280.17404468514445
7531380,280.17498824565536
7531410,280.17592813365786
7531440,280.17686705759075
7531470,280.1778055030402
7531500,280.1787438040482
7531530,280.1796823211813
7531560,280.18062099206065
7531590,280.1815595743976
7531620,280.1824979261965
7531650,280.1834360223352
7531680,280.1843738747949
7531710,280.18531149092024
7531740,280.1862488849593
7531770,280.18718611466306
7531800,280.1881232468416
7531830,280.18906090480783
7531860,280.18999961579146
7531890,280.19093921170503
7531920,280.19187824453894
7531950,280.19282189331346
7531980,280.19376348592755
7532010,280.19469916822123
7532040,280.19563438752607
7532070,280.19657077274843
7532100,280.1975124154481
7532130,280.19846579525176
7532160,280.199435912667
7532190,280.2004243823696
7532220,280.201430532524
7532250,280.20245287747235
7532280,280.20348987985193
7532310,280.2045400175757
7532340,280.2056017676519
7532370,280.20667355335934
7532400,280.2077538149162
7532430,280.20880459864355
7532460,280.20974413209456
7532490,280.21067128296943
7532520,280.21161330260156
7532550,280.2125607710629
7532580,280.21351389343766
7532610,280.21446184400673
7532640,280.21540549234095
7532670,280.21635525307016
7532700,280.2173092072787
7532730,280.218259396127
7532760,280.2192035382388
7532790,280.22014413972875
7532820,280.2210841925322
7532850,280.2220245887385
7532880,280.2229648869731
7532910,280.22390489704463
7532940,280.2248447020445
7532970,280.2257843797476
7533000,280.2267241954287
7533030,280.22766414536545
7533060,280.22860384230745
7533090,280.22954332910894
7533120,280.23048280220576
7533150,280.23142235175027
7533180,280.2323620036563
7533210,280.2333016985559
7533240,280.23424143151743
7533270,280.23518117733033
7533300,280.2361209461285
7533330,280.2370607245147
7533360,280.23800051700545
7533390,280.2389404677445
7533420,280.23988081371994
7533450,280.2408216815896
7533480,280.24176291515755
7533510,280.2427041535333
7533540,280.2436446526718
7533570,280.24458431269977
7533600,280.2455237235426
7533630,280.24646340332015
7533660,280.2474017115514
7533690,280.24834210436785
7533720,280.2493022448795
7533750,280.2502578870399
7533780,280.25120232558726
7533810,280.2521432338564
7533840,280.25308332532563
7533870,280.25402357913794
7533900,280.25496409801957
7533930,280.25590477201774
7533960,280.2568454947023
7533990,280.25778618130437
7534020,280.2587268285702
7534050,280.2596674776673
7534080,280.2606081354046
7534110,280.2615487663872
7534140,280.2624893296743
7534170,280.26342980057274
7534200,280.264370181606
7534230,280.26531132720896
7534260,280.26625243864146
7534290,280.26719294805685
7534320,280.2681328238064
7534350,280.26906944991094
7534380,280.2700075458708
7534410,280.27094697419807
7534440,280.27188669022433
7534470,280.27282642295415
7534500,280.27376610301866
7534530,280.27470570963453
7534560,280.2756452454012
7534590,280.2765847161401
7534620,280.2775241241761
7534650,280.27846346703853
7534680,280.2794027401875
7534710,280.28034193895724
7534740,280.2812810587221
7534770,280.28222009414156
7534800,280.2831590391613
7534830,280.28409789288446
7534860,280.28503481330273
7534890,280.2859720501733
7534920,280.2869103186519
7534950,280.2878450005866
7534980,280.28877564241793
7535010,280.2897065042371
7535040,280.29064013131847
7535070,280.2915757778765
7535100,280.2925119555897
7535130,280.2934479922392
7535160,280.29438385200274
7535190,280.2953196293855
7535220,280.2962553649363
7535250,280.29719106028216
7535280,280.2981267115244
7535310,280.29906231744985
7535340,280.2999978781082
7535370,280.3009333936854
7535400,280.3018688642445
7535430,280.302804891201
7535460,280.30374271252674
7535490,280.3046811152619
7535520,280.3056197542093
7535550,280.3065584846738
7535580,280.3074972415638
7535610,280.30843600104197
7535640,280.30937475260646
7535670,280.31031349189533
7535700,280.3112522169471
7535730,280.3121909263073
7535760,280.31312961868326
7535790,280.314068292917
7535820,280.31500694784455
7535850,280.31594558209713
7535880,280.31688419432163
7535910,280.3178227830648
7535940,280.3187613469559
7535970,280.3196998845515
7536000,280.32063839422665
7536030,280.3215769522911
7536060,280.32251557116604
7536090,280.3234536307117
7536120,280.32439354924924
7536150,280.32533366572335
7536180,280.32627207288914
7536210,280.3272090689981
7536240,280.3281448225428
7536270,280.32907959293294
7536300,280.33001382044847
7536330,280.3309478590138
7536360,280.3318818542841
7536390,280.3328158226685
7536420,280.3337497497322
7536450,280.33468362733174
7536480,280.3356174541776
7536510,280.3365512305027
7536540,280.337484956304
7536570,280.33841863125707
7536600,280.33935225502177
7536630,280.3402868055061
7536660,280.34122406526234
7536690,280.34216215432025
7536720,280.34310053187215
7536750,280.3440389915697
7536780,280.34497746608685
7536810,280.34591593500835
7536840,280.34685439192737
7536870,280.3477928345066
7536900,280.3487312613918
7536930,280.34966967135443
7536960,280.3506080634639
7536990,280.3515464366938
7537020,280.35248479037944
7537050,280.353423123703
7537080,280.3543614359506
7537110,280.35529972620037
7537140,280.3562379937315
7537170,280.3571762377675
7537200,280.35811445766024
7537230,280.35905272030993
7537260,280.3599910439246
7537290,280.36092939296566
7537320,280.36186774728657
7537350,280.36280621778496
7537380,280.3637431864431
7537410,280.36467846426325
7537440,280.3656146958923
7537470,280.36655219570565
7537500,280.36749083979703
7537530,280.3684295732937
7537560,280.3693680315597
7537590,280.37030664392813
7537620,280.37124387620264
7537650,280.37218056801805
7537680,280.37311807462396
7537710,280.3740558975935
7537740,280.37499354251753
7537770,280.37592961746805
7537800,280.3768664734705
7537830,280.37780405351
7537860,280.37874155858697
7537890,280.3796794925816
7537920,280.3806176125884
7537950,280.381554016181
7537980,280.38248776502934
7538010,280.38341975888034
7538040,280.38435110803914
7538070,280.38528228003497
7538100,280.3862133596412
7538130,280.38714437132523
7538160,280.38807534631917
7538190,280.3890063039559
7538220,280.3899372500387
7538250,280.3908681869589
7538280,280.3917991186687
7538310,280.3927300503942
7538340,280.3936609878478
7538370,280.3945919370057
7538400,280.39552290425576
7538430,280.2320450197601
7538460,279.923708475623
7538490,279.67479880734425
7538520,279.5088678769853
7538550,279.39610552563477
7538580,279.3190140135096
7538610,279.2662294847496
7538640,279.2300968914795
7538670,279.20535796896354
7538700,279.18842073712847
7538730,279.17682480633164
7538760,279.16888577129816
7538790,279.16345031731936
7538820,279.15972885659994
7538850,279.15718141079935
7538880,279.15543888809987
7538910,279.1542441488125
7538940,279.15342680161854
7538970,279.152867237799
7539000,279.1524877865602
7539030,279.1522307530268
7539060,279.1520550235407
7539090,279.1519329394436
7539120,279.1518491675172
7539150,279.1517894377521
7539180,279.1517466402796
7539210,279.1517176171608
7539240,279.15169692877333
7539270,279.15168253239375
7539300,279.1516725063497
7539330,279.1516658587735
7539360,279.15166153820525
7539390,279.1516579201137
7539420,279.15165543432965
7539450,279.1516538997166
7539480,279.15165253707784
7539510,279.1516518607616
7539540,279.1516511899426
7539570,279.1516508302538
7539600,279.15165074722574
7539630,279.15165062502655
7539660,279.1516501502879
7539690,279.15164992712573
7539720,279.15164993036393
7539750,279.15164995877416
7539780,279.1516500041656
7539810,279.15165009510605
7539840,279.15165019207063
7539870,279.1516502438487
7539900,279.151650254689
7539930,279.15165025895664
7539960,279.1516502733677
7539990,279.1516502929724
7540020,279.15165031094125
7540050,279.1516503269767
7540080,279.1516503430796
7540110,279.15165035991924
7540140,279.1516503772804
7540170,279.1516503950233
7540200,279.1516504132366
7540230,279.1516503424351
7540260,279.151650101741
7540290,279.1516497185659
7540320,279.1516492177464
7540350,279.151649258553
7540380,279.1516498220892
7540410,279.1516502422435
7540440,279.15165012615233
7540470,279.1516498149689
7540500,279.1516498227932
7540530,279.1516495234084
7540560,279.15164683944755
7540590,279.15163964779697
7540620,279.1516382257515
7540650,279.1516422428281
7540680,279.1516448966418
7540710,279.15164594841633
7540740,279.15164737655283
7540770,279.1516480413375
7540800,279.1516485441193
7540830,279.15164881447095
7540860,279.15164898784906
7540890,279.15165023265
7540920,279.1516536772691
7540950,279.15165969684045
7540980,279.15166505549786
7541010,279.15166588307136
7541040,279.1516625615588
7541070,279.15165878986596
7541100,279.1516568695736
7541130,279.1516561385328
7541160,279.15165423150523
7541190,279.1516526880743
7541220,279.15165161084695
7541250,279.1516513454643
7541280,279.151651565967
7541310,279.1516516950291
7541340,279.15165131997344
7541370,279.15165068266515
7541400,279.15165019145263
7541430,279.15165031786705
7541460,279.15165268618637
7541490,279.1516543300357
7541520,279.1516548082762
7541550,279.15165453040527
7541580,279.1516556283373
7541610,279.15165858847
7541640,279.15165945780444
7541670,279.15165939071295
7541700,279.15166046850686
7541730,279.1516598758468
7541760,279.1516584908852
7541790,279.1516577862803
7541820,279.1516573275695
7541850,279.1516565889612
7541880,279.15165559994824
7541910,279.1516542319776
7541940,279.15165258863084
7541970,279.1516507985413
7542000,279.1516488751511
7542030,279.1908273065137
7542060,279.18368159896005
7542090,279.1862277737076
7542120,279.1885027809856
7542150,279.1908052831725
7542180,279.19327131156194
7542210,279.1965069730044
7542240,279.19989176137886
7542270,279.2029570424799
7542300,279.20576839093565
7542330,279.2084440484394
7542360,279.21105357650333
7542390,279.2136373974669
7542420,279.2162152207187
7542450,279.2187958672219
7542480,279.221381293433
7542510,279.22397514507446
7542540,279.22657828004503
7542570,279.22919116210613
7542600,279.231814044832
7542630,279.2118151597206
7542660,279.2120381400849
7542690,279.2120122455427
7542720,279.2120121377182
7542750,279.21201214870973
7542780,279.21201216305616
7542810,279.212012162096
7542840,279.2120121620988
7542870,279.2120121620988
7542900,279.2120121620988
7542930,279.2120121620988
7542960,279.2120121620988
7542990,279.2120121620988
7543020,279.2120121620988
7543050,279.2120121620988
7543080,279.2120121620988
7543110,279.2120121620988
7543140,279.2120121620988
7543170,279.2120121620988
7543200,279.2120121620988
7543230,283.782767741907
7543260,281.98029433877775
7543290,280.5047765567395
7543320,279.86043885529926
7543350,279.5594838697951
7543380,279.41973051741303
7543410,279.3556490211812
7543440,279.3277445866462
7543470,279.31671914553476
7543500,279.31325100017807
7543530,279.3131981870384
7543560,279.3147135475229
7543590,279.31695498991223
7543620,279.319538490233
7543650,279.3222860735308
7543680,279.32511645858045
7543710,279.32799174994585
7543740,279.33089432582256
7543770,279.3338161272435
7543800,279.3367534833495
7543830,279.28717033266355
7543860,279.2873433576989
7543890,279.28734341454424
7543920,279.28734341419863
7543950,279.28734341419863
7543980,279.28734341419863
7544010,279.28734341419863
7544040,279.28734341419863
7544070,279.28734341419863
7544100,279.28734341419863
7544130,279.28734341419863
7544160,279.28734341419863
7544190,279.28734341419863
7544220,279.28734341419863
7544250,279.28734341419863
7544280,279.28734341419863
7544310,279.28734341419863
7544340,279.28734341419863
7544370,279.28734341419863
7544400,279.28734341419863
7544430,284.1377103609576
7544460,282.27671886136204
7544490,280.7110994493244
7544520,280.01844396635033
7544550,279.69061645282653
7544580,279.53639131018286
7544610,279.46559722870006
7544640,279.43655491192806
7544670,279.42683680291793
7544700,279.42488630749716
7544730,279.4259334115747
7544760,279.4282167750821
7544790,279.43104195240005
7544820,279.434117432442
7544850,279.43731340082365
7544880,279.44057116364644
7544910,279.44386630134085
7544940,279.4471856188504
7544970,279.4505238354516
7545000,279.45387839648623
7545030,279.36970236864386
7545060,279.3697643402951
7545090,279.3697619084487
7545120,279.3697619084053
7545150,279.3697619084053
7545180,279.3697619084053
7545210,279.3697619084053
7545240,279.3697619084053
7545270,279.3697619084053
7545300,279.3697619084053
7545330,279.3697619084053
7545360,279.3697619084053
7545390,279.3697619084053
7545420,279.3697619084053
7545450,279.3697619084053
7545480,279.3697619084053
7545510,279.3697619084053
7545540,279.3697619084053
7545570,279.3697619084053
7545600,279.3697619084053
7545630,284.3080834665354
7545660,282.4359512998073
7545690,280.8466116252489
7545720,280.14574905014945
7545750,279.8159770435695
7545780,279.66221373026985
7545810,279.59334295206037
7545840,279.56759901993394
7545870,279.5610697525636
7545900,279.56160509844193
7545930,279.5645886558774
7545960,279.5685304643139
7545990,279.5729109245248
7546020,279.57753026648174
7546050,279.5822999711696
7546080,279.58718254649466
7546110,279.5921572477827
7546140,279.59721665249657
7546170,279.6023536199141
7546200,279.6075667757668
7546230,279.479008008722
7546260,279.47901963297426
7546290,279.4790207970287
7546320,279.4790208043174
7546350,279.4790208043174
7546380,279.4790208043174
7546410,279.4790208043174
7546440,279.4790208043174
7546470,279.4790208043174
7546500,279.4790208043174
7546530,279.4790208043174
7546560,279.4790208043174
7546590,279.4790208043174
7546620,279.4790208043174
7546650,279.4790208043174
7546680,279.4790208043174
7546710,279.4790208043174
7546740,279.4790208043174
7546770,279.4790208043174
7546800,279.4790208043174
7546830,284.56305471258617
7546860,282.67942897161055
7546890,281.0541718668042
7546920,280.3418115289953
7546950,280.01024359537735
7546980,279.8579627395846
7547010,279.79092439494144
7547040,279.7674445746533
7547070,279.76755671968203
7547100,279.7744141613968
7547130,279.78186307226275
7547160,279.78896841575596
7547190,279.7958011284869
7547220,279.802494835762
7547250,279.8091279808358
7547280,279.8157390874302
7547310,279.82234459067547
7547340,279.8289508791653
7547370,279.83556042390364
7547400,279.84217313520594
7547430,279.6435903615702
7547460,279.64355163049555
7547490,279.6435338133383
7547520,279.64353427190736
7547550,279.64353427190736
7547580,279.64353427190736
7547610,279.64353427190736
7547640,279.64353427190736
7547670,279.64353427190736
7547700,279.64353427190736
7547730,279.64353427190736
7547760,279.64353427190736
7547790,279.64353427190736
7547820,279.64353427190736
7547850,279.64353427190736
7547880,279.64353427190736
7547910,279.64353427190736
7547940,279.64353427190736
7547970,279.64353427190736
7548000,279.64353427190736
7548030,284.89946439880737
7548060,282.98294203588216
7548090,281.3032471358312
7548120,280.5709921061523
7548150,280.2331782950341
7548180,280.079254317926
7548210,280.01103402964316
7548240,279.9843172730054
7548270,279.98030267758867
7548300,279.9911422005304
7548330,280.00533641791554
7548360,280.0165104907044
7548390,280.0249559150368
7548420,280.0318681124363
7548450,280.03801161880085
7548480,280.0437712966223
7548510,280.0493260829207
7548540,280.054756644946
7548570,280.0600971638601
7548600,280.0653625996259
7548630,279.7963171795595
7548660,279.79402265896874
7548690,279.7941096459258
7548720,279.79412283054535
7548750,279.79412283054535
7548780,279.79412283054535
7548810,279.79412283054535
7548840,279.79412283054535
7548870,279.79412283054535
7548900,279.79412283054535
7548930,279.79412283054535
7548960,279.79412283054535
7548990,279.79412283054535
7549020,279.79412283054535
7549050,279.79412283054535
7549080,279.79412283054535
7549110,279.79412283054535
7549140,279.79412283054535
7549170,279.79412283054535
7549200,279.79412283054535
7549230,285.180094530528
7549260,283.22082938749844
7549290,281.4901576005563
7549320,280.7377861635963
7549350,280.3919347696668
7549380,280.2340727180908
7549410,280.16285579606523
7549440,280.13199116825973
7549470,280.1214447718244
7549500,280.12253682947386
7549530,280.1320968003521
7549560,280.1478554396123
7549590,280.1605068602828
7549620,280.16840090233063
7549650,280.1733303621616
7549680,280.17674601517916
7549710,280.17941527983277
7549740,280.1817147685219
7549770,280.18380845313243
7549800,280.18577413650587
7549830,279.87521528862067
7549860,279.8750247434899
7549890,279.8750239447513
7549920,279.875023945717
7549950,279.8750239457128
7549980,279.8750239457128
7550010,279.8750239457128
7550040,279.8750239457128
7550070,279.8750239457128
7550100,279.8750239457128
7550130,279.8750239457128
7550160,279.8750239457128
7550190,279.8750239457128
7550220,279.8750239457128
7550250,279.8750239457128
7550280,279.8750239457128
7550310,279.8750239457128
7550340,279.8750239457128
7550370,279.8750239457128
7550400,279.8750239457128
7550430,285.3013346050053
7550460,283.3142653442712
7550490,281.55970376064494
7550520,280.7972100209093
7550550,280.44657442623486
7550580,280.28585674536055
7550610,280.2124557760329
7550640,280.17935772080847
7550670,280.16659941041155
7550700,280.16486026890806
7550730,280.1715992831217
7550760,280.18611117563677
7550790,280.1987161985589
7550820,280.2060418620446
7550850,280.20985420893516
7550880,280.21187096919095
7550910,280.21304643396275
7550940,280.21383947401426
7550970,280.21446044791185
7551000,280.2150027121259
7551030,279.8933945830057
7551060,279.89318908085147
7551090,279.8931913456409
7551120,279.89319095640326
7551150,279.89319095641497
7551180,279.89319095641497
7551210,279.89319095641497
7551240,279.89319095641497
7551270,279.89319095641497
7551300,279.89319095641497
7551330,279.89319095641497
7551360,279.89319095641497
7551390,279.89319095641497
7551420,279.89319095641497
7551450,279.89319095641497
7551480,279.89319095641497
7551510,279.89319095641497
7551540,279.89319095641497
7551570,279.89319095641497
7551600,279.89319095641497
7551630,285.3362071591145
7551660,283.34302373249557
7551690,281.5822655995019
7551720,280.8174938909116
7551750,280.4663250599107
7551780,280.3056650253029
7551810,280.2325600164293
7551840,280.19972267312204
7551870,280.18717160134935
7551900,280.18524706013795
7551930,280.1915851115656
7551960,280.2067413937904
7551990,280.22135626966417
7552020,280.2304545004799
7552050,280.2356305849918
7552080,280.2387910974116
7552110,280.24102433373855
7552140,280.24287646451944
7552170,280.24459262954025
7552200,280.24628171561824
7552230,279.91468228472206
7552260,279.91447177789087
7552290,279.9144717609394
7552320,279.9144717610537
7552350,279.9144717610514
7552380,279.9144717610514
7552410,279.9144717610514
7552440,279.9144717610514
7552470,279.9144717610514
7552500,279.9144717610514
7552530,279.9144717610514
7552560,279.9144717610514
7552590,279.9144717610514
7552620,279.9144717610514
7552650,279.9144717610514
7552680,279.9144717610514
7552710,279.9144717610514
7552740,279.9144717610514
7552770,279.9144717610514
7552800,279.9144717610514
7552830,285.4231628813049
7552860,283.4281473395309
7552890,281.65342620143997
7552920,280.88529295356966
7552950,280.53489768754446
7552980,280.37638806726005
7553010,280.3057736351839
7553040,280.2753490845525
7553070,280.2648561267722
7553100,280.26480050814274
7553130,280.2719794099066
7553160,280.2890233731016
7553190,280.30917153472876
7553220,280.3234313792035
7553250,280.33252306851284
7553280,280.33879267065737
7553310,280.3437289231108
7553340,280.34807487942754
7553370,280.35217353776295
7553400,280.3561780452433
7553430,279.98935690945797
7553460,279.98910712688354
7553490,279.9891079906261
7553520,279.989107987762
7553550,279.9891079888485
7553580,279.9891079888485
7553610,279.9891079888485
7553640,279.9891079888485
7553670,279.9891079888485
7553700,279.9891079888485
7553730,279.9891079888485
7553760,279.9891079888485
7553790,279.9891079888485
7553820,279.9891079888485
7553850,279.9891079888485
7553880,279.9891079888485
7553910,279.9891079888485
7553940,279.9891079888485
7553970,279.9891079888485
7554000,279.9891079888485
7554030,285.6256164257693
7554060,283.60913298840427
7554090,281.796279523437
7554120,281.01539681338613
7554150,280.6619597890865
7554180,280.5035665969596
7554210,280.43388806737903
7554240,280.4045567240232
7554270,280.39403726340646
7554300,280.3943362877086
7554330,280.4002853418932
7554360,280.41260733096357
7554390,280.4359573404309
7554420,280.45731353828324
7554450,280.4712868198249
7554480,280.48028038428174
7554510,280.48674214125964
7554540,280.49203307680983
7554570,280.49680109954267
7554600,280.50133877087376
7554630,280.08412058655426
7554660,280.0837978581336
7554690,280.08379968598166
7554720,280.0837996567138
7554750,280.0837996546987
7554780,280.0837996546987
7554810,280.0837996546987
7554840,280.0837996546987
7554870,280.0837996546987
7554900,280.0837996546987
7554930,280.0837996546987
7554960,280.0837996546987
7554990,280.0837996546987
7555020,280.0837996546987
7555050,280.0837996546987
7555080,280.0837996546987
7555110,280.0837996546987
7555140,280.0837996546987
7555170,280.0837996546987
7555200,280.0837996546987
7555230,285.8613316875857
7555260,283.81022475827086
7555290,281.949885418948
7555320,281.15237678175237
7555350,280.7940200774536
7555380,280.6345325091266
7555410,280.5647780416863
7555440,280.535497044243
7555470,280.524386980092
7555500,280.5234537001622
7555530,280.5281815975509
7555560,280.53670124571426
7555590,280.55270632211915
7555620,280.57832954729787
7555650,280.599429991553
7555680,280.61265137042636
7555710,280.6209124166818
7555740,280.626696401698
7555770,280.6313281480201
7555800,280.6354397973904
7555830,280.16920715345196
7555860,280.16884663803773
7555890,280.1688465929632
7555920,280.1688466008894
7555950,280.16884660372256
7555980,280.16884660372256
7556010,280.16884660372256
7556040,280.16884660372256
7556070,280.16884660372256
7556100,280.16884660372256
7556130,280.16884660372256
7556160,280.16884660372256
7556190,280.16884660372256
7556220,280.16884660372256
7556250,280.16884660372256
7556280,280.16884660372256
7556310,280.16884660372256
7556340,280.16884660372256
7556370,280.16884660372256
7556400,280.16884660372256
7556430,286.06845065525647
7556460,283.9803823564456
7556490,282.0758339981463
7556520,281.26239523908083
7556550,280.8987671807079
7556580,280.73747606170076
7556610,280.6668664862649
7556640,280.63679679927077
7556670,280.6249116583576
7556700,280.62177556265806
7556730,280.62529809261787
7556760,280.6311828883333
7556790,280.6408716711687
7556820,280.66142211737684
7556850,280.6854432552709
7556880,280.7040772198471
7556910,280.7159883862531
7556940,280.72324884283336
7556970,280.7280933822135
7557000,280.7318132558285
7557030,280.22830173666534
7557060,280.22790595750286
7557090,280.22790591683975
7557120,280.22790591681445
7557150,280.22790591681445
7557180,280.22790591681445
7557210,280.22790591681445
7557240,280.22790591681445
7557270,280.22790591681445
7557300,280.22790591681445
7557330,280.22790591681445
7557360,280.22790591681445
7557390,280.22790591681445
7557420,280.22790591681445
7557450,280.22790591681445
7557480,280.22790591681445
7557510,280.22790591681445
7557540,280.22790591681445
7557570,280.22790591681445
7557600,280.22790591681445
7557630,286.2292953707863
7557660,284.1127534328639
7557690,282.17316940920483
7557720,281.3476198084324
7557750,280.9804467855367
7557780,280.8182932405353
7557810,280.74757007930145
7557840,280.7174821658285
7557870,280.7055263438177
7557900,280.70163221531294
7557930,280.7038691232341
7557960,280.70942716316523
7557990,280.71606682969986
7558020,280.72927240053554
7558050,280.754613971417
7558080,280.7760092665469
7558110,280.7900980722317
7558140,280.8009421637574
7558170,280.80834340192956
7558200,280.8132384877183
7558230,280.2778958864534
7558260,280.27746767785675
7558290,280.277467209063
7558320,280.2774671913859
7558350,280.2774671764948
7558380,280.2774671764948
7558410,280.2774671764948
7558440,280.2774671764948
7558470,280.2774671764948
7558500,280.2774671764948
7558530,280.2774671764948
7558560,280.2774671764948
7558590,280.2774671764948
7558620,280.2774671764948
7558650,280.2774671764948
7558680,280.2774671764948
7558710,280.2774671764948
7558740,280.2774671764948
7558770,280.2774671764948
7558800,280.2774671764948
7558830,286.371019523903
7558860,284.22818927662007
7558890,282.25664073513644
7558920,281.42004317732926
7558950,281.049549032079
7558980,280.88652225674804
7559010,280.815540553725
7559040,280.7852919447373
7559070,280.7730523614925
7559100,280.7687801469582
7559130,280.7691535874988
7559160,280.77433133477166
7559190,280.779848267569
7559220,280.7870164444849
7559250,280.80675516711017
7559280,280.8332057527212
7559310,280.85117112776817
7559340,280.86118233304103
7559370,280.86763479137767
7559400,280.8746839107081
7559430,280.31456336714103
7559460,280.31416153868594
7559490,280.31416048064966
7559520,280.3141605377368
7559550,280.3141605372794
7559580,280.3141605372794
7559610,280.3141605372794
7559640,280.3141605372794
7559670,280.3141605372794
7559700,280.3141605372794
7559730,280.3141605372794
7559760,280.3141605372794
7559790,280.3141605372794
7559820,280.3141605372794
7559850,280.3141605372794
7559880,280.3141605372794
7559910,280.3141605372794
7559940,280.3141605372794
7559970,280.3141605372794
7560000,280.3141605372794
7560030,286.48484487999923
7560060,284.3196963432417
7560090,282.3216059037957
7560120,281.47581986241926
7560150,281.1024676217291
7560180,280.93853175485714
7560210,280.8671535530928
7560240,280.8365522818013
7560270,280.8238801028029
7560300,280.8191394497841
7560330,280.8185394260648
7560360,280.82299827556545
7560390,280.82820514295855
7560420,280.83414424873064
7560450,280.85402281092786
7560480,280.88140888454893
7560510,280.89971275260393
7560540,280.9095497782559
7560570,280.91476919406244
7560600,280.9187927123231
7560630,280.3396009923223
7560660,280.33910116357777
7560690,280.339147592431
7560720,280.3391570379128
7560750,280.33915703613087
7560780,280.33915703613087
7560810,280.33915703613087
7560840,280.33915703613087
7560870,280.33915703613087
7560900,280.33915703613087
7560930,280.33915703613087
7560960,280.33915703613087
7560990,280.33915703613087
7561020,280.33915703613087
7561050,280.33915703613087
7561080,280.33915703613087
7561110,280.33915703613087
7561140,280.33915703613087
7561170,280.33915703613087
7561200,280.33915703613087
7561230,286.5652652829691
7561260,284.3835806661049
7561290,282.36636458539846
7561320,281.5139322387912
7561350,281.138497965304
7561380,280.9738604012492
7561410,280.9020967498734
7561440,280.87119072438355
7561470,280.85813301358274
7561500,280.8530201361932
7561530,280.8516030659807
7561560,280.85508532083134
7561590,280.8602461752289
7561620,280.8646121241162
7561650,280.8799901771788
7561680,280.9081894770717
7561710,280.92906921229326
7561740,280.9403942268892
7561770,280.94612565523784
7561800,280.9491843577472
7561830,280.3564521917145
7561860,280.3559469326939
7561890,280.35594918785273
7561920,280.35594919728493
7561950,280.35594919728493
7561980,280.35594919728493
7562010,280.35594919728493
7562040,280.35594919728493
7562070,280.35594919728493
7562100,280.35594919728493
7562130,280.35594919728493
7562160,280.35594919728493
7562190,280.35594919728493
7562220,280.35594919728493
7562250,280.35594919728493
7562280,280.35594919728493
7562310,280.35594919728493
7562340,280.35594919728493
7562370,280.35594919728493
7562400,280.35594919728493
7562430,286.62118314139485
7562460,284.4286497985727
7562490,282.39796519764445
7562520,281.5409955474765
7562550,281.1641957849615
7562580,280.999186593894
7562610,280.9273123472075
7562640,280.89631749747133
7562670,280.88314907068997
7562700,280.87785527654586
7562730,280.87601969759027
7562760,280.8782230973565
7562790,280.8834951304894
7562820,280.88761758852894
7562850,280.8965192861259
7562880,280.9226245487174
7562910,280.9473709074225
7562940,280.9620008173781
7562970,280.9694333595784
7563000,280.97319923079704
7563030,280.3702365180132
7563060,280.3697444291036
7563090,280.3697993645339
7563120,280.36980018799403
7563150,280.36980018799403
7563180,280.36980018799403
7563210,280.36980018799403
7563240,280.36980018799403
7563270,280.36980018799403
7563300,280.36980018799403
7563330,280.36980018799403
7563360,280.36980018799403
7563390,280.36980018799403
7563420,280.36980018799403
7563450,280.36980018799403
7563480,280.36980018799403
7563510,280.36980018799403
7563540,280.36980018799403
7563570,280.36980018799403
7563600,280.36980018799403
7563630,286.6698755381732
7563660,284.467828142645
7563690,282.42552395628684
7563720,281.5647498406471
7563750,281.1869737278274
7563780,281.02187220959473
7563810,280.9501244125299
7563840,280.9192396650248
7563870,280.90625581262753
7563900,280.90104187632744
7563930,280.89928164017977
7563960,280.89918728927813
7563990,280.9030347663131
7564020,280.90866189542487
7564050,280.9126663540192
7564080,280.9156385648473
7564110,280.93212777663626
7564140,280.9585269242077
7564170,280.97942509004406
7564200,280.99161221296816
7564230,280.38106625410234
7564260,280.3805585699557
7564290,280.38055786621027
7564320,280.38055786454635
7564350,280.38055786454635
7564380,280.38055786454635
7564410,280.38055786454635
7564440,280.38055786454635
7564470,280.38055786454635
7564500,280.38055786454635
7564530,280.38055786454635
7564560,280.38055786454635
7564590,280.38055786454635
7564620,280.38055786454635
7564650,280.38055786454635
7564680,280.38055786454635
7564710,280.38055786454635
7564740,280.38055786454635
7564770,280.38055786454635
7564800,280.38055786454635
7564830,286.72120421650555
7564860,284.50937487062527
7564890,282.45433194020023
7564920,281.5893102420021
7564950,281.2103275594328
7564980,281.044926418461
7565010,280.97304604690515
7565040,280.9420576874708
7565070,280.92888734042845
7565100,280.92346952344457
7565130,280.9214470282072
7565160,280.92088051847725
7565190,280.9221869287116
7565220,280.92740798732535
7565250,280.93215501806566
7565280,280.935011451162
7565310,280.9376072403754
7565340,280.9557168461283
7565370,280.9806008320262
7565400,280.99964063669734
7565430,280.38473346750317
7565460,280.38423199109604
7565490,280.38427853857746
7565520,280.38427659619083
7565550,280.38427659619083
7565580,280.38427659619083
7565610,280.38427659619083
7565640,280.38427659619083
7565670,280.38427659619083
7565700,280.38427659619083
7565730,280.38427659619083
7565760,280.38427659619083
7565790,280.38427659619083
7565820,280.38427659619083
7565850,280.38427659619083
7565880,280.38427659619083
7565910,280.38427659619083
7565940,280.38427659619083
7565970,280.38427659619083
7566000,280.38427659619083
7566030,286.74378972370926
7566060,284.52455332021026
7566090,282.4628417083808
7566120,281.59497179059883
7566150,281.2144481270272
7566180,281.04787072671684
7566210,280.97492995727214
7566240,280.9428332786982
7566270,280.9285267258749
7566300,280.92194784459383
7566330,280.9187106187841
7566360,280.9169058532365
7566390,280.91623913868074
7566420,280.9195692295706
7566450,280.9234140403747
7566480,280.9253510482613
7566510,280.92585044208136
7566540,280.93381786144784
7566570,280.9565330864827
7566600,280.9752778601823
7566630,280.36765315894274
7566660,280.36716615610555
7566690,280.36716563311006
7566720,280.36716575511184
7566750,280.36716575511184
7566780,280.36716575511184
7566810,280.36716575511184
7566840,280.36716575511184
7566870,280.36716575511184
7566900,280.36716575511184
7566930,280.36716575511184
7566960,280.36716575511184
7566990,280.36716575511184
7567020,280.36716575511184
7567050,280.36716575511184
7567080,280.36716575511184
7567110,280.36716575511184
7567140,280.36716575511184
7567170,280.36716575511184
7567200,280.36716575511184
7567230,286.68008279220004
7567260,284.4672744772045
7567290,282.41922884661363
7567320,281.5545425509837
7567350,281.17330488874296
7567380,281.0047593489145
7567410,280.9295527687947
7567440,280.89512350113733
7567470,280.87839841822716
7567500,280.8694330957312
7567530,280.8637978592121
7567560,280.8595836509987
7567590,280.8563613590107
7567620,280.85690815828605
7567650,280.8580972709362
7567680,280.857434021524
7567710,280.8553216778653
7567740,280.8596821722584
7567770,280.8767204908851
7567800,280.89153358478376
7567830,280.31390841757866
7567860,280.3134567191365
7567890,280.3134527661702
7567920,280.3134527661702
7567950,280.3134527661702
7567980,280.3134527661702
7568010,280.3134527661702
7568040,280.3134527661702
7568070,280.3134527661702
7568100,280.3134527661702
7568130,280.3134527661702
7568160,280.3134527661702
7568190,280.3134527661702
7568220,280.3134527661702
7568250,280.3134527661702
7568280,280.3134527661702
7568310,280.3134527661702
7568340,280.3134527661702
7568370,280.3134527661702
7568400,280.3134527661702
7568430,286.4630616073604
7568460,284.28046137778875
7568490,282.2816375508129
7568520,281.43135721454286
7568550,281.05179550722715
7568580,280.88106962370114
7568610,280.8027059761431
7568640,280.7651142619536
7568670,280.7454220006576
7568700,280.733564926357
7568730,280.7252026667604
7568760,280.7183176334726
7568790,280.71334650567974
7568820,280.7116534631852
7568850,280.70936371358096
7568880,280.7054551158027
7568910,280.70217871594684
7568940,280.71113459599775
7568970,280.72226390690327
7569000,280.7290811750729
7569030,280.21317563676257
7569060,280.21279377781326
7569090,280.2127758526271
7569120,280.2127755386536
7569150,280.2127755386536
7569180,280.2127755386536
7569210,280.2127755386536
7569240,280.2127755386536
7569270,280.2127755386536
7569300,280.2127755386536
7569330,280.2127755386536
7569360,280.2127755386536
7569390,280.2127755386536
7569420,280.2127755386536
7569450,280.2127755386536
7569480,280.2127755386536
7569510,280.2127755386536
7569540,280.2127755386536
7569570,280.2127755386536
7569600,280.2127755386536
7569630,286.11011376175173
7569660,283.98027489914404
7569690,282.05932219722376
7569720,281.2340783185808
7569750,280.8601680648742
7569780,280.6890460539561
7569810,280.6087738332993
7569840,280.56911478128524
7569870,280.54761124990097
7569900,280.53422424719975
7569930,280.5244099480624
7569960,280.51670085407545
7569990,280.51248594599537
7570020,280.50876613486173
7570050,280.5037784406494
7570080,280.4995137836435
7570110,280.50565874279266
7570140,280.51300728870285
7570170,280.5173795266168
7570200,280.51932785765945
7570230,280.08285812890466
7570260,280.0824432762702
7570290,280.0824525466279
7570320,280.0824525073667
7570350,280.0824525073667
7570380,280.0824525073667
7570410,280.0824525073667
7570440,280.0824525073667
7570470,280.0824525073667
7570500,280.0824525073667
7570530,280.0824525073667
7570560,280.0824525073667
7570590,280.0824525073667
7570620,280.0824525073667
7570650,280.0824525073667
7570680,280.0824525073667
7570710,280.0824525073667
7570740,280.0824525073667
7570770,280.0824525073667
7570800,280.0824525073667
7570830,285.7095277026688
7570860,283.636723740266
7570890,281.79846942399763
7570920,281.00143186536076
7570950,280.63520336127345
7570980,280.4651802835778
7571010,280.38423301346546
7571040,280.34365821409625
7571070,280.3213568527413
7571100,280.30733522157965
7571130,280.29735252517014
7571160,280.29129354669914
7571190,280.2861783412573
7571220,280.2802374869106
7571250,280.2767318110103
7571280,280.2814110003464
7571310,280.2863542031504
7571340,280.2885746829895
7571370,280.28670282179746
7571400,280.2817715083945
7571430,279.93036157581577
7571460,279.9301314672734
7571490,279.93013721906635
7571520,279.93013722164807
7571550,279.9301372213835
7571580,279.9301372213835
7571610,279.9301372213835
7571640,279.9301372213835
7571670,279.9301372213835
7571700,279.9301372213835
7571730,279.9301372213835
7571760,279.9301372213835
7571790,279.9301372213835
7571820,279.9301372213835
7571850,279.9301372213835
7571880,279.9301372213835
7571910,279.9301372213835
7571940,279.9301372213835
7571970,279.9301372213835
7572000,279.9301372213835
7572030,285.2803269432772
7572060,283.2559025587249
7572090,281.4971684834969
7572120,280.7269439856795
7572150,280.3673739834759
7572180,280.19740549976143
7572210,280.1147329296422
7572240,280.07220277815685
7572270,280.04813385455134
7572300,280.03294481589325
7572330,280.02331578841955
7572360,280.01541619757717
7572390,280.00764194154397
7572420,280.004878947214
7572450,280.0072176204487
7572480,280.007902656531
7572510,280.0046884124704
7572540,279.99866462564745
7572570,279.9911597407645
7572600,279.9829549049866
7572630,279.73130138036555
7572660,279.7312008629263
7572690,279.7312024559618
7572720,279.73120243310456
7572750,279.73120243731245
7572780,279.73120243731245
7572810,279.73120243731245
7572840,279.73120243731245
7572870,279.73120243731245
7572900,279.73120243731245
7572930,279.73120243731245
7572960,279.73120243731245
7572990,279.73120243731245
7573020,279.73120243731245
7573050,279.73120243731245
7573080,279.73120243731245
7573110,279.73120243731245
7573140,279.73120243731245
7573170,279.73120243731245
7573200,279.73120243731245
7573230,284.8111878507465
7573260,282.83570167499335
7573290,281.1567656642814
7573320,280.41494520483235
7573350,280.06376956488947
7573380,279.89548604449544
7573410,279.8126541988725
7573440,279.7696808830455
7573470,279.74571830321526
7573500,279.7314658105412
7573530,279.72111868039013
7573560,279.71317323638795
7573590,279.7108423035488
7573620,279.7096044909207
7573650,279.7058806169713
7573680,279.70000750686097
7573710,279.6929604910194
7573740,279.68548579215
7573770,279.6785168495353
7573800,279.6715186304982
7573830,279.51888221181554
7573860,279.5188814395966
7573890,279.5188167738785
7573920,279.518816531077
7573950,279.51881640478814
7573980,279.51881640478814
7574010,279.51881640478814
7574040,279.51881640478814
7574070,279.51881640478814
7574100,279.51881640478814
7574130,279.51881640478814
7574160,279.51881640478814
7574190,279.51881640478814
7574220,279.51881640478814
7574250,279.51881640478814
7574280,279.51881640478814
7574310,279.51881640478814
7574340,279.51881640478814
7574370,279.51881640478814
7574400,279.51881640478814
7574430,284.38790838753687
7574460,282.4561173335993
7574490,280.843746930799
7574520,280.1271497351279
7574550,279.78480584526324
7574580,279.6197180994281
7574610,279.53841397136534
7574640,279.49680246681675
7574670,279.4744727063484
7574700,279.46103642638184
7574730,279.45246924369644
7574760,279.44838912869295
7574790,279.44484920748573
7574820,279.44026880754166
7574850,279.4348999378965
7574880,279.4294834787561
7574910,279.4240020599008
7574940,279.41827410052025
7574970,279.4123844587727
7575000,279.40643126058694
7575030,279.3335978507488
7575060,279.3337121422555
7575090,279.3337252435884
7575120,279.3337261654686
7575150,279.3337264642487
7575180,279.3337264642487
7575210,279.3337264642487
7575240,279.3337264642487
7575270,279.3337264642487
7575300,279.3337264642487
7575330,279.3337264642487
7575360,279.3337264642487
7575390,279.3337264642487
7575420,279.3337264642487
7575450,279.3337264642487
7575480,279.3337264642487
7575510,279.3337264642487
7575540,279.3337264642487
7575570,279.3337264642487
7575600,279.3337264642487
7575630,284.0651765391767
7575660,282.1673241100698
7575690,280.60206620137865
7575720,279.90387339000813
7575750,279.56836330111975
7575780,279.40606007010473
7575810,279.3262466887583
7575840,279.28578629699985
7575870,279.26433850143735
7575900,279.25151053271844
7575930,279.2440636658698
7575960,279.238982867726
7575990,279.2343488619385
7576020,279.2298676663903
7576050,279.2255378128339
7576080,279.22119025291755
7576110,279.21681760618765
7576140,279.21244935259915
7576170,279.2081062145612
7576200,279.2037990511284
7576230,279.1889848916347
7576260,279.1891506555844
7576290,279.1891506556038
7576320,279.18915065560384
7576350,279.18915065560384
7576380,279.18915065560384
7576410,279.18915065560384
7576440,279.18915065560384
7576470,279.18915065560384
7576500,279.18915065560384
7576530,279.18915065560384
7576560,279.18915065560384
7576590,279.18915065560384
7576620,279.18915065560384
7576650,279.18915065560384
7576680,279.18915065560384
7576710,279.18915065560384
7576740,279.18915065560384
7576770,279.18915065560384
7576800,279.18915065560384
7576830,283.8355122056126
7576860,281.96212849994276
7576890,280.4290698997774
7576920,279.74391167188315
7576950,279.41365074692584
7576980,279.2538132132324
7577010,279.17541700834624
7577040,279.1351870523
7577070,279.1086935009674
7577100,279.0869946328449
7577130,279.0688691675617
7577160,279.05251241683914
7577190,279.037383448036
7577220,279.0232504007128
7577250,279.00989606081043
7577280,278.9972074277071
7577310,278.9851094254355
7577340,278.9735419651907
7577370,278.96245365040113
7577400,278.951799826101
7577430,278.95556903805897
7577460,278.9557800042582
7577490,278.9552991133863
7577520,278.9552498616059
7577550,278.9552498616059
7577580,278.9552498616059
7577610,278.9552498616059
7577640,278.9552498616059
7577670,278.9552498616059
7577700,278.9552498616059
7577730,278.9552498616059
7577760,278.9552498616059
7577790,278.9552498616059
7577820,278.9552498616059
7577850,278.9552498616059
7577880,278.9552498616059
7577910,278.9552498616059
7577940,278.9552498616059
7577970,278.9552498616059
7578000,278.9552498616059
7578030,284.66745890512146
7578060,283.4646538073352
7578090,281.9494771620046
7578120,280.9994766530524
7578150,280.3727243982939
7578180,279.95713540712603
7578210,279.68157183760883
7578240,279.49915586864927
7578270,279.3786472242401
7578300,279.2992485747913
7578330,279.24709597631
7578360,279.21293846352086
7578390,279.19065675741297
7578420,279.1761876864428
7578450,279.16688207916894
7578480,279.16090648636964
7578510,279.15711996144944
7578540,279.15474768374
7578570,279.1532831821379
7578600,279.1523997565539
7578630,279.1519409249977
7578660,279.15171594874585
7578690,279.15159621934265
7578720,279.1515424795707
7578750,279.15152818965817
7578780,279.15153645287234
7578810,279.15155612118144
7578840,279.15158019061516
7578870,279.1516058432784
7578900,279.1516303030251
7578930,279.1516535214833
7578960,279.15167158673484
7578990,279.15168633130963
7579020,279.1516998036746
7579050,279.1517108889647
7579080,279.15171977485204
7579110,279.1517273242286
7579140,279.151733614073
7579170,279.15173862750174
7579200,279.15174259880985
7579230,279.1517461640145
7579260,279.15174968180094
7579290,279.1517512542756
7579320,279.15175168315676
7579350,279.15175357086446
7579380,279.15175529141726
7579410,279.1517562364548
7579440,279.15175703170445
7579470,279.1517575789536
7579500,279.1517584246605
7579530,279.151759074429
7579560,279.1517591290615
7579590,279.1517590044968
7579620,279.15175775949496
7579650,279.151756246155
7579680,279.1517565427539
7579710,279.15175721637576
7579740,279.15175717754937
7579770,279.1517571969334
7579800,279.1517575175682
7579830,279.151757872828
7579860,279.1517575756502
7579890,279.15175761859587
7579920,279.1517581606766
7579950,279.1517587343877
7579980,279.1517595548233
7580010,279.1517626143609
7580040,279.1517667407471
7580070,279.151766958953
7580100,279.15176501729087
7580130,279.1517630884753
7580160,279.1517618615758
7580190,279.15176116323306
7580220,279.15176072178093
7580250,279.15176040134355
7580280,279.1517601556287
7580310,279.15175996424273
7580340,279.1517598112481
7580370,279.15175968371284
7580400,279.15175957241365
7580430,279.15175912227426
7580460,279.15175597161715
7580490,279.15175511692604
7580520,279.15175547432875
7580550,279.1517560659617
7580580,279.15175679381974
7580610,279.15175755164574
7580640,279.1517581847083
7580670,279.1517586278039
7580700,279.1517589063857
7580730,279.15175907182237
7580760,279.15175916395236
7580790,279.1517592070303
7580820,279.1517592159113
7580850,279.1517592005092
7580880,279.15175916775496
7580910,279.1517591225139
7580940,279.15175906812175
7580970,279.1517590068072
7581000,279.1517589400365
7581030,279.15175889453275
7581060,279.1517589122027
7581090,279.1517589569332
7581120,279.15175907921036
7581150,279.1517567191396
7581180,279.15175001127886
7581210,279.1517524419411
7581240,279.1517525798464
7581270,279.1517558749104
7581300,279.1517556520061
7581330,279.15175595348575
7581360,279.15175710147975
7581390,279.15175828000235
7581420,279.1517573211397
7581450,279.151758142144
7581480,279.151758293669
7581510,279.1517579459438
7581540,279.1517570023943
7581570,279.1517567638707
7581600,279.15175708279287
7581630,279.15175745871767
7581660,279.1517557770618
7581690,279.1517553518074
7581720,279.15175911860615
7581750,279.1517613967569
7581780,279.151761786687
7581810,279.1517625387449
7581840,279.1517640185659
7581870,279.1517645398842
7581900,279.15176315356985
7581930,279.1517643185329
7581960,279.1517680564476
7581990,279.15176832128043
7582020,279.15176586106514
7582050,279.15176387349334
7582080,279.1517624429228
7582110,279.1517610529693
7582140,279.15176054831136
7582170,279.1517609624667
7582200,279.1517612629194
7582230,279.1517617512858
7582260,279.1517605588879
7582290,279.15175532081133
7582320,279.1517532245972
7582350,279.15175723404593
7582380,279.15176001364875
7582410,279.1517603560707
7582440,279.15176003466746
7582470,279.15175956753245
7582500,279.15175896389155
7582530,279.1517583406848
7582560,279.15175780354053
7582590,279.1517573979253
7582620,279.1517571182573
7582650,279.15175693682863
7582680,279.1517568247343
7582710,279.1517567600466
7582740,279.151756728605
7582770,279.15175672210864
7582800,279.15175673587595
7582830,279.1517567050004
7582860,279.1517565095519
7582890,279.15175593384396
7582920,279.15175535869673
7582950,279.1517568621242
7582980,279.15175996673116
7583010,279.1517627222634
7583040,279.15176388634205
7583070,279.15176298102926
7583100,279.151760953039
7583130,279.1517590526489
7583160,279.1517578186912
7583190,279.15175717591615
7583220,279.15175687730175
7583250,279.1517567534495
7583280,279.15175673446726
7583310,279.15175679954774
7583340,279.15175694520593
7583370,279.15175717397574
7583400,279.1517574886856
7583430,279.151757404355
7583460,279.15175758284425
7583490,279.15176129160557
7583520,279.15176490000124
7583550,279.15176473647847
7583580,279.15176423772465
7583610,279.1517630731958
7583640,279.1517577740927
7583670,279.1517543616365
7583700,279.1517556198195
7583730,279.15175619688847
7583760,279.151757706629
7583790,279.1517636277435
7583820,279.1517688128706
7583850,279.1517680228741
7583880,279.1517648392999
7583910,279.1517642329482
7583940,279.15176488956797
7583970,279.1517654533604
7584000,279.15176541693506
7584030,279.1517632054045
7584060,279.1517608841842
7584090,279.1517596420724
7584120,279.1517585558823
7584150,279.15175763862635
7584180,279.15176106039314
7584210,279.1517708984224
7584240,279.1517760582227
7584270,279.15177727639053
7584300,279.1517758230506
7584330,279.1517739550914
7584360,279.15177225199244
7584390,279.1517680092589
7584420,279.15176679622465
7584450,279.1517681873359
7584480,279.15176973639615
7584510,279.1517718850657
7584540,279.1517748879943
7584570,279.1517842301755
7584600,279.1517940293456
7584630,279.1517921107088
7584660,279.1517841831962
7584690,279.1517761003531
7584720,279.15176969001044
7584750,279.1517652365599
7584780,279.1517623161183
7584810,279.15176044732743
7584840,279.1517592807942
7584870,279.15175858717345
7584900,279.1517582136849
7584930,279.1517580546538
7584960,279.1517580352432
7584990,279.1517581018891
7585020,279.1517582160159
7585050,279.1517583498419
7585080,279.1517584834677
7585110,279.15175860261
7585140,279.1517586973214
7585170,279.1517587614236
7585200,279.15175879203366
7585230,279.1524885421775
7585260,279.1533097699578
7585290,279.1540893685316
7585320,279.1550132926358
7585350,279.15596942033017
7585380,279.15691595153635
7585410,279.15786236997576
7585440,279.1588089746777
7585470,279.15975533409073
7585500,279.1607017687562
7585530,279.16164816489515
7585560,279.16259467625855
7585590,279.1635408597283
7585620,279.1644861060851
7585650,279.1654313864108
7585680,279.1663777204196
7585710,279.167323915128
7585740,279.16827104343986
7585770,279.16921791788343
7585800,279.1701653076229
7585830,279.17111620126246
7585860,279.1720635946991
7585890,279.1730084898814
7585920,279.17395513892984
7585950,279.17490230084167
7585980,279.1758481681397
7586010,279.1767884787629
7586040,279.17771508076635
7586070,279.17863461569135
7586100,279.17955611813966
7586130,279.18048226806405
7586160,279.18141524240053
7586190,279.1823485890568
7586220,279.18328612334113
7586250,279.1842271385797
7586280,279.1851653458302
7586310,279.1861109174266
7586340,279.18706236932593
7586370,279.188011077354
7586400,279.1889616377588
7586430,279.18990760255747
7586460,279.1908378323853
7586490,279.19177666139274
7586520,279.1927280284814
7586550,279.1936814119644
7586580,279.1946384185693
7586610,279.1956059915748
7586640,279.19657706673337
7586670,279.1975415439774
7586700,279.19850082078193
7586730,279.1994651764197
7586760,279.20043252157416
7586790,279.20138915230103
7586820,279.20233550319796
7586850,279.2032887113933
7586880,279.2042548545602
7586910,279.2052188847151
7586940,279.2061672872428
7586970,279.2071040959202
7587000,279.2080385663016
7587030,279.20897511019837
7587060,279.209917461984
7587090,279.2108591196538
7587120,279.21179598579647
7587150,279.21273172764666
7587180,279.21366408960483
7587210,279.214587268345
7587240,279.2155090994028
7587270,279.2164360740749
7587300,279.2173737295655
7587330,279.21831433224594
7587360,279.2192541944419
7587390,279.22019280970653
7587420,279.2211354273208
7587450,279.2220790841086
7587480,279.22300977409543
7587510,279.22392995056356
7587540,279.22485975084265
7587570,279.2257955818275
7587600,279.22672938259836
7587630,279.2276662092013
7587660,279.22860978109316
7587690,279.2295661341472
7587720,279.23051517769653
7587750,279.2314535856793
7587780,279.2323923319842
7587810,279.233330171691
7587840,279.2342734779033
7587870,279.23522343432614
7587900,279.2361743820241
7587930,279.2371235333027
7587960,279.2380722279274
7587990,279.23902318176454
7588020,279.239973784629
7588050,279.2409222279182
7588080,279.24186899517997
7588110,279.24281532348385
7588140,279.2437619254018
7588170,279.24470895996177
7588200,279.2456558580655
7588230,279.2465951185072
7588260,279.2475018211132
7588290,279.24842796304233
7588320,279.2493810003472
7588350,279.2503421744439
7588380,279.2512953702367
7588410,279.2522381687229
7588440,279.25318512614535
7588470,279.25413049143367
7588500,279.2550751670745
7588530,279.256019865547
7588560,279.2569646962134
7588590,279.2579095910689
7588620,279.25885452827004
7588650,279.2597995186519
7588680,279.2607445711029
7588710,279.26168968941175
7588740,279.2626348770029
7588770,279.26358013774166
7588800,279.26452547496973
7588830,279.26547319686637
7588860,279.2664208899199
7588890,279.267354617784
7588920,279.2682812786156
7588950,279.2692183442781
7588980,279.2701584478268
7589010,279.2711001359861
7589040,279.2720437435092
7589070,279.2729887888883
7589100,279.27393438461235
7589130,279.27488002808093
7589160,279.2758256217427
7589190,279.2767712028005
7589220,279.2777167994046
7589250,279.2786624161603
7589280,279.27960805057523
7589310,279.2805537007089
7589340,279.28149936557367
7589370,279.2824450443838
7589400,279.28339073630366
7589430,279.2843380115508
7589460,279.28528545115495
7589490,279.2862329385958
7589520,279.28718028363886
7589550,279.28812635741815
7589580,279.28906942362454
7589610,279.29001185164907
7589640,279.2909556212844
7589670,279.29190036567496
7589700,279.29284577544564
7589730,279.2937915295776
7589760,279.2947373866456
7589790,279.29568324319064
7589820,279.2966290851013
7589850,279.29757492175196
7589880,279.2985207583083
7589910,279.2994665945498
7589940,279.30041242875853
7589970,279.30135825930495
7590000,279.30230408473733
7590030,279.3032499320177
7590060,279.30419583062525
7590090,279.3051416815104
7590120,279.30608751702033
7590150,279.3070334261441
7590180,279.30797945396677
7590210,279.3089260608965
7590240,279.30987266996544
7590270,279.3108189828598
7590300,279.3117650891608
7590330,279.31271108182193
7590360,279.31365700870805
7590390,279.3146028990398
7590420,279.3155487714783
7590450,279.31649463246987
7590480,279.31744048052764
7590510,279.31838631228794
7590540,279.31933212514787
7590570,279.3202779172126
7590600,279.3212236867328
7590630,279.3221698318586
7590660,279.3231190582201
7590690,279.3240738871165
7590720,279.32502504541577
7590750,279.3259740137876
7590780,279.32692151958634
7590810,279.3278679972225
7590840,279.32881400526725
7590870,279.32975984081185
7590900,279.33070564914135
7590930,279.33165145812234
7590960,279.33259725790214
7590990,279.33354303865957
7591020,279.3344887961117
7591050,279.33543452836784
7591080,279.3363802339687
7591110,279.3373259113809
7591140,279.3382715590469
7591170,279.33921717545604
7591200,279.3401627590018
7591230,279.341108375133
7591260,279.3420540565613
7591290,279.3429997624594
7591320,279.34394548581076
7591350,279.34489250053974
7591380,279.34583737350715
7591410,279.34678037306065
7591440,279.34772411692694
7591470,279.3486690829502
7591500,279.34961464112166
7591530,279.3505602813008
7591560,279.3515058565807
7591590,279.35245137758903
7591620,279.3533968659268
7591650,279.35434232669814
7591680,279.35528775852356
7591710,279.3562331599368
7591740,279.3571785300265
7591770,279.3581238680196
7591800,279.3590691731696
7591830,279.36001447973365
7591860,279.3609598223476
7591890,279.3619051721214
7591920,279.3628505074151
7591950,279.36379581845284
7591980,279.3647411022059
7592010,279.36568635789075
7592040,279.36663158536675
7592070,279.36757678456905
7592100,279.3685219552107
7592130,279.36946709686407
7592160,279.3704122090766
7592190,279.371357291407
7592220,279.3723023434003
7592250,279.37324736460164
7592280,279.37419235458174
7592310,279.37513731300027
7592340,279.37608223956926
7592370,279.37702713400785
7592400,279.37797199594564
7592430,279.37891682484565
7592460,279.3798616325791
7592490,279.38080639734216
7592520,279.38175113553166
7592550,279.3826958508549
7592580,279.3836405405732
7592610,279.3845852039953
7592640,279.3855298413399
7592670,279.3864744524814
7592700,279.38741903714697
7592730,279.38836359545513
7592760,279.38930812788414
7592790,279.3902526350279
7592820,279.39119711741785
7592850,279.3921415755418
7592880,279.39308600982906
7592910,279.39403042076356
7592940,279.39497480890736
7592970,279.39591917484745
7593000,279.3968635191292
7593030,279.3978078319688
7593060,279.398752118303
7593090,279.39969639774813
7593120,279.4006433186178
7593150,279.4015859464614
7593180,279.4025282538063
7593210,279.4034716874231
7593240,279.4044198395735
7593270,279.40536535114705
7593300,279.40630889846227
7593330,279.407252776922
7593360,279.4081967989152
7593390,279.4091408404574
7593420,279.41008486352024
7593450,279.41102885737837
7593480,279.4119728175316
7593510,279.4129167408455
7593540,279.41386062520394
7593570,279.41480452607624
7593600,279.41574844868956
7593630,279.4166914735739
7593660,279.41763468920834
7593690,279.4185761124231
7593720,279.419512577081
7593750,279.4204516365227
7593780,279.42139449550353
7593810,279.42233756039656
7593840,279.42328056876465
7593870,279.42422403533413
7593900,279.4251678193888
7593930,279.42611169160637
7593960,279.4270555473367
7593990,279.4279993739813
7594020,279.42894318429035
7594050,279.42988698753567
7594080,279.4308307870085
7594110,279.43177458352864
7594140,279.43271837755447
7594170,279.4336621696961
7594200,279.4346059606898
7594230,279.4355499598557
7594260,279.43649385555534
7594290,279.43743764614277
7594320,279.4383813888831
7594350,279.43932511727627
7594380,279.440268847136
7594410,279.4412125874494
7594440,279.4421563457307
7594470,279.44310012933335
7594500,279.44404394652173
7594530,279.44498772335896
7594560,279.44593145441087
7594590,279.44687516271944
7594620,279.4478188674839
7594650,279.44876258068365
7594680,279.44970631076376
7594710,279.4506500653389
7594740,279.45159380342614
7594770,279.45253752169407
7594800,279.45348123393694
7594830,279.45442494491886
7594860,279.4553686599178
7594890,279.45631238691607
7594920,279.4572561335926
7594950,279.4581998789322
7594980,279.45914362089434
7595010,279.46008736777395
7595040,279.46103112877313
7595070,279.4619749118321
7595100,279.46291869565596
7595130,279.4638624783187
7595160,279.46480626839514
7595190,279.4657500747095
7595220,279.46669390479576
7595250,279.46763773894634
7595280,279.4685815753125
7595310,279.46952542154725
7595340,279.4704692856995
7595370,279.47141317424575
7595400,279.47235707059974
7595430,279.4733009723721
7595460,279.47424488796236
7595490,279.47518882240695
7595520,279.4761327810122
7595550,279.47707675156295
7595580,279.4780207331781
7595610,279.4789647308012
7595640,279.47990874894026
7595670,279.4808527909438
7595700,279.4817968594366
7595730,279.48274094135394
7595760,279.48368503515934
7595790,279.4846291449271
7595820,279.4855732740908
7595850,279.4865174246349
7595880,279.4874615979532
7595910,279.48840579446835
7595940,279.48935001454703
7595970,279.4902942582861
7596000,279.49123852561286
7596030,279.49218281033734
7596060,279.4931271144639
7596090,279.4940714366893
7596120,279.49501578741206
7596150,279.49596016567824
7596180,279.49690814146743
7596210,279.49785980052394
7596240,279.49881098754076
7596270,279.49975901202896
7596300,279.5007044385048
7596330,279.50164887106445
7596360,279.50259323707166
7596390,279.50353773304613
7596420,279.5044823034966
7596450,279.5054268989119
7596480,279.5063715078772
7596510,279.507316131717
7596540,279.50826077144944
7596570,279.5092054267031
7596600,279.51015009676814
7596630,279.5110947865775
7596660,279.512039491704
7596690,279.5129842085003
7596720,279.51392894152855
7596750,279.51487368840594
7596780,279.515818447302
7596810,279.516763216906
7596840,279.5177079960566
7596870,279.518652784004
7596900,279.5195975802849
7596930,279.52054238443145
7596960,279.52148719572244
7596990,279.52243201324507
7597020,279.52337683610426
7597050,279.5243216633945
7597080,279.5252664942196
7597110,279.5262113276967
7597140,279.5271561629585
7597170,279.52810099910783
7597200,279.529045835262
7597230,279.52999068424543
7597260,279.53093555296743
7597290,279.53188043178454
7597320,279.53282531546705
7597350,279.53377019891576
7597380,279.53471508134174
7597410,279.5356599633931
7597440,279.5366048446564
7597470,279.5375497236935
7597500,279.53849459909986
7597530,279.53943946984043
7597560,279.5403843349816
7597590,279.54132919358653
7597620,279.5422740447639
7597650,279.5432188876254
7597680,279.54416372124285
7597710,279.5451085447335
7597740,279.54605335720174
7597770,279.54699815776985
7597800,279.5479429455764
7597830,279.5488877399953
7597860,279.5498325558369
7597890,279.5507773724115
7597920,279.55172217899843
7597950,279.5526669681856
7597980,279.5536117328916
7598010,279.55455646545914
7598040,279.5555011571338
7598070,279.55644586509635
7598100,279.55739059451565
7598130,279.55833532725524
7598160,279.5592800470162
7598190,279.56022474193315
7598220,279.56116940225456
7598250,279.56211406359813
7598280,279.56305872935764
7598310,279.56400338685035
7598340,279.56494802280275
7598370,279.5658926256823
7598400,279.56683722318365
7598430,279.5677818197746
7598460,279.56872640239527
7598490,279.5696709691111
7598520,279.57061551519524
7598550,279.571555672255
7598580,279.5724818209024
7598610,279.5733856238075
7598640,279.57426745820396
7598670,279.57513525020664
7598700,279.57599757006784
7598730,279.57685925623855
7598760,279.5777216888701
7598790,279.57858477079236
7598820,279.5794482191559
7598850,279.58031190135597
7598880,279.5811757801131
7598910,279.58203983705465
7598940,279.58290404838897
7598970,279.583768385424
7599000,279.58463281744446
7599030,279.5855147285763
7599060,279.58643776162745
7599090,279.5873786810585
7599120,279.5883189477766
7599150,279.5892577771316
7599180,279.59019776425487
7599210,279.5911399115302
7599240,279.5920835190047
7599270,279.5930276008126
7599300,279.593971669813
7599330,279.59491564400673
7599360,279.5958595603679
7599390,279.5968034445965
7599420,279.59774730115157
7599450,279.5986911282334
7599480,279.59963492453454
7599510,279.6005786894963
7599540,279.60152242272835
7599570,279.6024661238212
7599600,279.60340979236514
7599630,279.6043534223654
7599660,279.6052970250814
7599690,279.6062406013735
7599720,279.60718413561995
7599750,279.60812762954754
7599780,279.6090710858964
7599810,279.6100145058623
7599840,279.61095788993
7599870,279.6119012385476
7599900,279.6128445517066
7599930,279.6137878290777
7599960,279.6147310705668
7599990,279.61567427653875
7600020,279.6166174476642
7600050,279.6175605846649
7600080,279.6185036882025
7600110,279.6194467588898
7600140,279.6203897973304
7600170,279.62133280423006
7600200,279.62227578036095
7600230,279.6232187184833
7600260,279.62416162538426
7600290,279.6251044999463
7600320,279.62604734007294
7600350,279.6269893355328
7600380,279.62793047348254
7600410,279.62887170259324
7600440,279.629813633885
7600470,279.63075613694906
7600500,279.63169884630423
7600530,279.63264155173454
7600560,279.63358420970536
7600590,279.6345268339766
7600620,279.6354694367736
7600650,279.6364120214898
7600680,279.63735458856695
7600710,279.6382971385287
7600740,279.6392396722479
7600770,279.6401821907103
7600800,279.6411246949233
7600830,279.642067163596
7600860,279.643009592448
7600890,279.64395200248885
7600920,279.64489516035695
7600950,279.6458348530687
7600980,279.6467752167538
7601010,279.6477176041703
7601040,279.64865991969344
7601070,279.64960211717346
7601100,279.65054432130444
7601130,279.6514865556069
7601160,279.6524264120763
7601190,279.65336221286634
7601220,279.65430063444506
7601250,279.6552416716663
7601280,279.656182352878
7601310,279.6571231377047
7601340,279.6580648458718
7601370,279.6590068722714
7601400,279.6599436992436
7601430,279.66087499255656
7601460,279.6618063793195
7601490,279.66274017754137
7601520,279.6636805012746
7601550,279.6646237482907
7601580,279.66556741662976
7601610,279.66651225525584
7601640,279.6674561597527
7601670,279.6683993663924
7601700,279.6693425086451
7601730,279.67028566103266
7601760,279.67122876062973
7601790,279.67217181961223
7601820,279.67311487452633
7601850,279.67405794044043
7601880,279.6750010170971
7601910,279.6759441026711
7601940,279.67688719737447
7601970,279.6778303022972
7602000,279.67877341844314
7602030,279.6797154622284
7602060,279.68065763974994
7602090,279.68159983261864
7602120,279.6825420191498
7602150,279.6834842033212
7602180,279.6844263973244
7602210,279.6853686136641
7602240,279.68631083573905
7602270,279.68725306267925
7602300,279.68819530371616
7602330,279.6891375551407
7602360,279.6900798187263
7602390,279.69102210148833
7602420,279.69196439829255
7602450,279.69290671008275
7602480,279.6938490430378
7602510,279.69479139264735
7602540,279.69573375964467
7602570,279.6966761494011
7602600,279.69761856862186
7602630,279.69856100523947
7602660,279.6995051337306
7602690,279.70045107111804
7602720,279.70139571301996
7602750,279.7023387699919
7602780,279.7032814580145
7602810,279.7042240349023
7602840,279.70516663069594
7602870,279.70610925725174
7602900,279.70705191249425
7602930,279.7079945948756
7602960,279.7089373044075
7602990,279.70988004169334
7603020,279.7108228074142
7603050,279.71176560213297
7603080,279.71270842637415
7603110,279.7136512807687
7603140,279.7145941659555
7603170,279.71553708244676
7603200,279.71648003080355
7603230,279.717423016639
7603260,279.718366035609
7603290,279.7193090921432
7603320,279.7202521893091
7603350,279.72120101908587
7603380,279.72215571699377
7603410,279.7231096643816
7603440,279.72405857698584
7603470,279.7250033540838
7603500,279.72594654981896
7603530,279.7268896404702
7603560,279.72783293841405
7603590,279.7287763547821
7603620,279.7297198102906
7603650,279.73066328618717
7603680,279.7316067838819
7603710,279.7325503044346
7603740,279.7334938467009
7603770,279.7344374088359
7603800,279.7353809889069
7603830,279.7363246062859
7603860,279.7372682673427
7603890,279.73821196002393
7603920,279.73915562392756
7603950,279.7400948752572
7603980,279.7410332977261
7604010,279.7419716629728
7604040,279.74290623259805
7604070,279.74384593995933
7604100,279.744788951802
7604130,279.7457327205308
7604160,279.7466761204647
7604190,279.7476174180499
7604220,279.74854759871016
7604250,279.749471130976
7604280,279.7504079154393
7604310,279.75134991430775
7604340,279.7522933367354
7604370,279.7532371791114
7604400,279.7541811316558
7604430,279.7551250814016
7604460,279.75606901502243
7604490,279.7570129250688
7604520,279.7579541019257
7604550,279.75889679173906
7604580,279.7598433539888
7604610,279.76078856230885
7604640,279.7617328457734
7604670,279.7626767267372
7604700,279.76362007651755
7604730,279.7645629769759
7604760,279.7655056945919
7604790,279.7664483925893
7604820,279.76739109651396
7604850,279.76833378519495
7604880,279.7692764438946
7604910,279.77021906853054
7604940,279.77116165799396
7604970,279.77210421075046
7605000,279.77304672474366
7605030,279.77398814939585
7605060,279.77492987209047
7605090,279.77587294044656
7605120,279.77681889974195
7605150,279.777780183481
7605180,279.77870305537004
7605210,279.77964252481485
7605240,279.780587227574
7605270,279.7815204216993
7605300,279.7824484535153
7605330,279.7833819022743
7605360,279.7843215321917
7605390,279.7852644989225
7605420,279.7862082590084
7605450,279.78715187294085
7605480,279.78809529210986
7605510,279.7890386253129
7605540,279.7899819171478
7605570,279.7909251684805
7605600,279.7918683734297
7605630,279.79281160887695
7605660,279.79375139976815
7605690,279.79469072355243
7605720,279.7956325704584
7605750,279.7965757150417
7605780,279.797518960326
7605810,279.79846219483096
7605840,279.7994044455823
7605870,279.80034660282325
7605900,279.80128725879996
7605930,279.8022329450258
7605960,279.80317648374336
7605990,279.8041145413498
7606020,279.80505263877717
7606050,279.80599318972935
7606080,279.80693558069555
7606110,279.80787857481295
7606140,279.8088215495908
7606170,279.8097644017245
7606200,279.81070717716517
7606230,279.8116499083834
7606260,279.81259261888096
7606290,279.81353529158406
7606320,279.8144779169498
7606350,279.8154204970371
7606380,279.81636304088784
7606410,279.81730555119805
7606440,279.8182480238509
7606470,279.81919045398575
7606500,279.8201328391201
7606530,279.8210751785246
7606560,279.8220174718961
7606590,279.8229597187963
7606620,279.82390191863396
7606650,279.824844070841
7606680,279.8257861749101
7606710,279.826728230365
7606740,279.827670236735
7606770,279.82861219258865
7606800,279.82955409562453
7606830,279.8304959404898
7606860,279.8314377500806
7606890,279.832378301522
7606920,279.83331896201264
7606950,279.8342602674144
7606980,279.83519660421797
7607010,279.8361335287382
7607040,279.8370739004925
7607070,279.83801337048027
7607100,279.83895278359904
7607130,279.8398936006968
7607160,279.8408407094954
7607190,279.8417933992132
7607220,279.8427451131468
7607250,279.8436935591407
7607280,279.84464095648826
7607310,279.8455885947598
7607340,279.8465355507906
7607370,279.8474805540666
7607400,279.8484231156049
7607430,279.8493637749153
7607460,279.8503046315036
7607490,279.8512454013704
7607520,279.8521862187158
7607550,279.85312697178455
7607580,279.8540677817215
7607610,279.85500858871745
7607640,279.8559493102675
7607670,279.85689006082583
7607700,279.8578308653938
7607730,279.8587717071265
7607760,279.85971255030705
7607790,279.8606493370648
7607820,279.8615784369197
7607850,279.8625019780054
7607880,279.86342481453806
7607910,279.8643496686315
7607940,279.86527654963106
7607970,279.86620464247596
7608000,279.8671335321068
7608030,279.8680656174963
7608060,279.86900348895676
7608090,279.8699432363257
7608120,279.8708899593278
7608150,279.87187455676525
7608180,279.8728368789752
7608210,279.8737760130595
7608240,279.87471582470226
7608270,279.87565779577864
7608300,279.8765988205448
7608330,279.8775391868599
7608360,279.87847928437895
7608390,279.87941934254604
7608420,279.8803594160372
7608450,279.88129948916753
7608480,279.88223954390656
7608510,279.883179576626
7608540,279.8841195930865
7608570,279.88505960249717
7608600,279.88599961583935
7608630,279.8869395811848
7608660,279.8878794520266
7608690,279.8888192683101
7608720,279.8897590232894
7608750,279.8906987531075
7608780,279.89163849727555
7608810,279.89257827093473
7608840,279.89351807910674
7608870,279.89445793899796
7608900,279.89539788497785
7608930,279.896337963633
7608960,279.89727823119296
7608990,279.89821875510114
7609020,279.8991596166878
7609050,279.90010048535896
7609080,279.90104091533703
7609110,279.90198083292404
7609140,279.9029204837164
7609170,279.9038601360257
7609200,279.90479995258204
7609230,279.90573981042434
7609260,279.90667945400236
7609290,279.90761901309673
7609320,279.90855854704296
7609350,279.9094980827906
7609380,279.91043763178067
7609410,279.9113771999961
7609440,279.9123167920029
7609470,279.91325641209136
7609500,279.9141960645262
7609530,279.915135753631
7609560,279.916075483937
7609590,279.9170152600254
7609620,279.917955086277
7609650,279.91889496734126
7609680,279.9198349079293
7609710,279.9207749031741
7609740,279.9217149837256
7609770,279.92265514841023
7609800,279.92359541106964
7609830,279.92453577127304
7609860,279.9254761836448
7609890,279.92641667999493
7609920,279.9273572954116
7609950,279.92829803490594
7609980,279.9292388789498
7610010,279.930179817246
7610040,279.9311208537954
7610070,279.93206199423906
7610100,279.9330032416916
7610130,279.9339445993971
7610160,279.9348860720097
7610190,279.9358276637842
7610220,279.93676937510946
7610250,279.9377083503633
7610280,279.93864449947915
7610310,279.93958109338524
7610340,279.9405202106859
7610370,279.9414613073516
7610400,279.9424029792569
7610430,279.94334479072825
7610460,279.9442869576311
7610490,279.9452293311003
7610520,279.9461717572117
7610550,279.947114175758
7610580,279.9480565936137
7610610,279.9489990205355
7610640,279.94994145591517
7610670,279.9508838995217
7610700,279.9518263552259
7610730,279.9527688277996
7610760,279.9537113204957
7610790,279.9546538351215
7610820,279.95559637275915
7610850,279.95653893407155
7610880,279.9574815192799
7610910,279.9584241281877
7610940,279.959366760251
7610970,279.9603094147115
7611000,279.96125209060284
7611030,279.96219331353655
7611060,279.9631355385792
7611090,279.96407741419165
7611120,279.96502055569
7611150,279.96597108208135
7611180,279.9669161321136
7611210,279.96785872638986
7611240,279.9687976807314
7611270,279.9697358993507
7611300,279.97067673718993
7611330,279.97161821071853
7611360,279.97256001946397
7611390,279.9735019016774
7611420,279.9744437739136
7611450,279.97538562944777
7611480,279.97633318598145
7611510,279.9772926217708
7611540,279.9782630914102
7611570,279.97923892605525
7611600,279.9802154783878
7611630,279.98118251048356
7611660,279.98212994121985
7611690,279.98307283702474
7611720,279.98401394684527
7611750,279.9849549924566
7611780,279.98589640924735
7611810,279.9868379551982
7611840,279.98777955042186
7611870,279.9887211566315
7611900,279.98966273913584
7611930,279.9906043183952
7611960,279.99154589305124
7611990,279.99248744253697
7612020,279.9934289869322
7612050,279.9943705255922
7612080,279.9953120410888
7612110,279.996253512168
7612140,279.99719498492254
7612170,279.99813646437934
7612200,279.99907793067973
7612230,280.0000193929421
7612260,280.0009608418697
7612290,280.0019022571204
7612320,280.00284362115906
7612350,280.003784994873
7612380,280.0047263854873
7612410,280.005667772265
7612440,280.0066091344114
7612470,280.00755045624936
7612500,280.00849178475266
7612530,280.00943312514636
7612560,280.01037446091686
7612590,280.01131577531004
7612620,280.0122570558055
7612650,280.01319829303793
7612680,280.0141395444264
7612710,280.0150808156372
7612740,280.0160220911029
7612770,280.01696336241355
7612800,280.0179046165076
7612830,280.0188458641168
7612860,280.0197871077383
7612890,280.0207283470174
7612920,280.0216695783288
7612950,280.0226165271733
7612980,280.0235693594339
7613010,280.0245214379584
7613040,280.0254704087809
7613070,280.0264192196207
7613100,280.0273698644199
7613130,280.0283210191162
7613160,280.02927059702176
7613190,280.03021803807235
7613220,280.031164073811
7613250,280.0321095434705
7613280,280.03305484163775
7613310,280.0340000322543
7613340,280.0349450857411
7613370,280.03588998360414
7613400,280.03683472558265
7613430,280.0377782024278
7613460,280.0387201052151
7613490,280.0396615205296
7613520,280.04060262623426
7613550,280.04154683001934
7613580,280.0424960347166
7613610,280.04344709974015
7613640,280.04439594472024
7613670,280.0453415337519
7613700,280.0462851638126
7613730,280.0472281980552
7613760,280.0481711834814
7613790,280.0491141525107
7613820,280.05005703494777
7613850,280.0509998002805
7613880,280.051942448517
7613910,280.0528849848897
7613940,280.053827412767
7613970,280.0547697341766
7614000,280.0557119510425
7614030,280.05665364405064
7614060,280.05759482319894
7614090,280.05853574859
7614120,280.05947657941425
7614150,280.0604194927724
7614180,280.0613659173763
7614210,280.06231371131344
7614240,280.06326000613507
7614270,280.0642045563539
7614300,280.0651475879638
7614330,280.0660891937595
7614360,280.067029907633
7614390,280.0679703080208
7614420,280.06891067752747
7614450,280.06985106278694
7614480,280.070791439984
7614510,280.07173179279965
7614540,280.0726721189202
7614570,280.0736124205474
7614600,280.0745526998539
7614630,280.0754929169029
7614660,280.07643305307306
7614690,280.07737312604877
7614720,280.0783131479694
7614750,280.07925287929453
7614780,280.0801926428746
7614810,280.0811325410467
7614840,280.0820748724599
7614870,280.08301710015957
7614900,280.08395745641184
7614930,280.08489727878225
7614960,280.0858370131208
7614990,280.0867767628618
7615020,280.08771650960944
7615050,280.0886562364939
7615080,280.08959594140634
7615110,280.09053562647404
7615140,280.0914752939189
7615170,280.0924149457815
7615200,280.0933545840056
7615230,280.0942941831036
7615260,280.0952337287968
7615290,280.09617324406577
7615320,280.09711273999216
7615350,280.0980483212088
7615380,280.09897989391067
7615410,280.09991199690313
7615440,280.10084756920764
7615470,280.1017859948171
7615500,280.10272552236006
7615530,280.1036651397386
7615560,280.1046046335055
7615590,280.1055440656803
7615620,280.1064834916786
7615650,280.1074229251725
7615680,280.1083623658939
7615710,280.1093018138573
7615740,280.11024127060887
7615770,280.1111807380563
7615800,280.1121202181494
7615830,280.1130596225287
7615860,280.113998905228
7615890,280.11493812525134
7615920,280.11587730704645
7615950,280.1168164640317
7615980,280.11775560749084
7616010,280.11869475062946
7616040,280.11963391006094
7616070,280.1205731062817
7616100,280.1215123636504
7616130,280.1224517104949
7616160,280.1233910049763
7616190,280.1243302259201
7616220,280.12526940941575
7616250,280.12620858996576
7616280,280.1271477922032
7616310,280.1280869799023
7616340,280.12902614993453
7616370,280.12996531941343
7616400,280.13090450884124
7616430,280.13184369552295
7616460,280.1327828775186
7616490,280.1337220615443
7616520,280.13466121590744
7616550,280.1355982929338
7616580,280.13653760532486
7616610,280.1374776864418
7616640,280.13841729333745
7616670,280.1393549677494
7616700,280.1402973069252
7616730,280.14125011981895
7616760,280.142204732345
7616790,280.14315425936934
7616820,280.1440960453295
7616850,280.1450386277811
7616880,280.14598771369805
7616910,280.14693231258957
7616940,280.147873480053
7616970,280.14881324191236
7617000,280.1497528198341
7617030,280.150692358703
7617060,280.15163181931706
7617090,280.1525712697782
7617120,280.15350608482606
7617150,280.15443616203845
7617180,280.15536691190823
7617210,280.15630183524144
7617240,280.15724019668994
7617270,280.158179908626
7617300,280.1591197636246
7617330,280.1600595046793
7617360,280.1609992029147
7617390,280.1619389222976
7617420,280.16287867765897
7617450,280.16381846717445
7617480,280.16475828915844
7617510,280.1656981436794
7617540,280.1666380313366
7617570,280.1675779527045
7617600,280.1685179083511
7617630,280.1694578923288
7617660,280.1703978775256
7617690,280.1713384478372
7617720,280.1722791132637
7617750,280.17321930930285
7617780,280.17415878283526
7617810,280.17508870731467
7617840,280.1760234229678
7617870,280.17696193996755
7617900,280.17790182743255
7617930,280.1788417611066
7617960,280.1797808222117
7617990,280.18071918657444
7618020,280.18165851941865
7618050,280.1825983625157
7618080,280.1835383710145
7618110,280.1844764369939
7618140,280.1854110985864
7618170,280.186344048915
7618200,280.18727792717556
7618230,280.18821502867917
7618260,280.18915402321807
7618290,280.1900997273935
7618320,280.19105346899374
7618350,280.19199506293836
7618380,280.19293238092473
7618410,280.19386893792387
7618440,280.194804301806
7618470,280.19573798326377
7618500,280.19667036533247
7618530,280.1976020106132
7618560,280.1985332083514
7618590,280.19946402193517
7618620,280.2003944491545
7618650,280.20132449529433
7618680,280.20225417864197
7618710,280.20318352142874
7618740,280.20411254535077
7618770,280.20504127119284
7618800,280.205969719143
7618830,280.20690111564465
7618860,280.2078383854674
7618890,280.2087776671315
7618920,280.20971743864004
7618950,280.2106573492403
7618980,280.21159729777077
7619010,280.21253725694646
7619040,280.2134772195654
7619070,280.21441718399427
7619100,280.2153571501425
7619130,280.2162971183342
7619160,280.2172370887164
7619190,280.2181770616339
7619220,280.21911703728296
7619250,280.2200570159375
7619280,280.22099699799935
7619310,280.2219369835947
7619340,280.2228769731537
7619370,280.22381696697664
7619400,280.2247569653577
7619430,280.2256969414075
7619460,280.22663689534323
7619490,280.2275773222801
7619520,280.22851109901944
7619550,280.22944322124715
7619580,280.23038169473494
7619610,280.231321718326
7619640,280.2322617136183
7619670,280.23320166280223
7619700,280.2341415938463
7619730,280.2350815203683
7619760,280.236021446795
7619790,280.23696137448275
7619820,280.23790130406087
7619850,280.2388412357483
7619880,280.2397811697805
7619910,280.2407211062825
7619940,280.24166104541985
7619970,280.24260098732987
7620000,280.2435409323092
7620030,280.24448158033374
7620060,280.2454213940206
7620090,280.2463612494554
7620120,280.2473011154625
7620150,280.24824097666294
7620180,280.24918083265925
7620210,280.2501206853499
7620240,280.25106053596033
7620270,280.2520003850774
7620300,280.2529402329694
7620330,280.2538800799106
7620360,280.25481992600265
7620390,280.25575977139096
7620420,280.2566996161731
7620450,280.2576394604007
7620480,280.25857930417965
7620510,280.25951914746787
7620540,280.2604589901685
7620570,280.26139883238375
7620600,280.26233867406694
7620630,280.26327849693524
7620660,280.26421828847907
7620690,280.2651580696539
7620720,280.2661015325142
7620750,280.2670487767397
7620780,280.26799343059196
7620810,280.2689311080348
7620840,280.2698633156158
7620870,280.2707935905681
7620900,280.2717239224495
7620930,280.2726546139365
7620960,280.2735854235513
7620990,280.274516189689
7621020,280.2754468784685
7621050,280.2763774923417
7621080,280.2773080281837
7621110,280.2782384759057
7621140,280.2791688234291
7621170,280.2800990588401
7621200,280.2810291702254
7621230,280.281962100942
7621260,280.28289949754026
7621290,280.28384030035164
7621320,280.2847798469118
7621350,280.2857197051885
7621380,280.28665944384124
7621410,280.28759919597604
7621440,280.28853893640894
7621470,280.28947866300945
7621500,280.29041838517577
7621530,280.29135811074974
7621560,280.2922978445352
7621590,280.29323758959964
7621620,280.29417734820254
7621650,280.29511712234324
7621680,280.29605691371125
7621710,280.2969966850354
7621740,280.2979364341425
7621770,280.2988761729381
7621800,280.2998159108622
7621830,280.30075564667897
7621860,280.30169537985864
7621890,280.30263511344816
7621920,280.30357484738215
7621950,280.30451457943684
7621980,280.30545430766756
7622010,280.3063940318734
7622040,280.30733375266914
7622070,280.30827347028566
7622100,280.3092131844411
7622130,280.31015289469946
7622160,280.3110926005972
7622190,280.31203230167876
7622220,280.3129719975012
7622250,280.3139116876607
7622280,280.3148513717314
7622310,280.3157910493042
7622340,280.3167307200029
7622370,280.3176703834536
7622400,280.3186100392722
7622430,280.3195490292984
7622460,280.3204878299636
7622490,280.3214270391137
7622520,280.3223665145173
7622550,280.32330609769014
7622580,280.32424570971784
7622610,280.3251853205821
7622640,280.3261249190373
7622670,280.32706449929157
7622700,280.3280040569031
7622730,280.3289435877308
7622760,280.329883087185
7622790,280.33082255011215
7622820,280.33176197085675
7622850,280.33270143197046
7622880,280.3336409374428
7622910,280.334580460844
7622940,280.3355199821385
7622970,280.3364594905963
7623000,280.33739898016506
7623030,280.338338465361
7623060,280.33927794699446
7623090,280.18578690474925
7623120,279.9004814284223
7623150,279.66773045744253
7623180,279.50978399936366
7623210,279.4006869422587
7623240,279.324890185342
7623270,279.2721989883034
7623300,279.2355303497747
7623330,279.21002536627265
7623360,279.1922852975909
7623390,279.17994648139927
7623420,279.17136386648275
7623450,279.1653945445592
7623480,279.1612428388136
7623510,279.1583550636126
7623540,279.15634710649283
7623570,279.1549494476392
7623600,279.1539800527843
7623630,279.1533040577776
7623660,279.1528281169401
7623690,279.15250062472404
7623720,279.15227051456395
7623750,279.15211202699993
7623780,279.1520018356677
7623810,279.15192647325443
7623840,279.15187384174493
7623870,279.15183745624097
7623900,279.1518134617368
7623930,279.151796541904
7623960,279.1517844014602
7623990,279.1517765170561
7624020,279.15177060157697
7624050,279.151766605211
7624080,279.15176392925724
7624110,279.15176176217375
7624140,279.15176061636765
7624170,279.1517594738858
7624200,279.1517588919643
7624230,279.1517580666797
7624260,279.1517562208954
7624290,279.15175489174413
7624320,279.15175328122433
7624350,279.15175292126594
7624380,279.15175409704733
7624410,279.1517549191234
7624440,279.15175590699437
7624470,279.15175777242507
7624500,279.15175903193324
7624530,279.1517595068576
7624560,279.1517593305694
7624590,279.1517574997989
7624620,279.1517547129317
7624650,279.15175360480833
7624680,279.15175521439477
7624710,279.15175548842
7624740,279.1517533570194
7624770,279.15175268923633
7624800,279.1517547750766
7624830,279.1517557027516
7624860,279.1517565530126
7624890,279.1517565115508
7624920,279.1517561804378
7624950,279.1517563823429
7624980,279.1517565658169
7625010,279.1517565152681
7625040,279.1517565984343
7625070,279.15175661644463
7625100,279.15175665312364
7625130,279.15175665486777
7625160,279.1517566977739
7625190,279.15175705467055
7625220,279.1517566113213
7625250,279.15175719530407
7625280,279.15175744168204
7625310,279.15176001436123
7625340,279.15176111352156
7625370,279.1517588036566
7625400,279.1517592810746
7625430,279.15175861852777
7625460,279.1517583155924
7625490,279.1517578821065
7625520,279.15175745625794
7625550,279.1517572478733
7625580,279.1517570782152
7625610,279.15175695617535
7625640,279.1517568519021
7625670,279.1517567607714
7625700,279.15175635210767
7625730,279.1517547425812
7625760,279.1517546566783
7625790,279.1517553073248
7625820,279.15175573102044
7625850,279.15175602653994
7625880,279.15175623033775
7625910,279.1517563684391
7625940,279.1517564620552
7625970,279.1517565273505
7626000,279.1517565740917
7626030,279.15175661099977
7626060,279.1517566394359
7626090,279.1517566589911
7626120,279.1517566725306
7626150,279.15175668216773
7626180,279.1517566891554
7626210,279.1517566953683
7626240,279.15175670094953
7626270,279.1517567019357
7626300,279.1517567023073
7626330,279.15175670256923
7626360,279.1517567025075
7626390,279.1517567027622
7626420,279.1517567039529
7626450,279.151756705185
7626480,279.1517567056863
7626510,279.15175670573336
7626540,279.1517567058029
7626570,279.15175670568556
7626600,279.1517567051294
7626630,279.15175670453846
7626660,279.15175670415067
7626690,279.15175670388027
7626720,279.1517567039481
7626750,279.1517567032914
7626780,279.1517566995879
7626810,279.1517566950203
7626840,279.1517566938066
7626870,279.1517566997501
7626900,279.1517567268604
7626930,279.1517567898304
7626960,279.15175686179344
7626990,279.151756888724
7627020,279.1517568547201
7627050,279.1517567968413
7627080,279.15175675530423
7627110,279.1517567375249
7627140,279.15175673030893
7627170,279.1517567239524
7627200,279.15175671762574
7627230,279.1517567129021
7627260,279.1517567098444
7627290,279.1517567078246
7627320,279.15175670642526
7627350,279.15175670510683
7627380,279.1517567034619
7627410,279.15175670205787
7627440,279.15175670127445
7627470,279.1517567012322
7627500,279.1517567017353
7627530,279.1517567023017
7627560,279.1517567026192
7627590,279.1517567027392
7627620,279.15175670283026
7627650,279.15175670291325
7627680,279.15175670294946
7627710,279.1517567029711
7627740,279.15175670300454
7627770,279.1517567030182
7627800,279.1517567029998
7627830,279.1517567030167
7627860,279.15175670308037
7627890,279.15175670296617
7627920,279.1517567024593
7627950,279.1517567023618
7627980,279.1517567025843
7628010,279.15175670269724
7628040,279.1517567023985
7628070,279.15175670165706
7628100,279.15175669985786
7628130,279.15175669695935
7628160,279.15175669564763
7628190,279.1517566973748
7628220,279.1517567007044
7628250,279.15175670317024
7628280,279.1517567034738
7628310,279.15175670331695
7628340,279.15175670382564
7628370,279.1517567046835
7628400,279.15175670527793
7628430,279.32838276541156
7628460,280.79619332084724
7628490,281.68166879105667
7628520,282.20376271233175
7628550,282.4629899031899
7628580,282.5895458972446
7628610,282.6514892873345
7628640,282.6818518411379
7628670,282.696971744701
7628700,282.70476260450454
7628730,282.7090677975168
7628760,282.7116957185679
7628790,282.71357998767616
7628820,282.71513220454415
7628850,282.716564735667
7628880,282.7179784170725
7628910,282.71942117955734
7628940,282.7209168255382
7628970,282.72247551499805
7629000,282.72410189741123
7629030,282.9378027953898
7629060,283.2261777033556
7629090,283.3924309752795
7629120,283.48315185267086
7629150,283.5320561194196
7629180,283.5588220160289
7629210,283.5740450298293
7629240,283.5832983387257
7629270,283.5894547456354
7629300,283.59404413084764
7629330,283.5978427819777
7629360,283.6012649014697
7629390,283.6045202208803
7629420,283.60772051075463
7629450,283.6109208443227
7629480,283.6141471590257
7629510,283.6174131326353
7629540,283.62072490081096
7629570,283.6240845987843
7629600,283.6274923064221
7629630,283.6017349063549
7629660,283.5637283073625
7629690,283.5432645645878
7629720,283.53395438212044
7629750,283.5308545085547
7629780,283.5309904970832
7629810,283.5328188106107
7629840,283.5355358627899
7629870,283.5387245744369
7629900,283.54216912924664
7629930,283.54575660510994
7629960,283.54942795034714
7629990,283.5531517845065
7630020,283.5569108463604
7630050,283.5606952084401
7630080,283.56449862854805
7630110,283.5683169607776
7630140,283.57214696861297
7630170,283.57598597111263
7630200,283.5798315453615
7630230,283.58421528316876
7630260,283.5888609134093
7630290,283.5931427437748
7630320,283.5972428474437
7630350,283.6012150926408
7630380,283.6051156965292
7630410,283.6089766719229
7630440,283.6128127910335
7630470,283.6166297586018
7630500,283.62042823584335
7630530,283.62420721901526
7630560,283.62796527555435
7630590,283.631700846388
7630620,283.6354122258763
7630650,283.63909753033096
7630680,283.64275473995315
7630710,283.64638176562556
7630740,283.6499764917541
7630770,283.6535367922534
7630800,283.65706053516715
7630830,283.65699102534035
7630860,283.65536674195977
7630890,283.6558594985732
7630920,283.6576511854165
7630950,283.66013405893284
7630980,283.66297686643924
7631010,283.66596742526923
7631040,283.6690055176037
7631070,283.6720362450246
7631100,283.67503879422674
7631130,283.67799401737585
7631160,283.6808934755698
7631190,283.68373421014167
7631220,283.6865099134242
7631250,283.68921810141467
7631280,283.69185637427466
7631310,283.6944223315922
7631340,283.696913637357
7631370,283.69932804578303
7631400,283.70166337223174
7631430,283.7016165101427
7631460,283.7004955093084
7631490,283.70070045754903
7631520,283.70169215491586
7631550,283.7030774705293
7631580,283.7046226684184
7631610,283.7061927786145
7631640,283.70773960680765
7631670,283.7092324814081
7631700,283.7106285790169
7631730,283.71194533671525
7631760,283.71316262806454
7631790,283.7142640962578
7631820,283.7152393631944
7631850,283.7161436543672
7631880,283.7169223676196
7631910,283.7176067912913
7631940,283.718140686438
7631970,283.71856270887275
7632000,283.71886905837647
7632030,283.7181200001718
7632060,283.71684325934314
7632090,283.7161214547096
7632120,283.71574029950455
7632150,283.7155406139777
7632180,283.71544384556825
7632210,283.71539386456055
7632240,283.715371522521
7632270,283.7153624609426
7632300,283.7153597769367
7632330,283.71536186992057
7632360,283.7153659444607
7632390,283.7153707849562
7632420,283.71537594710435
7632450,283.71538135559064
7632480,283.7153869756577
7632510,283.7153927545742
7632540,283.71539864469617
7632570,283.7154046143933
7632600,283.7154106450491
7632630,283.7155194838632
7632660,283.71568162218745
7632690,283.7157796548791
7632720,283.71583260723474
7632750,283.71586120444266
7632780,283.71587816693636
7632810,283.7158899402135
7632840,283.71589965547594
7632870,283.7159082413188
7632900,283.71591599989176
7632930,283.71592318449365
7632960,283.715930040532
7632990,283.7159367418984
7633020,283.71594338248127
7633050,283.71595000530596
7633080,283.71595662909914
7633110,283.71596326212006
7633140,283.71596990820706
7633170,283.71597656929276
7633200,283.7159832462143
7633230,283.71596890935933
7633260,283.7159449231632
7633290,283.71593174803206
7633320,283.71592786269935
7633350,283.7159296141631
7633380,283.7159342562238
7633410,283.71594023307273
7633440,283.71594676998603
7633470,283.7159535131707
7633500,283.7159603171954
7633530,283.71596713091753
7633560,283.71597394040725
7633590,283.71598074374543
7633620,283.71598754168303
7633650,283.7159943348807
7633680,283.7160011233752
7633710,283.7160079066498
7633740,283.7160146838097
7633770,283.7160214537348
7633800,283.7160282151829
7633830,283.71603078691896
7633860,283.71603164521264
7633890,283.7160343153076
7633920,283.71603882679534
7633950,283.7160444747348
7633980,283.7160507026932
7634010,283.7160571913485
7634040,283.71606378006476
7634070,283.716070393459
7634100,283.716076998784
7634130,283.7160835832156
7634160,283.7160901421711
7634190,283.7160966739018
7634220,283.7161031773784
7634250,283.71610965162307
7634280,283.7161160955577
7634310,283.71612250800143
7634340,283.7161288876991
7634370,283.71613523335014
7634400,283.71614154362874
7634430,283.71614152392345
7634460,283.7161387517969
7634490,283.71613893543105
7634520,283.7161417809972
7634550,283.71614632408426
7634580,283.7161517313777
7634610,283.7161575108009
7634640,283.71616341643875
7634670,283.7161693366347
7634700,283.71617522522826
7634730,283.71618106538966
7634760,283.71618685187696
7634790,283.7161925831999
7634820,283.7161982586877
7634850,283.71620387762357
7634880,283.7162094390871
7634910,283.7162149419831
7634940,283.7162203850991
7634970,283.7162257671528
7635000,283.71623108682377
7635030,283.71623111701103
7635060,283.7162287690985
7635090,283.71622890828144
7635120,283.7162312312894
7635150,283.7162349214575
7635180,283.71623928990766
7635210,283.7162439312659
7635240,283.71624864231893
7635270,283.71625333036866
7635300,283.7162579568878
7635330,283.7162625076639
7635360,283.71626697809245
7635390,283.7162713666831
7635420,283.71627567263187
7635450,283.7162798951025
7635480,283.71628403309245
7635510,283.7162880854552
7635540,283.71629205094683
7635570,283.71629592826537
7635600,283.7162997160772
7635630,283.71629933681186
7635660,283.71629691246943
7635690,283.7162968700799
7635720,283.71629851664784
7635750,283.7163010286819
7635780,283.71630385286215
7635810,283.71630676299674
7635840,283.7163096938852
7635870,283.7163126172724
7635900,283.71631551017634
7635930,283.71631835377644
7635960,283.7163211345658
7635990,283.716323844858
7636020,283.7163264817821
7636050,283.7163290449265
7636080,283.71633153446004
7636110,283.71633395057495
7636140,283.7163362935955
7636170,283.71633856404196
7636200,283.71634076255054
7636230,283.7163403513005
7636260,283.7163386834825
7636290,283.7163383818059
7636320,283.7163392144493
7636350,283.7163405432722
7636380,283.71634205610223
7636410,283.7163436156793
7636440,283.7163451686609
7636470,283.71634669266234
7636500,283.71634817681456
7636530,283.71634961306177
7636560,283.71635099468836
7636590,283.7163523176195
7636620,283.71635358041215
7636650,283.7163547829885
7636680,283.71635592566224
7636710,283.71635700886264
7636740,283.7163580331286
7636770,283.7163589990825
7636800,283.7163599073859
7636830,283.71635950562734
7636860,283.71635843762766
7636890,283.71635800678695
7636920,283.7163581298742
7636950,283.71635849671407
7636980,283.7163589433855
7637010,283.71635940301303
7637040,283.7163598358944
7637070,283.7163602391211
7637100,283.7163606017595
7637130,283.7163609173867
7637160,283.71636118496406
7637190,283.7163614052798
7637220,283.7163615787212
7637250,283.7163617054327
7637280,283.7163617858232
7637310,283.71636182053044
7637340,283.7163618102301
7637370,283.7163617555892
7637400,283.716361657291
7637430,283.71636125534167
7637460,283.7163606897079
7637490,283.71636021680416
7637520,283.7163598168309
7637550,283.7163594478133
7637580,283.7163590759059
7637610,283.7163586818737
7637640,283.71635825656114
7637670,283.7163577962367
7637700,283.7163572997968
7637730,283.71635676730205
7637760,283.7163561992633
7637790,283.71635559632995
7637820,283.7163549591747
7637850,283.7163542884602
7637880,283.7163535848327
7637910,283.7163528489229
7637940,283.7163520813479
7637970,283.7163512827127
7638000,283.71635045361086
7638030,283.71635005073784
7638060,283.7163498148341
7638090,283.7163493509132
7638120,283.7163486490805
7638150,283.7163477917026
7638180,283.71634684169777
7638210,283.71634583452345
7638240,283.7163447880456
7638270,283.71634371086327
7638300,283.71634260692025
7638330,283.71634147794776
7638360,283.7163403247416
7638390,283.71633914776305
7638420,283.71633794737403
7638450,283.71633672391175
7638480,283.716335477705
7638510,283.7163342090745
7638540,283.7163329183294
7638570,283.71633160576414
7638600,283.7163302716557
7638630,283.71632987740793
7638660,283.71632983547994
7638690,283.7163293669608
7638720,283.71632846565694
7638750,283.7163272760214
7638780,283.71632592462623
7638810,283.7163244870054
7638840,283.71632300133734
7638870,283.71632148523304
7638900,283.7163199461127
7638930,283.71631838670976
7638960,283.71631680782997
7638990,283.71631520961085
7639020,283.7163135920152
7639050,283.7163119549882
7639080,283.71631029849493
7639110,283.7163086225226
7639140,283.7163069270759
7639170,283.7163052121738
7639200,283.7163034778474
7639230,283.71629976624627
7639260,283.7162803034598
7639290,283.7162234688108
7639320,283.716121990144
7639350,283.7159688585033
7639380,283.71576324308916
7639410,283.7155048382053
7639440,283.71519388699966
7639470,283.7148309943819
7639500,283.7144169623301
7639530,283.7139526886364
7639560,283.71343911467557
7639590,283.7128772004592
7639620,283.7122679132156
7639650,283.7116122224997
7639680,283.71091109834697
7639710,283.7101655107183
7639740,283.7093764294125
7639770,283.7085448241077
7639800,283.70767166441726
7639830,283.70715135952355
7639860,283.7068103513162
7639890,283.70613338964483
7639920,283.70527952151974
7639950,283.7043101923125
7639980,283.70325595456956
7640010,283.70214353031434
7640040,283.7009841886566
7640070,283.69978630969274
7640100,283.69855357712
7640130,283.69728832068483
7640160,283.69599230530685
7640190,283.69466693788536
7640220,283.6933134110823
7640250,283.6919327982241
7640280,283.6905261125377
7640310,283.68909433997874
7640340,283.687638455262
7640370,283.6861594289261
7640400,283.6846582301996
7640430,283.6842255597311
7640460,283.684273780738
7640490,283.68361265868816
7640520,283.6825103219534
7640550,283.6811639392657
7640580,283.679673575856
7640610,283.6781111826685
7640640,283.6765023033594
7640670,283.6748607924309
7640700,283.67319891558265
7640730,283.67152092056455
7640760,283.6698297815853
7640790,283.6681277804114
7640820,283.6664165827696
7640850,283.66469749073724
7640880,283.6629716255814
7640910,283.6612400227388
7640940,283.65950367759245
7640970,283.6577635680338
7641000,283.6560206653048
7641030,283.65565936362464
7641060,283.65592324332
7641090,283.65531659268913
7641120,283.65417678725765
7641150,283.6527569752242
7641180,283.65118197950324
7641210,283.6495272698102
7641240,283.6478378067322
7641270,283.64613073261125
7641300,283.6444214295079
7641330,283.6427148361338
7641360,283.6410142856495
7641390,283.6393221538944
7641420,283.63764016756824
7641450,283.6359696712139
7641480,283.6343118059888
7641510,283.6326676137684
7641540,283.63103809176334
7641570,283.6294242188048
7641600,283.62782696702595
7641630,283.62761511920667
7641660,283.62804126536656
7641690,283.62762702506984
7641720,283.6267021011959
7641750,283.6255234998067
7641780,283.62420820653915
7641810,283.6228307694971
7641840,283.6214414400781
7641870,283.620056570566
7641900,283.61868780113195
7641930,283.6173414328355
7641960,283.61602082701125
7641990,283.61472817357145
7642020,283.6134650053999
7642050,283.6122325602397
7642080,283.61103199984797
7642110,283.6098644421321
7642140,283.608730943439
7642170,283.6076325127527
7642200,283.6065701387199
7642230,283.6065836187456
7642260,283.60711511845614
7642290,283.60702742140006
7642320,283.60657615341086
7642350,283.60595423579156
7642380,283.6052494508249
7642410,283.6045261365033
7642440,283.60381946191933
7642470,283.60314156216566
7642500,283.6025019610285
7642530,283.60190444789714
7642560,283.6013527812163
7642590,283.60084874609623
7642620,283.60039373459455
7642650,283.5999890932655
7642680,283.599635942986
7642710,283.5993353736672
7642740,283.5990883870678
7642770,283.5988959912712
7642800,283.59875916002136
7642830,283.59908062548266
7642860,283.5996605732179
7642890,283.599966055089
7642920,283.6001394654798
7642950,283.6002364129633
7642980,283.60028491202866
7643010,283.60030718091934
7643040,283.60031658360697
7643070,283.6003201131399
7643100,283.60032117075366
7643130,283.60032130783156
7643160,283.60032116898964
7643190,283.60032098581775
7643220,283.60032082232334
7643250,283.6003206849105
7643280,283.60032056524426
7643310,283.6003204542709
7643340,283.60032034555707
7643370,283.60032023527106
7643400,283.6003201214012
7643430,283.6002733617246
7643460,283.6002054004062
7643490,283.6001632022267
7643520,283.60014328524284
7643550,283.60013206545176
7643580,283.6001259878837
7643610,283.6001229481374
7643640,283.60012148384914
7643670,283.6001207740231
7643700,283.60012040434265
7643730,283.6001201760881
7643760,283.6001199984648
7643790,283.60011983339996
7643820,283.60011966712943
7643850,283.6001194959288
7643880,283.6001193195786
7643910,283.6001191387581
7643940,283.6001189541804
7643970,283.60011876638816
7644000,283.6001185757576
7644030,283.60012477719926
7644060,283.60013345522253
7644090,283.60013939136763
7644120,283.6001425906248
7644150,283.60014402734
7644180,283.6001445329481
7644210,283.600144601435
7644240,283.60014448288666
7644270,283.60014429288145
7644300,283.60014408008027
7644330,283.6001438623157
7644360,283.60014364475006
7644390,283.6001434281665
7644420,283.6001432122183
7644450,283.60014299646775
7644480,283.60014278062664
7644510,283.6001425645626
7644540,283.6001423482557
7644570,283.6001421317554
7644600,283.6001419151502
7644630,283.6001411291331
7644660,283.60014016022063
7644690,283.60013937932047
7644720,283.60013885624795
7644750,283.60013849465975
7644780,283.6001382161835
7644810,283.6001379768869
7644840,283.6001377552102
7644870,283.60013754110383
7644900,283.6001373302425
7644930,283.6001371210627
7644960,283.60013691319085
7644990,283.600136706678
7645020,283.6001365016888
7645050,283.6001362984015
7645080,283.6001360969833
7645110,283.6001358975892
7645140,283.6001357003647
7645170,283.6001355054496
7645200,283.60013531298046
7645230,283.6001354844355
7645260,283.60013575997056
7645290,283.60013594090077
7645320,283.60013596439074
7645350,283.6001358845458
7645380,283.6001357523274
7645410,283.6001355976287
7645440,283.60013543526816
7645470,283.60013527219195
7645500,283.60013511149725
7645530,283.60013495444747
7645560,283.6001348015142
7645590,283.60013465288426
7645620,283.60013450866876
7645650,283.6001343689701
7645680,283.60013423389853
7645710,283.6001341035728
7645740,283.60013397811787
7645770,283.6001338576624
7645800,283.60013374233733
7645830,283.60013379750455
7645860,283.6001339147361
7645890,283.6001339756332
7645920,283.6001339693614
7645950,283.60013392339056
7645980,283.60013385980204
7646010,283.60013379124575
7646040,283.60013372410225
7646070,283.6001336614295
7646100,283.60013360462193
7646130,283.60013355428384
7646160,283.6001335106852
7646190,283.6001334739786
7646220,283.600133444285
7646250,283.6001334217222
7646280,283.6001334064111
7646310,283.60013339847654
7646340,283.600133398046
7646370,283.6001334052486
7646400,283.60013342021415
7646430,283.60013348352436
7646460,283.5991893624117
7646490,283.5959793948124
7646520,283.5919858160939
7646550,283.5878025756628
7646580,283.58525689892747
7646610,283.58390023306305
7646640,283.5831986187383
7646670,283.58283970229144
7646700,283.58265552272076
7646730,283.5825617656281
7646760,283.58251399488745
7646790,283.58248982411646
7646820,283.5824775673796
7646850,283.58247155201116
7646880,283.58246805967303
7646910,283.5824665098323
7646940,283.58246582511737
7646970,283.5824654729952
7647000,283.58246534907414
7647030,283.5837042529876
7647060,283.5854951616437
7647090,283.5864987345455
7647120,283.58705270698783
7647150,283.5873353970859
7647180,283.5874724739923
7647210,283.5875397339951
7647240,283.5875729693826
7647270,283.58759131364934
7647300,283.58760050151835
7647330,283.5876050491544
7647360,283.58760753459893
7647390,283.5876090737644
7647420,283.58761008763736
7647450,283.5876107683953
7647480,283.58761124299167
7647510,283.587611600973
7647540,283.58761189858745
7647570,283.58761216734456
7647600,283.5876124234423
7647630,283.5874541061571
7647660,283.58721501345343
7647690,283.587076531179
7647720,283.5870064961809
7647750,283.58697133322266
7647780,283.5869533117995
7647810,283.5869451523335
7647840,283.5869417227888
7647870,283.58694019530503
7647900,283.5869394178282
7647930,283.58693901686274
7647960,283.58693887110485
7647990,283.586938909552
7648020,283.58693906718094
7648050,283.58693929093573
7648080,283.58693954737174
7648110,283.5869398200453
7648140,283.5869401020795
7648170,283.5869403904391
7648200,283.58694068340304
7648230,283.5869614448262
7648260,283.58699155543275
7648290,283.5870111268162
7648320,283.58702078248945
7648350,283.58702579325046
7648380,283.58702836081784
7648410,283.58702967058775
7648440,283.58703031556166
7648470,283.587030701249
7648500,283.58703103697525
7648530,283.58703137968155
7648560,283.587031725206
7648590,283.5870320627907
7648620,283.58703239058957
7648650,283.5870327109615
7648680,283.5870330260281
7648710,283.58703333754727
7648740,283.5870336472375
7648770,283.58703395606284
7648800,283.58703426392645
7648830,283.58703149671396
7648860,283.5870275489745
7648890,283.5870248280279
7648920,283.5870235960706
7648950,283.5870232536731
7648980,283.58702325742524
7649010,283.58702337400314
7649040,283.5870235479129
7649070,283.58702376331564
7649100,283.5870240059016
7649130,283.5870242641249
7649160,283.58702452971926
7649190,283.58702479667977
7649220,283.58702506141304
7649250,283.5870253223962
7649280,283.58702557901904
7649310,283.58702583077235
7649340,283.5870260771269
7649370,283.58702631763265
7649400,283.5870265519245
7649430,283.5870268156341
7649460,283.58702708576743
7649490,283.58702733597795
7649520,283.58702756183345
7649550,283.5870277694163
7649580,283.5870279635396
7649610,283.5870281467495
7649640,283.58702832012796
7649670,283.5870284840055
7649700,283.5870286383436
7649730,283.58702878292996
7649760,283.5870289174813
7649790,283.5870290416926
7649820,283.58702915525697
7649850,283.58702925787236
7649880,283.58702934924304
7649910,283.58702942908064
7649940,283.5870294971043
7649970,283.5870295530412
7650000,283.58702959662713
7650030,283.58702942574024
7650060,283.58702911901975
7650090,283.58702884502145
7650120,283.5870285305652
7650150,283.58702814355786
7650180,283.58702765322664
7650210,283.58702705053474
7650240,283.5870263335743
7650270,283.5870254986983
7650300,283.5870245466485
7650330,283.58702347876454
7650360,283.58702229663686
7650390,283.58702100185735
7650420,283.58701959627786
7650450,283.5870180819195
7650480,283.58701646079214
7650510,283.5870147349057
7650540,283.58701290630626
7650570,283.5870109770401
7650600,283.5870089491347
7650630,283.5870078944259
7650660,283.58700726528593
7650690,283.58700585794105
7650720,283.5870039230314
7650750,283.58700167325713
7650780,283.58699922069275
7650810,283.5869966226552
7650840,283.58699391126106
7650870,283.58699110383117
7650900,283.5869882098914
7650930,283.58698523559906
7650960,283.58698218501024
7650990,283.58697906124826
7651020,283.58697586683695
7651050,283.5869726040905
7651080,283.58696927517093
7651110,283.5869658822156
7651140,283.58696242722203
7651170,283.5869589121881
7651200,283.5869553392539
7651230,283.58695456359436
7651260,283.58695516676454
7651290,283.5869539477364
7651320,283.586951399768
7651350,283.58694819080995
7651380,283.58694462847967
7651410,283.5869408644203
7651440,283.5869369789485
7651470,283.5869330227556
7651500,283.58692900814526
7651530,283.58692494490145
7651560,283.58692084067474
7651590,283.58691670134743
7651620,283.5869125308429
7651650,283.5869083318375
7651680,283.58690410670806
7651710,283.58689985769007
7651740,283.58689558684927
7651770,283.58689129624213
7651800,283.5868869878915
7651830,283.5868863901466
7651860,283.5868875418149
7651890,283.5868866445607
7651920,283.58688389716366
7651950,283.5868803080095
7651980,283.58687633054285
7652010,283.5868721786101
7652040,283.58686793535236
7652070,283.58686363918383
7652100,283.5868593104415
7652130,283.5868549633489
7652160,283.5868506097364
7652190,283.58684625821655
7652220,283.5868419140182
7652250,283.58683758038273
7652280,283.58683325986425
7652310,283.5868289548092
7652340,283.58682466742033
7652370,283.5868203997918
7652400,283.58681615396245
7652430,283.5868158213783
7652460,283.5868170043742
7652490,283.5868166184005
7652520,283.5868145954516
7652550,283.58681144345087
7652580,283.5868076885169
7652610,283.58680375843863
7652640,283.5867998326433
7652670,283.5867959361863
7652700,283.58679206428985
7652730,283.5867882214955
7652760,283.586784412214
7652790,283.58678063908013
7652820,283.5867769081102
7652850,283.58677322682325
7652880,283.5867695994893
7652910,283.58676602726007
7652940,283.5867625113464
7652970,283.58675905419113
7653000,283.5867556583436
7653030,283.58675575962394
7653060,283.5867571154163
7653090,283.58675724415036
7653120,283.58675590245787
7653150,283.5867536844597
7653180,283.58675105659233
7653210,283.58674828104023
7653240,283.58674548773337
7653270,283.58674273774216
7653300,283.5867400580641
7653330,283.58673745969764
7653360,283.5867349470174
7653390,283.58673252217164
7653420,283.58673018679247
7653450,283.5867279425152
7653480,283.5867257910805
7653510,283.586723734324
7653540,283.5867217741473
7653570,283.5867199124922
7653600,283.58671815132334
7653630,283.58671142976436
7653660,283.5866684846145
7653690,283.58654726123694
7653720,283.5863240759711
7653750,283.58598803877993
7653780,283.58553585917883
7653810,283.5849672017917
7653840,283.5842827968231
7653870,283.5834841664842
7653900,283.5825730820367
7653930,283.5815514422658
7653960,283.5804212608135
7653990,283.57918461020546
7654020,283.57784358377086
7654050,283.57640028083443
7654080,283.5748568041331
7654110,283.5732152593136
7654140,283.57147775398875
7654170,283.5696463969358
7654200,283.5677232976268
7654230,283.5665551808623
7654260,283.56570298517335
7654290,283.5642163492441
7654320,283.5623146470013
7654350,283.560160443155
7654380,283.55783018928264
7654410,283.5553709912999
7654440,283.55281045223234
7654470,283.55016563011253
7654500,283.54744458423994
7654530,283.5446525061523
7654560,283.54179267227386
7654590,283.5388677212247
7654620,283.53588005413616
7654650,283.53283195878856
7654680,283.5297256671687
7654710,283.52656337234
7654740,283.5233472317632
7654770,283.5200793776574
7654800,283.5167619304269
7654830,283.51572762031486
7654860,283.51563782992906
7654890,283.5140651798362
7654920,283.51156825920225
7654950,283.508545466122
7654980,283.50523465058586
7655010,283.5017545100377
7655040,283.49817944079916
7655070,283.49453847547863
7655100,283.490851711906
7655130,283.48712962009984
7655160,283.4833785941444
7655190,283.4796030612036
7655220,283.47580626687267
7655250,283.47199093553934
7655280,283.46815945062826
7655310,283.46431404001623
7655340,283.46045689689436
7655370,283.4565901986244
7655400,283.45271609744395
7655430,283.45178170521984
7655460,283.4520886138067
7655490,283.4505732430814
7655520,283.44796050561274
7655550,283.4447152506754
7655580,283.4411820166643
7655610,283.43747144829103
7655640,283.4336910235429
7655670,283.4298814085012
7655700,283.42606141240185
7655730,283.4222483005431
7655760,283.4184453435978
7655790,283.4146609200866
7655820,283.4108971112307
7655850,283.40715631358154
7655880,283.4034417240623
7655910,283.39975577842085
7655940,283.39610053296536
7655970,283.39247809917094
7656000,283.3888906452672
7656030,283.3882504258571
7656060,283.3888803107783
7656090,283.3877549292911
7656120,283.3855850186534
7656150,283.3828388434877
7656180,283.379840341295
7656210,283.3767143268708
7656240,283.3735618066237
7656270,283.37041900344224
7656300,283.3673175209213
7656330,283.36425326625925
7656360,283.3612512963353
7656390,283.35830894089764
7656420,283.3554264915438
7656450,283.3526133782188
7656480,283.3498664266069
7656510,283.3471923559625
7656540,283.3445908953994
7656570,283.34206452263635
7656600,283.3396171528228
7656630,283.3394859553232
7656660,283.34039603101047
7656690,283.34001491381156
7656720,283.338863449213
7656750,283.3373355381276
7656780,283.33565382690233
7656810,283.3339329003624
7656840,283.3322489175383
7656870,283.33062512446105
7656900,283.3290878566672
7656930,283.3276323680974
7656960,283.32628780246824
7656990,283.3250511909074
7657020,283.32390447574653
7657050,283.32287752362436
7657080,283.32196064887734
7657110,283.3211562943431
7657140,283.3204687843085
7657170,283.3198994676361
7657200,283.31945057700125
7657230,283.32007311751806
7657260,283.32122574898005
7657290,283.3218335539702
7657320,283.3221104579327
7657350,283.3222213715792
7657380,283.3222475526069
7657410,283.32225301124095
7657440,283.32223818343203
7657470,283.32224300467385
7657500,283.3222595246578
7657530,283.3222924412304
7657560,283.32234552336996
7657590,283.3224198095073
7657620,283.322515194754
7657650,283.32263182777086
7657680,283.3227699674454
7657710,283.3229297292228
7657740,283.32311115653266
7657770,283.32331430791453
7657800,283.3235392459688
7657830,283.32366928497737
7657860,283.3237597836145
7657890,283.3239465695952
7657920,283.32420637998797
7657950,283.3245157462353
7657980,283.32485821957357
7658010,283.32522936061054
7658040,283.3256263079451
7658070,283.32604734280443
7658100,283.326491503162
7658130,283.326958292526
7658160,283.3274474869795
7658190,283.3279590079263
7658220,283.3284928460597
7658250,283.32904902180536
7658280,283.3296275671108
7658310,283.33022851780277
7658340,283.3308519106467
7658370,283.33149778236475
7658400,283.3321661694139
7658430,283.33249952046503
7658460,283.3326579713043
7658490,283.333106384154
7658520,283.33370326618
7658550,283.33439366411915
7658580,283.33515200842885
7658610,283.33595777628597
7658640,283.33679845647964
7658670,283.33766747423937
7658700,283.3385616578433
7658730,283.3394795894691
7658760,283.3404207041247
7658790,283.3413848228606
7658820,283.3423719231248
7658850,283.34338203596934
7658880,283.34441520582556
7658910,283.34547147738806
7658940,283.34655089261133
7658970,283.3476534908508
7659000,283.348779309672
7659030,283.3492215456658
7659060,283.34934407042056
7659090,283.3499397950704
7659120,283.3508420641026
7659150,283.3519228746648
7659180,283.35310449803757
7659210,283.3543542123931
7659240,283.3556490069666
7659270,283.3569760413056
7659300,283.35833008413397
7659330,283.35970950066917
7659360,283.36111377332134
7659390,283.3625425768203
7659420,283.3639956212075
7659450,283.3654726930733
7659480,283.3669736766808
7659510,283.3684985322039
7659540,283.37004726205953
7659570,283.37161988676456
7659600,283.37321643342307
7659630,283.37376859672537
7659660,283.37384586489907
7659690,283.3746502391293
7659720,283.3758614148668
7659750,283.37732909346505
7659780,283.37894342525914
7659810,283.38064456383887
7659840,283.38239941174953
7659870,283.3841965314327
7659900,283.3860245169919
7659930,283.3878808661855
7659960,283.38976367427483
7659990,283.39167166110434
7660020,283.3936042602737
7660050,283.39556132007124
7660080,283.3975428522078
7660110,283.3995488968514
7660140,283.40157948324077
7660170,283.40363463113374
7660200,283.4057143594991
7660230,283.40636406039926
7660260,283.4064020703073
7660290,283.4073843335815
7660320,283.4089141223246
7660350,283.4107924171908
7660380,283.4128454882946
7660410,283.41501044774975
7660440,283.4172408007308
7660470,283.41951665097815
7660500,283.42182910644425
7660530,283.424171820729
7660560,283.4265424959405
7660590,283.428939689921
7660620,283.43136257132886
7660650,283.4338107903838
7660680,283.4362842937231
7660710,283.43878307190784
7660740,283.44130709164733
7660770,283.4438563364418
7660800,283.4464308217444
7660830,283.4471802907491
7660860,283.44713016552754
7660890,283.4482669713503
7660920,283.450077580977
7660950,283.4523004689675
7660980,283.45470531551763
7661010,283.45722322908983
7661040,283.45979937048384
7661070,283.46240249304594
7661100,283.4650199994871
7661130,283.46764408248237
7661160,283.470271631043
7661190,283.4729007142079
7661220,283.4755306044092
7661250,283.4781609373783
7661280,283.48079150248515
7661310,283.483422190004
7661340,283.4860529479492
7661370,283.4886837544726
7661400,283.4913146022746
7661430,283.491862158025
7661460,283.49149708361875
7661490,283.49244557733056
7661520,283.49417207471123
7661550,283.4963374690259
7661580,283.4987182988314
7661610,283.5012214505442
7661640,283.50378643369083
7661670,283.50637825487223
7661700,283.50898814648133
7661730,283.5116051853341
7661760,283.5142265895951
7661790,283.5168509436072
7661820,283.51947630446847
7661850,283.52210233535783
7661880,283.52472878933116
7661910,283.5273555102946
7661940,283.52998241609373
7661970,283.53260947092855
7662000,283.5352366620723
7662030,283.53578211082527
7662060,283.5354175833052
7662090,283.536361027452
7662120,283.53808304105047
7662150,283.54024413095885
7662180,283.542624928226
7662210,283.5451368860066
7662240,283.54768326150196
7662270,283.5502810212389
7662300,283.55288730674033
7662330,283.5555012717948
7662360,283.55811918758366
7662390,283.56073935815436
7662420,283.56336052268557
7662450,283.565982163486
7662480,283.5686039674775
7662510,283.5712257877056
7662540,283.5738475375532
7662570,283.57646918765846
7662600,283.5790907267183
7662630,283.579604678258
7662660,283.5791978855387
7662690,283.58011551374796
7662720,283.58182104870275
7662750,283.58397070837685
7662780,283.58634205986954
7662810,283.58884522950717
7662840,283.5913848475852
7662870,283.59397059696397
7662900,283.59657114925835
7662930,283.5991786360191
7662960,283.6017903495703
7662990,283.6044039260591
7663020,283.60701850274864
7663050,283.6096334701452
7663080,283.6122486010299
7663110,283.6148637828184
7663140,283.61747898171257
7663170,283.62009418600377
7663200,283.62270938608856
7663230,283.62319911634364
7663260,283.6227605291847
7663290,283.62365889637545
7663320,283.6253518671416
7663350,283.62749246574685
7663380,283.62985679763716
7663410,283.6323545728648
7663440,283.63488768832536
7663470,283.6374651847303
7663500,283.6400610760697
7663530,283.6426641687862
7663560,283.6452705075934
7663590,283.6478784511952
7663620,283.650487079003
7663650,283.65309606298763
7663680,283.65570534303635
7663710,283.65831483603205
7663740,283.6609244245945
7663770,283.66353403166977
7663800,283.6661436283758
7663830,283.6666075071527
7663860,283.6661345480235
7663890,283.6670122747422
7663920,283.6686920924004
7663950,283.6708234326682
7663980,283.6731805688379
7664010,283.67567093221396
7664040,283.67820411299334
7664070,283.6807752503993
7664100,283.6833635839939
7664130,283.6859573787823
7664160,283.68855818590544
7664190,283.69115845369873
7664220,283.69376172458453
7664250,283.6963645791881
7664280,283.69896735828064
7664310,283.70157164180995
7664340,283.7041737474902
7664370,283.70677771435686
7664400,283.7093809688809
7664430,283.9312163939227
7664460,282.7435830241419
7664490,281.8197654633515
7664520,281.140229275554
7664550,280.6342347996774
7664580,280.25708909875385
7664610,279.9759333802244
7664640,279.76633271277524
7664670,279.6100761004002
7664700,279.49358734338165
7664730,279.40674730700124
7664760,279.342007452815
7664790,279.29374290393787
7664820,279.25776096849523
7664850,279.230933942426
7664880,279.2109373083942
7664910,279.19603202994307
7664940,279.1849275041229
7664970,279.17664332977245
7665000,279.1704638268682
7665030,279.165985356299
7665060,279.1626903293247
7665090,279.1601975091863
7665120,279.15831469657627
7665150,279.1568929825479
7665180,279.15581957324474
7665210,279.1550099681489
7665240,279.1543981587143
7665270,279.1539356178552
7665300,279.1535859430023
7665330,279.1533231858725
7665360,279.1531241104217
7665390,279.15297396018644
7665420,279.15286060699816
7665450,279.15277503492365
7665480,279.1527104312582
7665510,279.15266180082864
7665540,279.15262550947523
7665570,279.1525976587199
7665600,279.1525766058381
7665630,279.15256065438956
7665660,279.1525480087859
7665690,279.1525370037779
7665720,279.15253057767546
7665750,279.15252568686043
7665780,279.1525210698084
7665810,279.1525203808128
7665840,279.1525165886085
7665870,279.152516373966
7665900,279.15251450355055
7665930,279.15251317932297
7665960,279.1525122297957
7665990,279.1525130009674
7666020,279.1525147664181
7666050,279.15251480173725
7666080,279.1525139836348
7666110,279.1525130786549
7666140,279.1525122977193
7666170,279.15251177423335
7666200,279.15251150714414
7666230,279.15251105117943
7666260,279.15250980991107
7666290,279.15250937232224
7666320,279.1525095796332
7666350,279.15251041012203
7666380,279.15250937406154
7666410,279.15250840019814
7666440,279.15250809024684
7666470,279.15250815885355
7666500,279.15250843398064
7666530,279.15250825314007
7666560,279.15250783430827
7666590,279.15250750622687
7666620,279.1525076334944
7666650,279.1525076600998
7666680,279.152506402123
7666710,279.1525032001438
7666740,279.15250065369344
7666770,279.1525002697665
7666800,279.15250226661766
7666830,279.15250287259573
7666860,279.1525004501192
7666890,279.152501344943
7666920,279.15250333282995
7666950,279.15250505369704
7666980,279.1525062527332
7667010,279.1525070788517
7667040,279.15250766697744
7667070,279.15250808731616
7667100,279.1525083810216
7667130,279.1525085788864
7667160,279.15250870484607
7667190,279.1525087768755
7667220,279.15250880831604
7667250,279.1525088091441
7667280,279.1525087868631
7667310,279.15250874712376
7667340,279.1525086941384
7667370,279.15250863103336
7667400,279.152508560136
7667430,279.15250848304134
7667460,279.1525084299593
7667490,279.15250892249776
7667520,279.15250867561986
7667550,279.152507818731
7667580,279.152507121143
7667610,279.15250603193385
7667640,279.1525050181445
7667670,279.1525041416947
7667700,279.1525037043461
7667730,279.1525036710006
7667760,279.15250345008053
7667790,279.15250299965953
7667820,279.1525029532267
7667850,279.15250348530833
7667880,279.1525040525214
7667910,279.15250422694805
7667940,279.1525041010942
7667970,279.1525039173672
7668000,279.15250374060736
7668030,279.1525036217371
7668060,279.1525041311895
7668090,279.1525050101793
7668120,279.1525042055707
7668150,279.1524977867388
7668180,279.15249375967653
7668210,279.1524958146976
7668240,279.15249789550063
7668270,279.15249915345424
7668300,279.1525002158612
7668330,279.15250125964127
7668360,279.15250219497983
7668390,279.15250300639127
7668420,279.1525036817897
7668450,279.15250421147164
7668480,279.1525046061044
7668510,279.15250489194824
7668540,279.15250509663196
7668570,279.1525052417426
7668600,279.15250534262714
7668630,279.1525051456375
7668660,279.15250209664043
7668690,279.1525009409508
7668720,279.1525020615104
7668750,279.15250262774
7668780,279.15250302164776
7668810,279.1525035628896
7668840,279.15250405391447
7668870,279.1525044125484
7668900,279.1525046532963
7668930,279.15250481493246
7668960,279.15250492516884
7668990,279.15250499917215
7669020,279.15250504597304
7669050,279.15250507209015
7669080,279.1525050825645
7669110,279.152505081251
7669140,279.15250507106515
7669170,279.1525050541877
7669200,279.15250503221904
7669230,279.15250500625297
7669260,279.15250499857774
7669290,279.1525049633943
7669320,279.1525041638137
7669350,279.15250298321564
7669380,279.15250244252735
7669410,279.1525025662366
7669440,279.15250290786213
7669470,279.1525032641299
7669500,279.15250357270276
7669530,279.1525038147676
7669560,279.15250399019345
7669590,279.15250411014404
7669620,279.1525041884554
7669650,279.15250423634495
7669680,279.15250426171445
7669710,279.1525042701546
7669740,279.1525042658024
7669770,279.1525042517918
7669800,279.1525042304962
7669830,279.1525038411887
7669860,279.152499679801
7669890,279.1524980291463
7669920,279.1524988606646
7669950,279.1524991947418
7669980,279.15249928256253
7670010,279.15249985037485
7670040,279.1525006567263
7670070,279.152501414113
7670100,279.15250203690084
7670130,279.152502488376
7670160,279.15250279231554
7670190,279.1525029940445
7670220,279.15250312923285
7670250,279.1525032184974
7670280,279.1525032736281
7670310,279.1525033026959
7670340,279.1525033119409
7670370,279.1525033062273
7670400,279.15250328923685
7670430,279.1525019746893
7670460,279.15249911378044
7670490,279.1524997969039
7670520,279.15250042800164
7670550,279.1525004814794
7670580,279.1525016189917
7670610,279.1525018838461
7670640,279.1525022610865
7670670,279.15250266615357
7670700,279.15250256213284
7670730,279.15250133412724
7670760,279.1524989839029
7670790,279.1524974547759
7670820,279.1524972734501
7670850,279.15249799891245
7670880,279.15249897466987
7670910,279.15249981674714
7670940,279.1525004340879
7670970,279.1525008521083
7671000,279.1525011473349
7671030,279.152501365019
7671060,279.1525014991542
7671090,279.15250158341297
7671120,279.15250163173965
7671150,279.15250204623004
7671180,279.15250642066826
7671210,279.15250466843816
7671240,279.152503118269
7671270,279.1525039058357
7671300,279.1525033385095
7671330,279.15250241070424
7671360,279.15250210351206
7671390,279.15250226542656
7671420,279.15250190784707
7671450,279.15250134402646
7671480,279.15250069249083
7671510,279.1524999092758
7671540,279.1524990816968
7671570,279.15249840516447
7671600,279.1524979320791
7671630,279.1531854608349
7671660,279.1539802880351
7671690,279.1547386213942
7671720,279.1556719005952
7671750,279.1566268581874
7671780,279.1575718802283
7671810,279.1585170359468
7671840,279.15946211947863
7671870,279.16040703187446
7671900,279.16135121752717
7671930,279.16229766508053
7671960,279.163239811382
7671990,279.164183886153
7672020,279.1651301573642
7672050,279.166073005881
7672080,279.16701969696237
7672110,279.16796365163754
7672140,279.16890751995044
7672170,279.16985241197364
7672200,279.17079731175943
7672230,279.1717411374048
7672260,279.17268212097093
7672290,279.1736272750769
7672320,279.1745730154947
7672350,279.1755163625558
7672380,279.17646176237287
7672410,279.1774077709631
7672440,279.17835337398793
7672470,279.17929821750994
7672500,279.1802416756601
7672530,279.181187704044
7672560,279.182129567763
7672590,279.1830784235119
7672620,279.1840174238229
7672650,279.1849589630794
7672680,279.185905191967
7672710,279.18684863748166
7672740,279.1877931744817
7672770,279.18873766287595
7672800,279.18968136200124
7672830,279.19062475779504
7672860,279.19156545603647
7672890,279.1925117538385
7672920,279.19346349783484
7672950,279.1944113763104
7672980,279.1953575389655
7673010,279.1963042997583
7673040,279.1972503904521
7673070,279.1981956887386
7673100,279.1991407759235
7673130,279.20008588630884
7673160,279.2010309445265
7673190,279.20197599758825
7673220,279.20292100089614
7673250,279.20386595696795
7673280,279.20481078765783
7673310,279.2057554689695
7673340,279.20669978386707
7673370,279.2076436263461
7673400,279.2085892572239
7673430,279.2095348954717
7673460,279.21047719916555
7673490,279.2114180141775
7673520,279.2123643414658
7673550,279.2133148517676
7673580,279.21426294522195
7673610,279.21520832639726
7673640,279.21615244105743
7673670,279.217096607634
7673700,279.2180434107917
7673730,279.2189954120478
7673760,279.2199493732507
7673790,279.2208989749077
7673820,279.22184280176424
7673850,279.2227847819247
7673880,279.2237281516698
7673910,279.2246727496066
7673940,279.2256172770802
7673970,279.22656137765927
7674000,279.22750538042527
7674030,279.22844909282134
7674060,279.22938855038535
7674090,279.23032577677174
7674120,279.2312687962957
7674150,279.23221589491277
7674180,279.23316281826516
7674210,279.234108891528
7674240,279.23505407750844
7674270,279.2359982843367
7674300,279.2369418382815
7674330,279.23788515985996
7674360,279.2388287135666
7674390,279.2397732679295
7674420,279.24071819042626
7674450,279.2416635314932
7674480,279.24260769373876
7674510,279.2435510953206
7674540,279.2444945709179
7674570,279.2454388080152
7674600,279.24638346069355
7674630,279.2473299574462
7674660,279.2482863204482
7674690,279.24923870042835
7674720,279.25018534616225
7674750,279.2511334629799
7674780,279.2520799021482
7674810,279.25302252878345
7674840,279.25396650965206
7674870,279.2549107129046
7674900,279.2558534488675
7674930,279.25679746653896
7674960,279.2577404778935
7674990,279.25868397834165
7675020,279.25962759707403
7675050,279.26057060417025
7675080,279.26151459246927
7675110,279.26245750685325
7675140,279.2634013700163
7675170,279.26434472238077
7675200,279.2652881529053
7675230,279.266231751308
7675260,279.26717278328516
7675290,279.268111534442
7675320,279.2690544373281
7675350,279.270002074722
7675380,279.2709477532188
7675410,279.27189120570756
7675440,279.272835498834
7675470,279.27378122927087
7675500,279.27472999540777
7675530,279.2756825592943
7675560,279.2766379889346
7675590,279.2775947457595
7675620,279.27855180962626
7675650,279.2795088439235
7675680,279.28046584867394
7675710,279.28142287942075
7675740,279.28237996135664
7675770,279.2833370971737
7675800,279.28429428421975
7675830,279.2852482683286
7675860,279.2861962967648
7675890,279.28714080128077
7675920,279.28808389119166
7675950,279.2890280172096
7675980,279.28997385920843
7676010,279.2909230788331
7676040,279.29187499187145
7676070,279.2928264626512
7676100,279.2937738336127
7676130,279.29471667565406
7676160,279.2956577289715
7676190,279.29660011538505
7676220,279.2975442726941
7676250,279.2984885400805
7676280,279.29943182565404
7676310,279.30037466980696
7676340,279.30131795732314
7676370,279.3022616717687
7676400,279.3032052456597
7676430,279.30414845838834
7676460,279.30509182487714
7676490,279.3060352027339
7676520,279.30697857632396
7676550,279.307923235916
7676580,279.30887109773596
7676610,279.3098230780751
7676640,279.3107785118509
7676670,279.3117359282685
7676700,279.3126940791662
7676730,279.31365234215656
7676760,279.31461055617535
7676790,279.3155687357279
7676820,279.31652691227544
7676850,279.31748509717977
7676880,279.3184432897527
7676910,279.3194014867636
7676940,279.3203596853351
7676970,279.32131788303485
7677000,279.32227607753623
7677030,279.32323083017405
7677060,279.3241800507312
7677090,279.325124532832
7677120,279.3260678491972
7677150,279.32701275183183
7677180,279.32795939515916
7677210,279.3289069106966
7677240,279.3298543576165
7677270,279.3308013588182
7677300,279.3317479620463
7677330,279.3326942996734
7677360,279.33364043927884
7677390,279.3345863932331
7677420,279.3355321576834
7677450,279.33647773003264
7677480,279.33742311045614
7677510,279.3383683004244
7677540,279.33931330146424
7677570,279.34025832553783
7677600,279.3412020996772
7677630,279.34214566569364
7677660,279.34308917438864
7677690,279.344032684121
7677720,279.34497617295534
7677750,279.34591760429174
7677780,279.3468603025516
7677810,279.34780397391347
7677840,279.34874761431325
7677870,279.34969118441677
7677900,279.3506347296009
7677930,279.35158145425214
7677960,279.3525314422187
7677990,279.3534804214465
7678020,279.35442578371635
7678050,279.3553684537239
7678080,279.3563102966398
7678110,279.3572522274604
7678140,279.3581943133267
7678170,279.3591364130476
7678200,279.36007846238067
7678230,279.3610209679268
7678260,279.3619641176985
7678290,279.36290753416665
7678320,279.36385099282745
7678350,279.3647944815387
7678380,279.36573803065215
7678410,279.36668159532303
7678440,279.3676251786996
7678470,279.3685687595334
7678500,279.3695123542135
7678530,279.3704559440634
7678560,279.3713995481778
7678590,279.3723431466107
7678620,279.37328673600945
7678650,279.37423032159717
7678680,279.37517390758137
7678710,279.3761174960229
7678740,279.3770610875664
7678770,279.3780046823715
7678800,279.37894828053373
7678830,279.3798918600018
7678860,279.3808353749975
7678890,279.38177880380493
7678920,279.3827221024468
7678950,279.38366526749525
7678980,279.384608292718
7679010,279.38555115416483
7679040,279.3864937943449
7679070,279.38743609287707
7679100,279.3883781421137
7679130,279.38932014666796
7679160,279.39026212961056
7679190,279.391203882935
7679220,279.39214539976683
7679250,279.39308684292234
7679280,279.39402821435147
7679310,279.39496928074897
7679340,279.395910071521
7679370,279.3968508189712
7679400,279.39779159465684
7679430,279.3987323595591
7679460,279.39967303281827
7679490,279.4006135966586
7679520,279.40155404807143
7679550,279.4024943794014
7679580,279.40343457279425
7679610,279.4043746212827
7679640,279.40531453447676
7679670,279.4062543292475
7679700,279.40719402284157
7679730,279.40813363261634
7679760,279.40907317797297
7679790,279.4100126813799
7679820,279.4109521684681
7679850,279.41189166774376
7679880,279.4128311912924
7679910,279.4137707540029
7679940,279.4147103788955
7679970,279.4156500967878
7680000,279.4165899477701
7680030,279.4175299978838
7680060,279.41847027940406
7680090,279.4194108558074
7680120,279.42035173042746
7680150,279.42129292510765
7680180,279.42223448804333
7680210,279.4231764757058
7680240,279.4241189377325
7680270,279.4250619144221
7680300,279.4260054291889
7680330,279.4269494938784
7680360,279.4278941204487
7680390,279.428839384829
7680420,279.4297854126923
7680450,279.4307321761202
7680480,279.431679319009
7680510,279.43262671858696
7680540,279.43357459006813
7680570,279.4345231133987
7680600,279.43547229149436
7680630,279.4364221105248
7680660,279.437372422178
7680690,279.43832327592605
7680720,279.4392746578094
7680750,279.44022654775597
7680780,279.44117894080193
7680810,279.4421318647303
7680840,279.4430853361838
7680870,279.4440393325663
7680900,279.44499380398344
7680930,279.4459486918361
7680960,279.4469039367413
7680990,279.44785947971684
7681020,279.448815262287
7681050,279.4497712270351
7681080,279.45072731821193
7681110,279.4516834821647
7681140,279.4526396677096
7681170,279.4535958264864
7681200,279.45455189985796
7681230,279.45550783103147
7681260,279.4564636491644
7681290,279.4574192922388
7681320,279.4583722656925
7681350,279.45931736666756
7681380,279.4602578758486
7681410,279.4612012005098
7681440,279.4621670846531
7681470,279.46312606462044
7681500,279.46408094112627
7681530,279.4650349558335
7681560,279.4659883248166
7681590,279.46694089651237
7681620,279.4678927676253
7681650,279.46884669020767
7681680,279.4698033541626
7681710,279.4707606811085
7681740,279.4717173752749
7681770,279.47267276151064
7681800,279.47362634592236
7681830,279.47457791118296
7681860,279.4755285753691
7681890,279.4764807611782
7681920,279.4774327691455
7681950,279.4783831682186
7681980,279.4793328329419
7682010,279.4802822610182
7682040,279.48123154958944
7682070,279.4821807085077
7682100,279.4831297723958
7682130,279.4840787783613
7682160,279.4850277407495
7682190,279.4859766512585
7682220,279.48692548710846
7682250,279.4878742166218
7682280,279.4888228021032
7682310,279.48977120187675
7682340,279.49071937212943
7682370,279.49166726843407
7682400,279.49261484690544
7682430,279.49356193064403
7682460,279.494508536107
7682490,279.4954576562195
7682520,279.4964138297367
7682550,279.4973627228484
7682580,279.4983085064406
7682610,279.49925364130974
7682640,279.50019865274163
7682670,279.50114352673467
7682700,279.5020882183252
7682730,279.50303272035586
7682760,279.50397704202953
7682790,279.50492119635607
7682820,279.5058651918858
7682850,279.5068090303041
7682880,279.50775270698654
7682910,279.5086962082394
7682940,279.509639505693
7682970,279.51058416636056
7683000,279.5115301291633
7683030,279.51247533402835
7683060,279.51341781803586
7683090,279.5143593417214
7683120,279.5153010913369
7683150,279.51624075298963
7683180,279.51717791624725
7683210,279.5181147870403
7683240,279.5190528925916
7683270,279.5199920035531
7683300,279.52092913569595
7683330,279.5218644363076
7683360,279.5228006004975
7683390,279.52373883307195
7683420,279.52467849595047
7683450,279.5256185044396
7683480,279.52655828665905
7683510,279.5274977074008
7683540,279.52843677997566
7683570,279.52937556186157
7683600,279.5303141244176
7683630,279.53125248591294
7683660,279.5321907438816
7683690,279.5331289162965
7683720,279.5340670410064
7683750,279.5350050863194
7683780,279.5359430273693
7683810,279.5368809095158
7683840,279.5378188053241
7683870,279.5387567719703
7683900,279.539694853669
7683930,279.5406330963265
7683960,279.54157155202097
7683990,279.5425102764811
7684020,279.5434493263699
7684050,279.5443887578565
7684080,279.54532862551946
7684110,279.5462689810152
7684140,279.54720987138995
7684170,279.5481513400336
7684200,279.54909342577173
7684230,279.5500362298046
7684260,279.55097954447126
7684290,279.5519234820445
7684320,279.5528680131332
7684350,279.5538131351141
7684380,279.55475889662097
7684410,279.5557052885048
7684440,279.5566522628573
7684470,279.5575997929369
7684500,279.55854786696784
7684530,279.5594964606826
7684560,279.5604455321289
7684590,279.5613950416417
7684620,279.56234497924913
7684650,279.5632953297947
7684680,279.56424604668064
7684710,279.5651970619392
7684740,279.5661483033364
7684770,279.56709970168845
7684800,279.56805119158366
7684830,279.56900271995124
7684860,279.56995420057535
7684890,279.5709055981725
7684920,279.57185689001517
7684950,279.57280595085115
7684980,279.57375274291985
7685010,279.57469969258705
7685040,279.57564833740514
7685070,279.5765983141209
7685100,279.57754866692153
7685130,279.5784987545009
7685160,279.57944845208533
7685190,279.5803978397271
7685220,279.5813468887814
7685250,279.582295495027
7685280,279.58324367650647
7685310,279.5841906698728
7685340,279.585136806193
7685370,279.5860835747515
7685400,279.58703196211087
7685430,279.58798001756537
7685460,279.5889267624697
7685490,279.5898739268577
7685520,279.5908213093344
7685550,279.59176865548716
7685580,279.59271583897146
7685610,279.59366281083226
7685640,279.594609541661
7685670,279.59555606421435
7685700,279.59650241545336
7685730,279.5974485950216
7685760,279.5983945675301
7685790,279.59933997582925
7685820,279.6002847590576
7685850,279.6012292140258
7685880,279.6021735131732
7685910,279.6031175598132
7685940,279.6040611789844
7685970,279.60500426297193
7686000,279.6059467764554
7686030,279.6068894616641
7686060,279.607838266161
7686090,279.60878989272754
7686120,279.60973973568866
7686150,279.6106865945449
7686180,279.6116353236467
7686210,279.6125836871856
7686240,279.6135329507032
7686270,279.61448180719805
7686300,279.61542624355883
7686330,279.61636976785167
7686360,279.6173137719348
7686390,279.6182583664449
7686420,279.61920294276604
7686450,279.62014425798253
7686480,279.6210794905352
7686510,279.6220092957597
7686540,279.6229363400455
7686570,279.62386270843405
7686600,279.624789175544
7686630,279.6257202115064
7686660,279.6266595027503
7686690,279.627602279123
7686720,279.6285455367315
7686750,279.62948912279063
7686780,279.6304329053535
7686810,279.6313765948861
7686840,279.63231749585617
7686870,279.63325281297705
7686900,279.634182888812
7686930,279.6351101731482
7686960,279.636036722512
7686990,279.63696334734874
7687020,279.63789011685253
7687050,279.63881693803586
7687080,279.6397437625852
7687110,279.6406705836544
7687140,279.64159740407285
7687170,279.6425242250039
7687200,279.64345104589944
7687230,279.6443821821112
7687260,279.6453213669843
7687290,279.6462630596772
7687320,279.6472054666021
7687350,279.64814885246227
7687380,279.6490924272441
7687410,279.6500360217719
7687440,279.65097755862234
7687470,279.651914406008
7687500,279.6528461197485
7687530,279.6537744175362
7687560,279.65470130760434
7687590,279.65562792603475
7687620,279.65655460197513
7687650,279.65748132890894
7687680,279.6584080570613
7687710,279.6593347656607
7687740,279.6602614518268
7687770,279.66118811591406
7687800,279.66211475740437
7687830,279.6630457719276
7687860,279.6639846612235
7687890,279.66492714299915
7687920,279.66587069757736
7687950,279.66681242240145
7687980,279.6677491425645
7688010,279.6686801629396
7688040,279.6696075294488
7688070,279.67053364811846
7688100,279.6714597313437
7688130,279.6723859824418
7688160,279.67331228455464
7688190,279.67423855224513
7688220,279.6751647665313
7688250,279.6760909303036
7688280,279.6770170455958
7688310,279.67794311144485
7688340,279.6788691259311
7688370,279.6797950871219
7688400,279.68072099311144
7688430,279.68165063609047
7688460,279.6825886667833
7688490,279.68353058990596
7688520,279.6844736638307
7688550,279.6854146381099
7688580,279.68635022001325
7688610,279.68728000092165
7688640,279.6882062374861
7688670,279.6891313064108
7688700,279.69005632485283
7688730,279.69098145541886
7688760,279.6919065847306
7688790,279.692831637075
7688820,279.6937565966332
7688850,279.6946814655488
7688880,279.6956062447371
7688910,279.6965309324871
7688940,279.6974555264165
7688970,279.6983800240929
7689000,279.6993044230965
7689030,279.7002332630362
7689060,279.7011700748871
7689090,279.70211209968835
7689120,279.7030524714328
7689150,279.70398753656616
7689180,279.7049198118829
7689210,279.7058544879511
7689240,279.7067902917561
7689270,279.70772249607404
7689300,279.70864960275685
7689330,279.70957350255196
7689360,279.7104963458547
7689390,279.7114190791719
7689420,279.7123418150453
7689450,279.71326446127586
7689480,279.71418696552786
7689510,279.71510931840083
7689540,279.7160315204025
7689570,279.71695357032246
7689600,279.71787546542254
7689630,279.71880240082123
7689660,279.71974040084456
7689690,279.72068802312646
7689720,279.72163244753983
7689750,279.72257521350696
7689780,279.7235174932714
7689810,279.7244596214215
7689840,279.72540168340464
7689870,279.72634369974855
7689900,279.72728568965164
7689930,279.7282276559474
7689960,279.7291695945891
7689990,279.73011150102303
7690020,279.7310533829811
7690050,279.73199524094747
7690080,279.73293707119427
7690110,279.7338788696328
7690140,279.73482064501763
7690170,279.7357623979964
7690200,279.7367041246228
7690230,279.73764583161204
7690260,279.73858750817226
7690290,279.7395291555731
7690320,279.74047076920294
7690350,279.74141236473935
7690380,279.7423539437695
7690410,279.743295500714
7690440,279.7442370299906
7690470,279.74517852715843
7690500,279.7461200084445
7690530,279.74706147537836
7690560,279.7480029222274
7690590,279.74894434327564
7690620,279.7498857341296
7690650,279.75082711073946
7690680,279.75176847468515
7690710,279.7527098203281
7690740,279.7536511422205
7690770,279.7545924362183
7690800,279.7555336992423
7690830,279.75647495351825
7690860,279.7574161998699
7690890,279.7583574359624
7690920,279.75929865659725
7690950,279.7602398627059
7690980,279.76118105598977
7691010,279.76212223611356
7691040,279.76306340202603
7691070,279.7640045533691
7691100,279.7649456904718
7691130,279.7658868139144
7691160,279.76682792426755
7691190,279.767769022071
7691220,279.7687101078234
7691250,279.769651181995
7691280,279.770592245094
7691310,279.77153329761546
7691340,279.77247434003306
7691370,279.77341537286827
7691400,279.7743563966682
7691430,279.7752958392315
7691460,279.77623535888773
7691490,279.7771756786943
7691520,279.77811647319896
7691550,279.77905736997315
7691580,279.7799982883914
7691610,279.7809392051562
7691640,279.7818801148776
7691670,279.78282101742127
7691700,279.7837619143617
7691730,279.7847028080558
7691760,279.78564638916805
7691790,279.7865896860145
7691820,279.7875318178619
7691850,279.7884732050936
7691880,279.7894142874744
7691910,279.7903552809675
7691940,279.7912962670428
7691970,279.79223727470077
7692000,279.79317823187193
7692030,279.79411914260425
7692060,279.79506001485004
7692090,279.79600087947375
7692120,279.79694174473997
7692150,279.7978826150482
7692180,279.79882349393114
7692210,279.79976438483635
7692240,279.80070529142364
7692270,279.8016461831157
7692300,279.80258705816595
7692330,279.8035279268847
7692360,279.804468798022
7692390,279.8054096773909
7692420,279.80635056924746
7692450,279.80729147761247
7692480,279.80823237939774
7692510,279.80917327320304
7692540,279.8101141671801
7692570,279.81105506869676
7692600,279.81199598317943
7692630,279.8129369010121
7692660,279.8138778211225
7692690,279.81481875036144
7692720,279.81575969486164
7692750,279.8167006429994
7692780,279.8176415942201
7692810,279.81858255370145
7692840,279.81952352690865
7692870,279.8204645185187
7692900,279.82140551606466
7692930,279.8223465189555
7692960,279.8232875324455
7692990,279.8242285619938
7693020,279.8251696121564
7693050,279.82611067073617
7693080,279.82705173699486
7693110,279.82799281617423
7693140,279.8289339136796
7693170,279.8298750337732
7693200,279.83081616494286
7693230,279.8317572792292
7693260,279.8326983130621
7693290,279.8336392460317
7693320,279.8345800691296
7693350,279.8355207786467
7693380,279.8364613738557
7693410,279.8374018551211
7693440,279.83834222325373
7693470,279.8392824790852
7693500,279.8402226233391
7693530,279.84116265743216
7693560,279.8421025830249
7693590,279.84304240118223
7693620,279.84398211252153
7693650,279.8449217174982
7693680,279.84586121638984
7693710,279.8468006094471
7693740,279.847739896847
7693770,279.84867907859297
7693800,279.8496181546965
7693830,279.8505571411778
7693860,279.8514960132455
7693890,279.85243478394295
7693920,279.8533734507413
7693950,279.8543120050702
7693980,279.85525045207265
7694010,279.85618977678547
7694040,279.8571299836601
7694070,279.8580682149241
7694100,279.85900265307083
7694130,279.8599346521821
7694160,279.86086723135946
7694190,279.8618029889889
7694220,279.8627436660856
7694250,279.863690565755
7694280,279.86464501402475
7694310,279.86560847809795
7694340,279.8665826053488
7694370,279.86756917089343
7694400,279.8685701160877
7694430,279.8695684022899
7694460,279.8705259628954
7694490,279.8714650296538
7694520,279.87239905767956
7694550,279.8733352125978
7694580,279.874271631646
7694610,279.8752079819704
7694640,279.8761442865435
7694670,279.877080523062
7694700,279.87801674562496
7694730,279.8789529398279
7694760,279.8798890335348
7694790,279.8808250898771
7694820,279.8817611161672
7694850,279.88269704379877
7694880,279.88363291921024
7694910,279.8845687581732
7694940,279.8855045122785
7694970,279.88644019964056
7695000,279.8873758443438
7695030,279.8883114186255
7695060,279.8892469204394
7695090,279.8901823937527
7695120,279.8911178646063
7695150,279.8920533480152
7695180,279.8929888608885
7695210,279.8939244522109
7695240,279.89486012280645
7695270,279.8957958501493
7695300,279.8967317010877
7695330,279.8976676749496
7695360,279.89860371926915
7695390,279.89953979543793
7695420,279.90047593433604
7695450,279.9014122890739
7695480,279.9023488585872
7695510,279.90328552869727
7695540,279.9042223305651
7695570,279.9051592724589
7695600,279.9060962996213
7695630,279.90703336804995
7695660,279.9079704906971
7695690,279.9089058210881
7695720,279.90982490142096
7695750,279.9107553773516
7695780,279.91169211354156
7695810,279.91262981015535
7695840,279.91356773653143
7695870,279.91450569706075
7695900,279.91544366808677
7695930,279.91638165681786
7695960,279.91731957756525
7695990,279.918257591742
7696020,279.91919597644596
7696050,279.920134788888
7696080,279.92107386835124
7696110,279.92201302771997
7696140,279.92295215353545
7696170,279.92389119365464
7696200,279.9248303075118
7696230,279.9257697945037
7696260,279.9267095868596
7696290,279.9276495138763
7696320,279.92858951356624
7696350,279.9295295436602
7696380,279.9304696150943
7696410,279.9314097401965
7696440,279.93234991039054
7696470,279.9332901100315
7696500,279.9342303299522
7696530,279.9351705680679
7696560,279.93611082426287
7696590,279.9370510984834
7696620,279.93799139103925
7696650,279.93893170269894
7696680,279.93987203452036
7696710,279.9408123877091
7696740,279.94175276373556
7696770,279.94269316452295
7696800,279.94363359255743
7696830,279.9445740738537
7696860,279.94551461185574
7696890,279.9464551858302
7696920,279.9473957920709
7696950,279.94833642955473
7696980,279.9492770980938
7697010,279.95021779026195
7697040,279.95115850487446
7697070,279.9520992433416
7697100,279.9530400067701
7697130,279.95398079570197
7697160,279.95492161022776
7697190,279.9558624501631
7697220,279.95680331526023
7697250,279.95774420515806
7697280,279.9586851193611
7697310,279.9596260573497
7697340,279.96056701860084
7697370,279.9615080025363
7697400,279.9624490085658
7697430,279.9633900272065
7697460,279.96433105990343
7697490,279.9652721072093
7697520,279.96621317114693
7697550,279.96715425235743
7697580,279.9680953506787
7697610,279.96903646575555
7697640,279.96997759702947
7697670,279.97091874404134
7697700,279.97185990625593
7697730,279.97280108316755
7697760,279.9737422742122
7697790,279.9746834788347
7697820,279.9756246965355
7697850,279.9765659267352
7697880,279.977507168966
7697910,279.97844842265266
7697940,279.9793896872614
7697970,279.98033096225384
7698000,279.9812722470562
7698030,279.98221354055266
7698060,279.9831548447114
7698090,279.98409615665497
7698120,279.985037476213
7698150,279.98597880315157
7698180,279.9869201369591
7698210,279.98786147716004
7698240,279.9888028232676
7698270,279.9897441748369
7698300,279.9906855313428
7698330,279.991626892288
7698360,279.99256825715264
7698390,279.99350962542235
7698420,279.9944509966021
7698450,279.99539237016
7698480,279.9963337455117
7698510,279.99727512214423
7698540,279.99821649957875
7698570,279.9991578772415
7698600,280.00009925457834
7698630,280.00104063044677
7698660,280.0019820030166
7698690,280.0029233741068
7698720,280.0038647433624
7698750,280.00480611012995
7698780,280.0057474735178
7698810,280.00668883274824
7698840,280.0076301872471
7698870,280.0085715365327
7698900,280.00951288013016
7698930,280.0104542175348
7698960,280.01139554820855
7698990,280.01233687162033
7699020,280.0132781872597
7699050,280.01421949458046
7699080,280.0151607930294
7699110,280.01610208209655
7699140,280.01704336129467
7699170,280.017984630137
7699200,280.01892588811296
7699230,280.01986713169396
7699260,280.02080836273217
7699290,280.021749581839
7699320,280.02269078814226
7699350,280.0236319809087
7699380,280.02457315952415
7699410,280.0255143234847
7699440,280.02645547221283
7699470,280.02739660514095
7699500,280.02833772168765
7699530,280.0292788212928
7699560,280.0302199034236
7699590,280.03116096752814
7699620,280.0321020130457
7699650,280.03304303950426
7699680,280.0339840463074
7699710,280.03492503291494
7699740,280.03586599883175
7699770,280.036806943525
7699800,280.0377478665673
7699830,280.0386887725484
7699860,280.0396296563161
7699890,280.04057051912474
7699920,280.04151135938594
7699950,280.0424521761888
7699980,280.04339296885126
7700010,280.0443337367776
7700040,280.045274479483
7700070,280.0462151964397
7700100,280.04715588720137
7700130,280.04809655124456
7700160,280.0490371879795
7700190,280.04997779684953
7700220,280.0509183773061
7700250,280.0518589288143
7700280,280.0527994507898
7700310,280.05373994258554
7700340,280.0546804036133
7700370,280.0556208331848
7700400,280.056561230612
7700430,280.05750158984324
7700460,280.05844187325516
7700490,280.0593820970635
7700520,280.0603222327481
7700550,280.0612622748637
7700580,280.0622022282529
7700610,280.06314209758443
7700640,280.06408188507135
7700670,280.06502159167513
7700700,280.0659612161455
7700730,280.0669007569087
7700760,280.06784021391354
7700790,280.0687795883796
7700820,280.0697188818761
7700850,280.07065809594604
7700880,280.07159723211277
7700910,280.0725362919506
7700940,280.0734752770541
7700970,280.0744141890326
7701000,280.0753530294496
7701030,280.0762917818113
7701060,280.07723045826253
7701090,280.078169069896
7701120,280.0791076156109
7701150,280.0800460951701
7701180,280.08098451012916
7701210,280.08192286115997
7701240,280.0828611502188
7701270,280.08379937806035
7701300,280.0847375468689
7701330,280.0856756572473
7701360,280.0866137113887
7701390,280.0875517099119
7701420,280.08848965504967
7701450,280.08942754730697
7701480,280.09036538903865
7701510,280.09130318078223
7701540,280.0922409248906
7701570,280.0931786218499
7701600,280.09411627404126
7701630,280.0950538862683
7701660,280.09599145121115
7701690,280.0969289858355
7701720,280.09786647942497
7701750,280.0988039322911
7701780,280.09974134847215
7701810,280.10067873111285
7701840,280.1016160821216
7701870,280.1025534032042
7701900,280.1034906962847
7701930,280.1044279633813
7701960,280.1053652065088
7701990,280.10630242767775
7702020,280.1072396289384
7702050,280.10817681235784
7702080,280.109113980007
7702110,280.1100511339141
7702140,280.11098827612847
7702170,280.1119254087476
7702200,280.1128625338735
7702230,280.11379913598284
7702260,280.1147358268712
7702290,280.11567271973996
7702320,280.11660969150046
7702350,280.11754668680567
7702380,280.1184836902959
7702410,280.11942070258317
7702440,280.12035773047603
7702470,280.12129478350124
7702500,280.1222318221615
7702530,280.12316884267176
7702560,280.12410585786586
7702590,280.12504288041595
7702620,280.125979920596
7702650,280.12691696459234
7702680,280.12785401237903
7702710,280.12879107222665
7702740,280.12972815400946
7702770,280.13066524835347
7702800,280.1316023559692
7702830,280.13253947936226
7702860,280.13347662425485
7702890,280.13441379187645
7702920,280.1353509891076
7702950,280.1362882117693
7702980,280.13722546133266
7703010,280.1381627392701
7703040,280.1391000492797
7703070,280.1400373923197
7703100,280.14097477146527
7703130,280.1419121873001
7703160,280.1428496428033
7703190,280.14378713860503
7703220,280.1447246777729
7703250,280.1456622609199
7703280,280.1465998909118
7703310,280.1475375683907
7703340,280.14847529631476
7703370,280.149413075424
7703400,280.1503509085628
7703430,280.1512887917638
7703460,280.1522267441499
7703490,280.1531647522973
7703520,280.15410281931315
7703550,280.1550409472564
7703580,280.1559791395474
7703610,280.1569173974639
7703640,280.15785570999276
7703670,280.15879410154497
7703700,280.1597325649425
7703730,280.1606711060097
7703760,280.1616097248572
7703790,280.1625484188371
7703820,280.1634871858144
7703850,280.16442602572454
7703880,280.16536493993203
7703910,280.16630393015845
7703940,280.1672429980598
7703970,280.1681821451878
7704000,280.169121373067
7704030,280.17006072089583
7704060,280.17100022321705
7704090,280.17193989539413
7704120,280.1728798254207
7704150,280.1738200048908
7704180,280.1747604252938
7704210,280.17570108926196
7704240,280.17664200770963
7704270,280.1775831965529
7704300,280.178524678106
7704330,280.1794664859032
7704360,280.1804086163779
7704390,280.1813510519339
7704420,280.18229382548066
7704450,280.1832369607988
7704480,280.184180473124
7704510,280.1851243686427
7704540,280.18606868985137
7704570,280.18701345692915
7704600,280.1879586581107
7704630,280.1889043449413
7704660,280.18984805235067
7704690,280.19078455533577
7704720,280.1917285998313
7704750,280.19267066753895
7704780,280.1936209744038
7704810,280.1945727966272
7704840,280.1955226194097
7704870,280.1964724971892
7704900,280.1974229873201
7704930,280.1983742602271
7704960,280.1993262995127
7704990,280.2002790484311
7705020,280.2012324575909
7705050,280.2021864842064
7705080,280.2031410834474
7705110,280.2040962045241
7705140,280.205051790456
7705170,280.20600777865866
7705200,280.20696408983565
7705230,280.2079207000593
7705260,280.20887745959743
7705290,280.20983143447603
7705320,280.21078302726
7705350,280.21173577103434
7705380,280.21269009030595
7705410,280.213646818695
7705440,280.2146029851208
7705470,280.215557878667
7705500,280.2165137793009
7705530,280.21747058253055
7705560,280.21842391904977
7705590,280.21936588448807
7705620,280.22030878773234
7705650,280.22125993815786
7705680,280.2222129780381
7705710,280.22316519396486
7705740,280.2241170817323
7705770,280.22506948662135
7705800,280.226022653441
7705830,280.2269763177263
7705860,280.2279297670863
7705890,280.22888293259876
7705920,280.2298357728621
7705950,280.2307884104267
7705980,280.23174105033036
7706010,280.23269382909905
7706040,280.23364646501307
7706070,280.2345985691051
7706100,280.2355500791615
7706130,280.2365012171323
7706160,280.2374522280516
7706190,280.23840325210597
7706220,280.23935434265695
7706250,280.24030551372397
7706280,280.24125676357545
7706310,280.24220808035017
7706340,280.24315944375206
7706370,280.24411082733144
7706400,280.2450622008807
7706430,280.24601282344275
7706460,280.2469613383532
7706490,280.2479073654672
7706520,280.24885447446144
7706550,280.2498040862053
7706580,280.25075562021374
7706610,280.25170946393473
7706640,280.25266246370546
7706670,280.25361240583265
7706700,280.2545598087491
7706730,280.2555061161429
7706760,280.2564521658783
7706790,280.2573981303291
7706820,280.25834395234335
7706850,280.2592895823345
7706880,280.2602350067791
7706910,280.2611802239341
7706940,280.2621252316608
7706970,280.26307002648394
7707000,280.2640146045968
7707030,280.2649588704789
7707060,280.265902842381
7707090,280.2668465732328
7707120,280.2677900748792
7707150,280.2687333792404
7707180,280.26967651343443
7707210,280.2706201411558
7707240,280.2715625968472
7707270,280.27250040229467
7707300,280.2734311240249
7707330,280.2743539726361
7707360,280.2752687058923
7707390,280.276174940237
7707420,280.2770721582121
7707450,280.2779598426741
7707480,280.27883749732933
7707510,280.27970461562046
7707540,280.28056066255937
7707570,280.28140507231035
7707600,280.28223724898703
7707630,280.2830790018674
7707660,280.2839940872448
7707690,280.2849447331759
7707720,280.2858849763907
7707750,280.286828304061
7707780,280.28776813464026
7707810,280.2887099653036
7707840,280.2896504868635
7707870,280.2905899100266
7707900,280.2915292043119
7707930,280.2924685755869
7707960,280.29340791641516
7707990,280.2943471558125
7708020,280.2952862864125
7708050,280.29622531622516
7708080,280.29716424987396
7708110,280.29810308696284
7708140,280.29904182630327
7708170,280.2999804684945
7708200,280.3009190155805
7708230,280.3018574430774
7708260,280.30279578478536
7708290,280.3037340199565
7708320,280.3046721554658
7708350,280.3056102016058
7708380,280.3065481639092
7708410,280.30748604519147
7708440,280.3084238475672
7708470,280.309361573271
7708500,280.3102992247482
7708530,280.31123680449963
7708560,280.3121743149842
7708590,280.3131117586016
7708620,280.31404913770183
7708650,280.31498645467644
7708680,280.3159237119669
7708710,280.316860912026
7708740,280.31779805735334
7708770,280.3187351505194
7708800,280.31967219414315
7708830,280.32060915407027
7708860,280.32154601505937
7708890,280.322482401119
7708920,280.32342104900545
7708950,280.3243587814628
7708980,280.3252957831893
7709010,280.326232399683
7709040,280.327168926284
7709070,280.32810544510914
7709100,280.32904194805764
7709130,280.32997842203054
7709160,280.33091486563103
7709190,280.3318512823901
7709220,280.33278767598983
7709250,280.33372404959914
7709280,280.33466040628247
7709310,280.3355967491532
7709340,280.3365330813661
7709370,280.33746940615566
7709400,280.33840572682084
7709430,280.3393418685314
7709460,280.34027797669484
7709490,280.2011381261766
7709520,279.9658643886067
7709550,279.7636919630999
7709580,279.6134267885371
7709610,279.50046009757756
7709640,279.4152270845247
7709670,279.35087184534837
7709700,279.3022832012732
7709730,279.26559534083157
7709760,279.2378936378624
7709790,279.2169804684579
7709820,279.2011900051474
7709850,279.1892724318987
7709880,279.1802695308322
7709910,279.1734691700985
7709940,279.1683483568402
7709970,279.1644893969078
7710000,279.16157424993315
7710030,279.1593575037716
7710060,279.1576815785653
7710090,279.15641564466256
7710120,279.15546445215693
7710150,279.1547400738637
7710180,279.15418896793
7710210,279.15377397597115
7710240,279.1534621787231
7710270,279.1532249888556
7710300,279.15304271236835
7710330,279.1529092136052
7710360,279.1528083324021
7710390,279.1527342567232
7710420,279.15267634859066
7710450,279.1526329500405
7710480,279.1526015635409
7710510,279.1525767235212
7710540,279.15255816817773
7710570,279.1525432054999
7710600,279.1525342227127
7710630,279.1525287802911
7710660,279.1525319490124
7710690,279.15253072284725
7710720,279.15252775531064
7710750,279.15252518275355
7710780,279.1525232724022
7710810,279.1525250597585
7710840,279.1525261152996
7710870,279.1525251292344
7710900,279.15252594176604
7710930,279.152526574317
7710960,279.15252476095
7710990,279.15251798871196
7711020,279.1525139979982
7711050,279.1525139510566
7711080,279.1525144595464
7711110,279.15251542484094
7711140,279.15251890713637
7711170,279.1525206760002
7711200,279.15252025663233
7711230,279.1525202804415
7711260,279.1525171731071
7711290,279.15251485411756
7711320,279.1525137409808
7711350,279.1525130134763
7711380,279.152512540933
7711410,279.1525122061437
7711440,279.1525120311705
7711470,279.1525119328956
7711500,279.15251191645217
7711530,279.15251195208106
7711560,279.15251204488186
7711590,279.15251217475594
7711620,279.1525121929583
7711650,279.1525124415
7711680,279.15251264428645
7711710,279.1525130599391
7711740,279.15251302208884
7711770,279.1525128757785
7711800,279.15251301162004
7711830,279.1525138245307
7711860,279.1525142620328
7711890,279.152510390413
7711920,279.15250762334
7711950,279.152505498684
7711980,279.1525034106681
7712010,279.1525029742732
7712040,279.15250660651753
7712070,279.1525093607857
7712100,279.15251039634325
7712130,279.1525108938824
7712160,279.15251096053834
7712190,279.1525108856262
7712220,279.1525108141481
7712250,279.15251059166525
7712280,279.1525102784832
7712310,279.1525084525648
7712340,279.15250888925067
7712370,279.1525122811486
7712400,279.1525130920638
7712430,279.1525138434691
7712460,279.152513290195
7712490,279.1525115272244
7712520,279.1525066322647
7712550,279.1524991763308
7712580,279.1524981837901
7712610,279.152496649136
7712640,279.15249050820785
7712670,279.15249207865895
7712700,279.1524971317208
7712730,279.1525002827694
7712760,279.15250110096395
7712790,279.1525010634085
7712820,279.15250178017595
7712850,279.1525021115908
7712880,279.15250275649095
7712910,279.15250445017784
7712940,279.15250546315696
7712970,279.15250539419424
7713000,279.15250426267244
7713030,279.15250359640135
7713060,279.15250177633186
7713090,279.152502387495
7713120,279.152503722129
7713150,279.1525029771711
7713180,279.15250346534896
7713210,279.15250452747347
7713240,279.15250368967753
7713270,279.152503115205
7713300,279.1525022338008
7713330,279.15250205708827
7713360,279.15250397435324
7713390,279.1525065676955
7713420,279.1525090658225
7713450,279.15251219466296
7713480,279.15251294483846
7713510,279.1525127167211
7713540,279.15251174788966
7713570,279.15250812731074
7713600,279.1525035291011
7713630,279.1525019152915
7713660,279.1524991148264
7713690,279.15249587890895
7713720,279.15249716569
7713750,279.15249860500285
7713780,279.15249991227853
7713810,279.1525016747215
7713840,279.15250371002173
7713870,279.1525059562305
7713900,279.1525080554891
7713930,279.15250911681863
7713960,279.15250892629126
7713990,279.15250865646686
7714020,279.1525094300028
7714050,279.1525109376892
7714080,279.1525121431567
7714110,279.1525126218683
7714140,279.1525126779167
7714170,279.1525125956936
7714200,279.1525123859547
7714230,279.15251186641143
7714260,279.15250904416234
7714290,279.15250772191257
7714320,279.15250921184395
7714350,279.1525091879443
7714380,279.15250888954773
7714410,279.1525100839918
7714440,279.152509825793
7714470,279.152507492252
7714500,279.1525057395695
7714530,279.1525046136783
7714560,279.1525038274492
7714590,279.1525038427196
7714620,279.1525044897783
7714650,279.1525052411155
7714680,279.1525058367841
7714710,279.15250623958127
7714740,279.1525064918861
7714770,279.1525066379633
7714800,279.1525067077113
7714830,279.2503193603434
7714860,281.27932815801995
7714890,282.5192237087169
7714920,283.2417831760603
7714950,283.6280000102584
7714980,283.8290523230686
7715010,283.9374958412583
7715040,283.9968070050087
7715070,284.03026167167053
7715100,284.04956306945826
7715130,284.0610404819065
7715160,284.0682227033454
7715190,284.07302930839757
7715220,284.0765619061838
7715250,284.0794115650222
7715280,284.0819000095826
7715310,284.0842115289758
7715340,284.0864415974284
7715370,284.0886437752017
7715400,284.0908473185917
7715430,284.0360003255684
7715460,283.95684510370694
7715490,283.9119191558927
7715520,283.88899869882613
7715550,283.8781439401399
7715580,283.87361274400655
7715610,283.87242772308986
7715640,283.87294332604444
7715670,283.87435998631366
7715700,283.876256652847
7715730,283.8784181988306
7715760,283.8807356571701
7715790,283.88314044277075
7715820,283.88560452820263
7715850,283.88811194050936
7715880,283.89065432537166
7715910,283.89322637116317
7715940,283.8958251194934
7715970,283.8984488233343
7716000,283.90109602834974
7716030,283.90985437819245
7716060,283.92112063951885
7716090,283.92878262307244
7716120,283.934171562088
7716150,283.93831817809587
7716180,283.941818678487
7716210,283.9449910948213
7716240,283.94800121133244
7716270,283.9509345532484
7716300,283.9538351099072
7716330,283.95672525250166
7716360,283.9596161808373
7716390,283.96251330078957
7716420,283.9654190186435
7716450,283.96833419337645
7716480,283.9712589116645
7716510,283.9741928082473
7716540,283.9771353330946
7716570,283.97991936903054
7716600,282.7695416843828
7716630,281.60654775741773
7716660,281.6056584577258
7716690,281.6056579219963
7716720,281.6056579212756
7716750,281.60565792127863
7716780,281.6056579212789
7716810,281.605657921279
7716840,281.6056579212789
7716870,281.605657921279
7716900,281.605657921279
7716930,281.605657921279
7716960,281.605657921279
7716990,281.605657921279
7717020,281.605657921279
7717050,281.605657921279
7717080,281.605657921279
7717110,281.605657921279
7717140,281.605657921279
7717170,281.605657921279
7717200,281.605657921279
7717230,283.5339696304434
7717260,281.157711621536
7717290,279.64007079645205
7717320,278.9396249835686
7717350,278.5349096470014
7717380,278.2567172287504
7717410,278.0463891707628
7717440,277.8774599107128
7717470,277.7366226890117
7717500,277.61696745416134
7717530,277.51447714111606
7717560,277.42644916706655
7717590,277.3508481818988
7717620,277.28601806711407
7717650,277.23057163987335
7717680,277.18330727902935
7717710,277.14317653350844
7717740,277.1092752002732
7717770,277.08082413587573
7717800,277.0571146017436
7717830,277.0693372251129
7717860,277.06965009803065
7717890,277.06965009803065
7717920,277.06965009803065
7717950,277.06965009803065
7717980,277.06965009803065
7718010,277.06965009803065
7718040,277.06965009803065
7718070,277.06965009803065
7718100,277.06965009803065
7718130,277.06965009803065
7718160,277.06965009803065
7718190,277.06965009803065
7718220,277.06965009803065
7718250,277.06965009803065
7718280,277.06965009803065
7718310,277.06965009803065
7718340,277.06965009803065
7718370,277.06965009803065
7718400,277.06965009803065
7718430,282.01949031141993
7718460,280.219026390916
7718490,278.8101869084267
7718520,278.25915012433313
7718550,277.9866799124519
7718580,277.8278410322714
7718610,277.716546334807
7718640,277.6286646335881
7718670,277.55806403521933
7718700,277.49985502820556
7718730,277.45084565498786
7718760,277.409169070801
7718790,277.37359908486627
7718820,277.34326571142185
7718850,277.31743355508075
7718880,277.295507276638
7718910,277.27697010227814
7718940,277.2613763050814
7718970,277.24833397451715
7719000,277.2375141108793
7719030,277.243403365141
7719060,277.24366866541993
7719090,277.24366866541993
7719120,277.24366866541993
7719150,277.24366866541993
7719180,277.24366866541993
7719210,277.24366866541993
7719240,277.24366866541993
7719270,277.24366866541993
7719300,277.24366866541993
7719330,277.24366866541993
7719360,277.24366866541993
7719390,277.24366866541993
7719420,277.24366866541993
7719450,277.24366866541993
7719480,277.24366866541993
7719510,277.24366866541993
7719540,277.24366866541993
7719570,277.24366866541993
7719600,277.24366866541993
7719630,282.20151086189253
7719660,280.37992435753785
7719690,278.95282453063606
7719720,278.39600012944555
7719750,278.12551047970493
7719780,277.96914771974065
7719810,277.8614544556332
7719840,277.77522094096537
7719870,277.7049560303244
7719900,277.64672719946077
7719930,277.5974247567688
7719960,277.5551979637348
7719990,277.51886255218596
7720020,277.48756099375913
7720050,277.46060867098544
7720080,277.4374361353251
7720110,277.4175539391716
7720140,277.40054184048114
7720170,277.38603396916693
7720200,277.3737105316867
7720230,277.3797986008319
7720260,277.3800679727201
7720290,277.3800669601177
7720320,277.3800669601177
7720350,277.3800669601177
7720380,277.3800669601177
7720410,277.3800669601177
7720440,277.3800669601177
7720470,277.3800669601177
7720500,277.3800669601177
7720530,277.3800669601177
7720560,277.3800669601177
7720590,277.3800669601177
7720620,277.3800669601177
7720650,277.3800669601177
7720680,277.3800669601177
7720710,277.3800669601177
7720740,277.3800669601177
7720770,277.3800669601177
7720800,277.3800669601177
7720830,282.32703378658465
7720860,280.49560488435225
7720890,279.05818129295085
7720920,278.4962322397035
7720950,278.22675686203576
7720980,278.0720222891407
7721010,277.9662082373156
7721040,277.88174634445704
7721070,277.8129803393454
7721100,277.7562063265398
7721130,277.70835752605007
7721160,277.667595113696
7721190,277.63275130228277
7721220,277.60297212245916
7721250,277.5775847214259
7721280,277.55602536600856
7721310,277.53781270444995
7721340,277.5225300443749
7721370,277.5098153900038
7721400,277.4993542551087
7721430,277.504947958415
7721460,277.5051942860758
7721490,277.5051941323136
7721520,277.5051941323136
7721550,277.5051941323136
7721580,277.5051941323136
7721610,277.5051941323136
7721640,277.5051941323136
7721670,277.5051941323136
7721700,277.5051941323136
7721730,277.5051941323136
7721760,277.5051941323136
7721790,277.5051941323136
7721820,277.5051941323136
7721850,277.5051941323136
7721880,277.5051941323136
7721910,277.5051941323136
7721940,277.5051941323136
7721970,277.5051941323136
7722000,277.5051941323136
7722030,282.46840197841374
7722060,280.63623049550375
7722090,279.1894517057487
7722120,278.6252352666603
7722150,278.36541432362935
7722180,278.22153737376505
7722210,278.12516453835724
7722240,278.05194948990396
7722270,277.9943249143059
7722300,277.94793478931774
7722330,277.9098954423995
7722360,277.8785331046092
7722390,277.85278053720896
7722420,277.8318600830835
7722450,277.81515283456696
7722480,277.80213679001514
7722510,277.7923651859254
7722540,277.78545109328957
7722570,277.78105662674
7722600,277.778887305401
7722630,277.7823480400582
7722660,277.782578352379
7722690,277.78257834102186
7722720,277.78257834102186
7722750,277.78257834102186
7722780,277.78257834102186
7722810,277.78257834102186
7722840,277.78257834102186
7722870,277.78257834102186
7722900,277.78257834102186
7722930,277.78257834102186
7722960,277.78257834102186
7722990,277.78257834102186
7723020,277.78257834102186
7723050,277.78257834102186
7723080,277.78257834102186
7723110,277.78257834102186
7723140,277.78257834102186
7723170,277.78257834102186
7723200,277.78257834102186
7723230,282.77857236040177
7723260,280.9547093321163
7723290,279.49014050465235
7723320,278.91241298934824
7723350,278.6725804143311
7723380,278.55523577403176
7723410,278.48659527221855
7723440,278.4398910070133
7723470,278.4066881702383
7723500,278.3824092550891
7723530,278.3643848411533
7723560,278.3512211769424
7723590,278.34208689717565
7723620,278.336395768007
7723650,278.3336812108961
7723680,278.3335520925516
7723710,278.3356772127091
7723740,278.3397665069674
7723770,278.3455688285012
7723800,278.35286408260816
7723830,278.35345780131917
7723860,278.353672424668
7723890,278.3536724624221
7723920,278.3536724624608
7723950,278.3536724624608
7723980,278.3536724624608
7724010,278.3536724624608
7724040,278.3536724624608
7724070,278.3536724624608
7724100,278.3536724624608
7724130,278.3536724624608
7724160,278.3536724624608
7724190,278.3536724624608
7724220,278.3536724624608
7724250,278.3536724624608
7724280,278.3536724624608
7724310,278.3536724624608
7724340,278.3536724624608
7724370,278.3536724624608
7724400,278.3536724624608
7724430,283.2957163926505
7724460,281.47143824682513
7724490,279.9757513960553
7724520,279.3554695366241
7724550,279.0916412867145
7724580,278.9891032253093
7724610,278.94583170213014
7724640,278.92498083168545
7724670,278.9155094006828
7724700,278.91205933243515
7724730,278.9119371985049
7724760,278.9140419266527
7724790,278.91785982225343
7724820,278.92308110413524
7724850,278.9294778353659
7724880,278.93686652123404
7724910,278.94509033967046
7724940,278.9540150083012
7724970,278.96352294193775
7725000,278.97351128554783
7725030,278.9727150169482
7725060,278.97292892828784
7725090,278.9729290303123
7725120,278.97292903050544
7725150,278.97292903050544
7725180,278.97292903050544
7725210,278.97292903050544
7725240,278.97292903050544
7725270,278.97292903050544
7725300,278.97292903050544
7725330,278.97292903050544
7725360,278.97292903050544
7725390,278.97292903050544
7725420,278.97292903050544
7725450,278.97292903050544
7725480,278.97292903050544
7725510,278.97292903050544
7725540,278.97292903050544
7725570,278.97292903050544
7725600,278.97292903050544
7725630,283.7840110008996
7725660,281.94729118139526
7725690,280.42050956174234
7725720,279.7513125100394
7725750,279.43857572064655
7725780,279.2949660064858
7725810,279.23077654398037
7725840,279.2037647632681
7725870,279.19528808630014
7725900,279.19482264406656
7725930,279.1972178858482
7725960,279.2004693509666
7725990,279.20383763494686
7726020,279.20706276742237
7726050,279.2100716406078
7726080,279.2128667089369
7726110,279.21546930589574
7726140,279.21791331458076
7726170,279.2202251086258
7726200,279.22242824977644
7726230,279.20322050655955
7726260,279.2033973803409
7726290,279.2034024758218
7726320,279.20340247568134
7726350,279.20340247568134
7726380,279.20340247568134
7726410,279.20340247568134
7726440,279.20340247568134
7726470,279.20340247568134
7726500,279.20340247568134
7726530,279.20340247568134
7726560,279.20340247568134
7726590,279.20340247568134
7726620,279.20340247568134
7726650,279.20340247568134
7726680,279.20340247568134
7726710,279.20340247568134
7726740,279.20340247568134
7726770,279.20340247568134
7726800,279.20340247568134
7726830,283.9695329007979
7726860,282.11454191179234
7726890,280.56994773144805
7726920,279.8840908258105
7726950,279.5572364325933
7726980,279.40185278333644
7727010,279.3282940578684
7727040,279.2942333637434
7727070,279.28043438477204
7727100,279.2756208419025
7727130,279.27435870161185
7727160,279.2745587923947
7727190,279.27538913881614
7727220,279.276496419617
7727250,279.27772524895875
7727280,279.2790050785945
7727310,279.28030451793006
7727340,279.28160944519334
7727370,279.2829136318833
7727400,279.2842146301841
7727430,279.2478300092626
7727460,279.24798634158003
7727490,279.2479882047502
7727520,279.24798820569987
7727550,279.24798820569987
7727580,279.24798820569987
7727610,279.24798820569987
7727640,279.24798820569987
7727670,279.24798820569987
7727700,279.24798820569987
7727730,279.24798820569987
7727760,279.24798820569987
7727790,279.24798820569987
7727820,279.24798820569987
7727850,279.24798820569987
7727880,279.24798820569987
7727910,279.24798820569987
7727940,279.24798820569987
7727970,279.24798820569987
7728000,279.24798820569987
7728030,284.040712137667
7728060,282.17873582767925
7728090,280.62439187391936
7728120,279.93470806450324
7728150,279.6065211967051
7728180,279.45075598499864
7728210,279.3773276220006
7728240,279.34379697561195
7728270,279.3308525604888
7728300,279.32661695268627
7728330,279.3256684156908
7728360,279.3260426015308
7728390,279.3269894995963
7728420,279.3281981687648
7728450,279.32953244688287
7728480,279.33093130080397
7728510,279.3323672418184
7728540,279.3338281240659
7728570,279.33530853444205
7728600,279.33680632114283
7728630,279.2857085234347
7728660,279.2858393456443
7728690,279.28574643892046
7728720,279.28574626960364
7728750,279.28574626960364
7728780,279.28574626960364
7728810,279.28574626960364
7728840,279.28574626960364
7728870,279.28574626960364
7728900,279.28574626960364
7728930,279.28574626960364
7728960,279.28574626960364
7728990,279.28574626960364
7729020,279.28574626960364
7729050,279.28574626960364
7729080,279.28574626960364
7729110,279.28574626960364
7729140,279.28574626960364
7729170,279.28574626960364
7729200,279.28574626960364
7729230,284.1185158260245
7729260,282.2529581444284
7729290,280.6885090403269
7729320,279.9955928856079
7729350,279.66698192298384
7729380,279.5118913637214
7729410,279.4397209433369
7729440,279.4080727026194
7729470,279.39735786220984
7729500,279.3951525312395
7729530,279.3959309740327
7729560,279.39786221016675
7729590,279.4003059422881
7729620,279.4030098801687
7729650,279.40586567812545
7729680,279.40882432610596
7729710,279.41186276491356
7729740,279.41496934838113
7729770,279.4181379341863
7729800,279.42136474317516
7729830,279.3464160520063
7729860,279.3465276371735
7729890,279.3465267834108
7729920,279.3465241936584
7729950,279.3465241936584
7729980,279.3465241936584
7730010,279.3465241936584
7730040,279.3465241936584
7730070,279.3465241936584
7730100,279.3465241936584
7730130,279.3465241936584
7730160,279.3465241936584
7730190,279.3465241936584
7730220,279.3465241936584
7730250,279.3465241936584
7730280,279.3465241936584
7730310,279.3465241936584
7730340,279.3465241936584
7730370,279.3465241936584
7730400,279.3465241936584
7730430,284.2698047819258
7730460,282.4018085570214
7730490,280.81800397370534
7730520,280.11931448795315
7730550,279.7902261991369
7730580,279.63652438751
7730610,279.56631648324293
7730640,279.53705295962504
7730670,279.53007055889003
7730700,279.53152525074694
7730730,279.53501554505885
7730760,279.53892979698054
7730790,279.5429341276383
7730820,279.5469546675878
7730850,279.5509749656386
7730880,279.5549894244346
7730910,279.5589949931921
7730940,279.5629893770661
7730970,279.5669705965355
7731000,279.5709367956277
7731030,279.45290097437356
7731060,279.4529617539077
7731090,279.45296598540176
7731120,279.4529660893823
7731150,279.4529660893823
7731180,279.4529660893823
7731210,279.4529660893823
7731240,279.4529660893823
7731270,279.4529660893823
7731300,279.4529660893823
7731330,279.4529660893823
7731360,279.4529660893823
7731390,279.4529660893823
7731420,279.4529660893823
7731450,279.4529660893823
7731480,279.4529660893823
7731510,279.4529660893823
7731540,279.4529660893823
7731570,279.4529660893823
7731600,279.4529660893823
7731630,284.4693171123014
7731660,282.58205631318236
7731690,280.96776155014754
7731720,280.2572602758179
7731750,279.92386311446813
7731780,279.7684094781825
7731810,279.6972747180282
7731840,279.667099790702
7731870,279.6604679980627
7731900,279.6631727653001
7731930,279.66699385933373
7731960,279.6703179146462
7731990,279.67317015707727
7732020,279.6757287332461
7732050,279.6781049916782
7732080,279.6803541950454
7732110,279.68250151776147
7732140,279.68455760504617
7732170,279.686526011529
7732200,279.6884079714702
7732230,279.5348004381193
7732260,279.53479777611386
7732290,279.5342198665917
7732320,279.53422320577727
7732350,279.53422320577727
7732380,279.53422320577727
7732410,279.53422320577727
7732440,279.53422320577727
7732470,279.53422320577727
7732500,279.53422320577727
7732530,279.53422320577727
7732560,279.53422320577727
7732590,279.53422320577727
7732620,279.53422320577727
7732650,279.53422320577727
7732680,279.53422320577727
7732710,279.53422320577727
7732740,279.53422320577727
7732770,279.53422320577727
7732800,279.53422320577727
7732830,284.57348892563533
7732860,282.6616711023537
7732890,281.02770053516366
7732920,280.30759299131245
7732950,279.96854367759545
7732980,279.8088492219215
7733010,279.73393022300917
7733040,279.7003601522641
7733070,279.69063427632506
7733100,279.68951234372923
7733130,279.68914021229244
7733160,279.68814369502076
7733190,279.6866089989916
7733220,279.68472769502665
7733250,279.6826163166936
7733280,279.680333813927
7733310,279.67790885057366
7733340,279.67535568683815
7733370,279.6726819635587
7733400,279.6698923199049
7733430,279.52014546167504
7733460,279.5201405903548
7733490,279.52016972636204
7733520,279.5201766367886
7733550,279.5201764881389
7733580,279.5201764881389
7733610,279.5201764881389
7733640,279.5201764881389
7733670,279.5201764881389
7733700,279.5201764881389
7733730,279.5201764881389
7733760,279.5201764881389
7733790,279.5201764881389
7733820,279.5201764881389
7733850,279.5201764881389
7733880,279.5201764881389
7733910,279.5201764881389
7733940,279.5201764881389
7733970,279.5201764881389
7734000,279.5201764881389
7734030,284.4552190658339
7734060,282.5320353494371
7734090,280.91167619377336
7734120,280.1935762193304
7734150,279.85214616251983
7734180,279.6886668465299
7734210,279.60959090843176
7734240,279.5722039828152
7734270,279.55697210719035
7734300,279.54933998050285
7734330,279.5434732340541
7734360,279.5379669393887
7734390,279.53251902223843
7734420,279.5270604704533
7734450,279.52157429872346
7734480,279.51605617409535
7734510,279.5105057379111
7734540,279.5049240950784
7734570,279.49931293899186
7734600,279.49367423851226
7734630,279.3954075900856
7734660,279.3954866268896
7734690,279.3954993798919
7734720,279.39548992401296
7734750,279.39548994032776
7734780,279.39548994032776
7734810,279.39548994032776
7734840,279.39548994032776
7734870,279.39548994032776
7734900,279.39548994032776
7734930,279.39548994032776
7734960,279.39548994032776
7734990,279.39548994032776
7735020,279.39548994032776
7735050,279.39548994032776
7735080,279.39548994032776
7735110,279.39548994032776
7735140,279.39548994032776
7735170,279.39548994032776
7735200,279.39548994032776
7735230,284.17863852325405
7735260,282.2698272849192
7735290,280.68809461233144
7735320,279.983356997812
7735350,279.64532476761
7735380,279.48179534605623
7735410,279.40129952031754
7735440,279.3613009760696
7735470,279.34181725694134
7735500,279.33069233512924
7735530,279.32280031360506
7735560,279.3162674869903
7735590,279.31035142516026
7735620,279.3047386989037
7735650,279.2992909354718
7735680,279.293948723665
7735710,279.28868440230775
7735740,279.283487812257
7735770,279.27835529421463
7735800,279.2732860388703
7735830,279.2388368920687
7735860,279.23899924931385
7735890,279.2389967407338
7735920,279.2389968717529
7735950,279.2389968717529
7735980,279.2389968717529
7736010,279.2389968717529
7736040,279.2389968717529
7736070,279.2389968717529
7736100,279.2389968717529
7736130,279.2389968717529
7736160,279.2389968717529
7736190,279.2389968717529
7736220,279.2389968717529
7736250,279.2389968717529
7736280,279.2389968717529
7736310,279.2389968717529
7736340,279.2389968717529
7736370,279.2389968717529
7736400,279.2389968717529
7736430,283.9199782309607
7736460,282.0388132563328
7736490,280.4943955622347
7736520,279.8049122354179
7736550,279.47323333130396
7736580,279.3127840902199
7736610,279.2338762752476
7736640,279.1936142036895
7736670,279.1734728593931
7736700,279.1628385758137
7736730,279.1563206717346
7736760,279.15161742855463
7736790,279.1475679878114
7736820,279.1431852229122
7736850,279.1382272038125
7736880,279.13268097863056
7736910,279.1265891694206
7736940,279.12000967308404
7736970,279.1130041762936
7737000,279.1056269283366
7737030,279.1079906722217
7737060,279.1082067018753
7737090,279.10778823356065
7737120,279.1077969341298
7737150,279.1077969341298
7737180,279.1077969341298
7737210,279.1077969341298
7737240,279.1077969341298
7737270,279.1077969341298
7737300,279.1077969341298
7737330,279.1077969341298
7737360,279.1077969341298
7737390,279.1077969341298
7737420,279.1077969341298
7737450,279.1077969341298
7737480,279.1077969341298
7737510,279.1077969341298
7737540,279.1077969341298
7737570,279.1077969341298
7737600,279.1077969341298
7737630,283.7380107895687
7737660,281.8718128125255
7737690,280.34929212708994
7737720,279.66979777720053
7737750,279.34282917867233
7737780,279.1848124538225
7737810,279.1040139574704
7737840,279.04999293447827
7737870,279.00885361564184
7737900,278.97519281769246
7737930,278.94591696403774
7737960,278.9196445794957
7737990,278.8957009541933
7738020,278.8736844391461
7738050,278.85331256697566
7738080,278.8343608633163
7738110,278.816643525417
7738140,278.8000010745645
7738170,278.78429677035984
7738200,278.7694110109146
7738230,278.77445489128337
7738260,278.77467591819567
7738290,278.7746885086061
7738320,278.7746885203873
7738350,278.7746885203873
7738380,278.7746885203873
7738410,278.7746885203873
7738440,278.7746885203873
7738470,278.7746885203873
7738500,278.7746885203873
7738530,278.7746885203873
7738560,278.7746885203873
7738590,278.7746885203873
7738620,278.7746885203873
7738650,278.7746885203873
7738680,278.7746885203873
7738710,278.7746885203873
7738740,278.7746885203873
7738770,278.7746885203873
7738800,278.7746885203873
7738830,283.4506340494407
7738860,281.58903277880233
7738890,280.08529571589895
7738920,279.4306106261254
7738950,279.12724134933325
7738980,278.9783834319209
7739010,278.8852482049889
7739040,278.81465620319636
7739070,278.7575680731797
7739100,278.70948953349756
7739130,278.6675846184337
7739160,278.6303771512747
7739190,278.597011143904
7739220,278.5669010487089
7739250,278.53959664464276
7739280,278.51472873247616
7739310,278.4919825166179
7739340,278.47108745837585
7739370,278.45180747303476
7739400,278.4339383042175
7739430,278.44019175163703
7739460,278.4404539100378
7739490,278.4404563427793
7739520,278.440456365867
7739550,278.440456365867
7739580,278.440456365867
7739610,278.440456365867
7739640,278.440456365867
7739670,278.440456365867
7739700,278.440456365867
7739730,278.440456365867
7739760,278.440456365867
7739790,278.440456365867
7739820,278.440456365867
7739850,278.440456365867
7739880,278.440456365867
7739910,278.440456365867
7739940,278.440456365867
7739970,278.440456365867
7740000,278.440456365867
7740030,283.1713039151315
7740060,281.3107028570205
7740090,279.8226667512344
7740120,279.192844833985
7740150,278.9082997991164
7740180,278.75487565867917
7740210,278.65234017708764
7740240,278.5713622704189
7740270,278.5050636422599
7740300,278.4491085732434
7740330,278.4005971557426
7740360,278.3579203883687
7740390,278.3200863555019
7740420,278.28639392921525
7740450,278.25628657923994
7740480,278.22930426255914
7740510,278.2050512837865
7740540,278.1831873246692
7740570,278.1634154784714
7740600,278.1454774245073
7740630,278.1521677130403
7740660,278.1524224952465
7740690,278.15243798679865
7740720,278.1524379868097
7740750,278.1524379868097
7740780,278.1524379868097
7740810,278.1524379868097
7740840,278.1524379868097
7740870,278.1524379868097
7740900,278.1524379868097
7740930,278.1524379868097
7740960,278.1524379868097
7740990,278.1524379868097
7741020,278.1524379868097
7741050,278.1524379868097
7741080,278.1524379868097
7741110,278.1524379868097
7741140,278.1524379868097
7741170,278.1524379868097
7741200,278.1524379868097
7741230,282.94905299202463
7741260,281.09262852295507
7741290,279.61637067706056
7741320,279.00760658692377
7741350,278.7319042136381
7741380,278.5776292524952
7741410,278.47289526474145
7741440,278.38955337042523
7741470,278.3214291163349
7741500,278.2641715813992
7741530,278.21483171013045
7741560,278.1717375475703
7741590,278.13383820530794
7741620,278.1003748617377
7741650,278.07074215723577
7741680,278.044442406934
7741710,278.02104092076985
7741740,278.0001649984584
7741770,277.9814907146703
7741800,277.9647348706707
7741830,277.9713039171834
7741860,277.9715467363443
7741890,277.97154671333385
7741920,277.97154671334727
7741950,277.97154671334727
7741980,277.97154671334727
7742010,277.97154671334727
7742040,277.97154671334727
7742070,277.97154671334727
7742100,277.97154671334727
7742130,277.97154671334727
7742160,277.97154671334727
7742190,277.97154671334727
7742220,277.97154671334727
7742250,277.97154671334727
7742280,277.97154671334727
7742310,277.97154671334727
7742340,277.97154671334727
7742370,277.97154671334727
7742400,277.97154671334727
7742430,282.8070453663771
7742460,280.9510698528699
7742490,279.48130473053845
7742520,278.88434266447683
7742550,278.60933148813854
7742580,278.4522733437835
7742610,278.3438765570339
7742640,278.25701829117884
7742670,278.18573281159854
7742700,278.125599100824
7742730,278.0736360665262
7742760,278.0281322319924
7742790,277.98799699788145
7742820,277.9524404500548
7742850,277.92083047564506
7742880,277.8926396550807
7742910,277.86741477660956
7742940,277.8447636695873
7742970,277.8243458373984
7743000,277.8058641143794
7743030,277.81292666706497
7743060,277.8131773993457
7743090,277.81317740090265
7743120,277.8131774009015
7743150,277.8131774009015
7743180,277.8131774009015
7743210,277.8131774009015
7743240,277.8131774009015
7743270,277.8131774009015
7743300,277.8131774009015
7743330,277.8131774009015
7743360,277.8131774009015
7743390,277.8131774009015
7743420,277.8131774009015
7743450,277.8131774009015
7743480,277.8131774009015
7743510,277.8131774009015
7743540,277.8131774009015
7743570,277.8131774009015
7743600,277.8131774009015
7743630,282.656218775609
7743660,280.7960179056437
7743690,279.3332822019524
7743720,278.7438861098485
7743750,278.4615086983262
7743780,278.2942446005538
7743810,278.17483184149364
7743840,278.07765232279917
7743870,277.9967959402268
7743900,277.92776097379226
7743930,277.8674815648881
7743960,277.8141534588358
7743990,277.7666139118524
7744020,277.72400314860016
7744050,277.68563475495955
7744080,277.6509373135804
7744110,277.6194168878707
7744140,277.5906479450592
7744170,277.56426016663545
7744200,277.53993179330064
7744230,277.5485896177111
7744260,277.548830116464
7744290,277.5488300923913
7744320,277.5488300922221
7744350,277.5488300922221
7744380,277.5488300922221
7744410,277.5488300922221
7744440,277.5488300922221
7744470,277.5488300922221
7744500,277.5488300922221
7744530,277.5488300922221
7744560,277.5488300922221
7744590,277.5488300922221
7744620,277.5488300922221
7744650,277.5488300922221
7744680,277.5488300922221
7744710,277.5488300922221
7744740,277.5488300922221
7744770,277.5488300922221
7744800,277.5488300922221
7744830,282.3896380319229
7744860,280.52123828421554
7744890,279.07108155088406
7744920,278.4868225900723
7744950,278.18804779285654
7744980,278.0028039157623
7745010,277.864372102509
7745040,277.7494351943062
7745070,277.65237365096993
7745100,277.568681792495
7745130,277.4950963731447
7745160,277.4296131339725
7745190,277.3709043309286
7745220,277.317988347666
7745250,277.27007454259916
7745280,277.2264995942967
7745310,277.18669581162334
7745340,277.1501668020457
7745370,277.11649163424596
7745400,277.08529409182984
7745430,277.09615389935914
7745460,277.09642517303394
7745490,277.09642517297476
7745520,277.09642517297436
7745550,277.09642517297436
7745580,277.09642517297436
7745610,277.09642517297436
7745640,277.09642517297436
7745670,277.09642517297436
7745700,277.09642517297436
7745730,277.09642517297436
7745760,277.09642517297436
7745790,277.09642517297436
7745820,277.09642517297436
7745850,277.09642517297436
7745880,277.09642517297436
7745910,277.09642517297436
7745940,277.09642517297436
7745970,277.09642517297436
7746000,277.09642517297436
7746030,281.9729679928931
7746060,280.09819131821365
7746090,278.66654378602004
7746120,278.07984759109917
7746150,277.76358147960406
7746180,277.5607775021562
7746210,277.40434991524967
7746240,277.27365240638454
7746270,277.16232374292696
7746300,277.0659009918338
7746330,276.98102992256787
7746360,276.90548422988104
7746390,276.8377585324376
7746420,276.77672873927037
7746450,276.7214992237355
7746480,276.67130950119946
7746510,276.6255127816396
7746540,276.5835478656779
7746570,276.5449256753553
7746600,276.5092212851412
7746630,276.5219149214311
7746660,276.5221661866391
7746690,276.5221661862331
7746720,276.52216618629234
7746750,276.5221661862923
7746780,276.5221661862923
7746810,276.5221661862923
7746840,276.5221661862923
7746870,276.5221661862923
7746900,276.5221661862923
7746930,276.5221661862923
7746960,276.5221661862923
7746990,276.5221661862923
7747020,276.5221661862923
7747050,276.5221661862923
7747080,276.5221661862923
7747110,276.5221661862923
7747140,276.5221661862923
7747170,276.5221661862923
7747200,276.5221661862923
7747230,282.8206979727583
7747260,283.2091699568673
7747290,282.5179478669023
7747320,282.35487129429634
7747350,282.34487500168865
7747380,282.3976363422175
7747410,282.46872451956153
7747440,282.5373740128231
7747470,282.5960463028307
7747500,282.6439678509938
7747530,282.6797673137049
7747560,282.7048035791223
7747590,282.7248019280326
7747620,282.7387025442337
7747650,282.748408120545
7747680,282.7547884423633
7747710,282.7584821408407
7747740,282.76008541936557
7747770,282.76007471566714
7747800,282.7588185017723
7747830,283.0432169822907
7747860,283.4225272053331
7747890,283.634852529734
7747920,283.74510704282534
7747950,283.7992727242764
7747980,283.82397692980214
7748010,283.8333286401274
7748040,283.8347142709825
7748070,283.8319343772186
7748100,283.82692985741886
7748130,283.8207397713893
7748160,283.8139014289927
7748190,283.80666659704826
7748220,283.79920236328775
7748250,283.79158383310505
7748280,283.78385266960936
7748310,283.7760285577307
7748340,283.76813292786824
7748370,283.76017299773844
7748400,283.7521562066309
7748430,283.71388908417373
7748460,283.663098236787
7748490,283.6306106501928
7748520,283.6096836445077
7748550,283.5950035083899
7748580,283.58353765509037
7748610,283.5737146687029
7748640,283.5647313162779
7748670,283.556158341896
7748700,283.5477898873307
7748730,283.5395094839183
7748760,283.53127860894494
7748790,283.5230702846077
7748820,283.51485922153387
7748850,283.50665529071046
7748880,283.4984298131441
7748910,283.4902335609548
7748940,283.4820190253038
7748970,283.47382066133633
7749000,283.4656253218538
7749030,283.46861247680374
7749060,283.4761742116514
7749090,283.4769562110573
7749120,283.473509982631
7749150,283.46776386993463
7749180,283.4608535805041
7749210,283.4533422153096
7749240,283.4455464026551
7749270,283.4376121144449
7749300,283.4296346869569
7749330,283.42164682143505
7749360,283.4136732637947
7749390,283.40572944052116
7749420,283.3978238191825
7749450,283.3899615127502
7749480,283.38214627278876
7749510,283.3743813172152
7749540,283.36666965584595
7749570,283.35901418283487
7749600,283.3514176930481
7749630,283.3493933645795
7749660,283.3496517697459
7749690,283.34666891858
7749720,283.341656606328
7749750,283.3355738964043
7749780,283.328976823132
7749810,283.32216306013487
7749840,283.31526134575523
7749870,283.3083619620383
7749900,283.3015090492567
7749930,283.29472208078204
7749960,283.2880149540025
7749990,283.2813960250269
7750020,283.27486986720737
7750050,283.26844084941155
7750080,283.2621124917219
7750110,283.25588779324045
7750140,283.24976951211954
7750170,283.24376034108957
7750200,283.2378629468434
7750230,283.23707442157706
7750260,283.23842407766426
7750290,283.23689065966164
7750320,283.2335930565006
7750350,283.22937671064284
7750380,283.2247728559925
7750410,283.22000807616166
7750440,283.2152143412432
7750470,283.21048940309424
7750500,283.20587170618126
7750530,283.2013751765257
7750560,283.197012294184
7750590,283.19279155428853
7750620,283.18871814456844
7750650,283.1847955925244
7750680,283.18102692539793
7750710,283.1774150718497
7750740,283.17396288820476
7750770,283.17067314512906
7750800,283.16754855123963
7750830,283.5193055235087
7750860,282.4875528319576
7750890,281.65947317481476
7750920,281.04447773818094
7750950,280.5811765372528
7750980,280.2316918992985
7751010,279.9679426739641
7751040,279.768852876625
7751070,279.61853226516985
7751100,279.50500306304934
7751130,279.4192380977581
7751160,279.3544341346924
7751190,279.30545100916663
7751220,279.2683944375511
7751250,279.24035568169637
7751280,279.21913481528617
7751310,279.2030670322075
7751340,279.19089530041964
7751370,279.1816704447437
7751400,279.17467568767916
7751430,279.16899742833004
7751460,279.16921895882405
7751490,279.1692202864156
7751520,279.16922085571434
7751550,279.16922084038373
7751580,279.16922084034917
7751610,279.169220840349
7751640,279.16922084034866
7751670,279.1692208403485
7751700,279.16922084034854
7751730,279.16922084034854
7751760,279.16922084034854
7751790,279.16922084034854
7751820,279.16922084034854
7751850,279.16922084034854
7751880,279.16922084034854
7751910,279.16922084034854
7751940,279.16922084034854
7751970,279.16922084034854
7752000,279.16922084034854
7752030,279.16922084034854
7752060,279.16922084034854
7752090,279.16922084034854
7752120,279.16922084034854
7752150,279.16922084034854
7752180,279.16922084034854
7752210,279.16922084034854
7752240,279.16922084034854
7752270,279.16922084034854
7752300,279.16922084034854
7752330,279.16922084034854
7752360,279.16922084034854
7752390,279.16922084034854
7752420,279.16922084034854
7752450,279.16922084034854
7752480,279.16922084034854
7752510,279.16922084034854
7752540,279.16922084034854
7752570,279.16922084034854
7752600,279.16922084034854
7752630,279.16922084034854
7752660,279.16922084034854
7752690,279.16922084034854
7752720,279.16922084034854
7752750,279.16922084034854
7752780,279.16922084034854
7752810,279.16922084034854
7752840,279.16922084034854
7752870,279.16922084034854
7752900,279.16922084034854
7752930,279.16922084034854
7752960,279.16922084034854
7752990,279.16922084034854
7753020,279.16922084034854
7753050,279.16922084034854
7753080,279.16922084034854
7753110,279.16922084034854
7753140,279.16922084034854
7753170,279.16922084034854
7753200,279.16922084034854
7753230,279.16922084034854
7753260,279.16922084034854
7753290,279.16922084034854
7753320,279.16922084034854
7753350,279.16922084034854
7753380,279.16922084034854
7753410,279.16922084034854
7753440,279.16922084034854
7753470,279.16922084034854
7753500,279.16922084034854
7753530,279.16922084034854
7753560,279.16922084034854
7753590,279.16922084034854
7753620,279.16922084034854
7753650,279.16922084034854
7753680,279.16922084034854
7753710,279.16922084034854
7753740,279.16922084034854
7753770,279.16922084034854
7753800,279.16922084034854
7753830,279.16922084034854
7753860,279.16922084034854
7753890,279.16922084034854
7753920,279.16922084034854
7753950,279.16922084034854
7753980,279.16922084034854
7754010,279.16922084034854
7754040,279.16922084034854
7754070,279.16922084034854
7754100,279.16922084034854
7754130,279.16922084034854
7754160,279.16922084034854
7754190,279.16922084034854
7754220,279.16922084034854
7754250,279.16922084034854
7754280,279.16922084034854
7754310,279.16922084034854
7754340,279.16922084034854
7754370,279.16922084034854
7754400,279.16922084034854
7754430,279.16922084034854
7754460,279.16922084034854
7754490,279.16922084034854
7754520,279.16922084034854
7754550,279.16922084034854
7754580,279.16922084034854
7754610,279.16922084034854
7754640,279.16922084034854
7754670,279.16922084034854
7754700,279.16922084034854
7754730,279.16922084034854
7754760,279.16922084034854
7754790,279.16922084034854
7754820,279.16922084034854
7754850,279.16922084034854
7754880,279.16922084034854
7754910,279.16922084034854
7754940,279.16922084034854
7754970,279.16922084034854
7755000,279.16922084034854
7755030,279.16922084034854
7755060,279.16922084034854
7755090,279.16922084034854
7755120,279.16922084034854
7755150,279.16922084034854
7755180,279.16922084034854
7755210,279.16922084034854
7755240,279.16922084034854
7755270,279.16922084034854
7755300,279.16922084034854
7755330,279.16922084034854
7755360,279.16922084034854
7755390,279.16922084034854
7755420,279.16922084034854
7755450,279.16922084034854
7755480,279.16922084034854
7755510,279.16922084034854
7755540,279.16922084034854
7755570,279.16922084034854
7755600,279.16922084034854
7755630,279.16922084034854
7755660,279.16922084034854
7755690,279.16922084034854
7755720,279.16922084034854
7755750,279.16922084034854
7755780,279.16922084034854
7755810,279.16922084034854
7755840,279.16922084034854
7755870,279.16922084034854
7755900,279.16922084034854
7755930,279.16922084034854
7755960,279.16922084034854
7755990,279.16922084034854
7756020,279.16922084034854
7756050,279.16922084034854
7756080,279.16922084034854
7756110,279.16922084034854
7756140,279.16922084034854
7756170,279.16922084034854
7756200,279.16922084034854
7756230,279.16922084034854
7756260,279.16922084034854
7756290,279.16922084034854
7756320,279.16922084034854
7756350,279.16922084034854
7756380,279.16922084034854
7756410,279.16922084034854
7756440,279.16922084034854
7756470,279.16922084034854
7756500,279.16922084034854
7756530,279.16922084034854
7756560,279.16922084034854
7756590,279.16922084034854
7756620,279.16922084034854
7756650,279.16922084034854
7756680,279.16922084034854
7756710,279.16922084034854
7756740,279.16922084034854
7756770,279.16922084034854
7756800,279.16922084034854
7756830,279.16922084034854
7756860,279.16922084034854
7756890,279.16922084034854
7756920,279.16922084034854
7756950,279.16922084034854
7756980,279.16922084034854
7757010,279.16922084034854
7757040,279.16922084034854
7757070,279.16922084034854
7757100,279.16922084034854
7757130,279.16922084034854
7757160,279.16922084034854
7757190,279.16922084034854
7757220,279.16922084034854
7757250,279.16922084034854
7757280,279.16922084034854
7757310,279.16922084034854
7757340,279.16922084034854
7757370,279.16922084034854
7757400,279.16922084034854
7757430,279.16922084034854
7757460,279.16922084034854
7757490,279.16922084034854
7757520,279.16922084034854
7757550,279.16922084034854
7757580,279.16922084034854
7757610,279.16922084034854
7757640,279.16922084034854
7757670,279.16922084034854
7757700,279.16922084034854
7757730,279.16922084034854
7757760,279.16922084034854
7757790,279.16922084034854
7757820,279.16922084034854
7757850,279.16922084034854
7757880,279.16922084034854
7757910,279.16922084034854
7757940,279.16922084034854
7757970,279.16922084034854
7758000,279.16922084034854
7758030,279.16922084034854
7758060,279.16922084034854
7758090,279.16922084034854
7758120,279.16922084034854
7758150,279.16922084034854
7758180,279.16922084034854
7758210,279.16922084034854
7758240,279.16922084034854
7758270,279.16922084034854
7758300,279.16922084034854
7758330,279.16922084034854
7758360,279.16922084034854
7758390,279.16922084034854
7758420,279.16922084034854
7758450,279.16922084034854
7758480,279.16922084034854
7758510,279.16922084034854
7758540,279.16922084034854
7758570,279.16922084034854
7758600,279.16922084034854
7758630,279.16922084034854
7758660,279.16922084034854
7758690,279.16922084034854
7758720,279.16922084034854
7758750,279.16922084034854
7758780,279.16922084034854
7758810,279.16922084034854
7758840,279.16922084034854
7758870,279.16922084034854
7758900,279.16922084034854
7758930,279.16922084034854
7758960,279.16922084034854
7758990,279.16922084034854
7759020,279.16922084034854
7759050,279.16922084034854
7759080,279.16922084034854
7759110,279.16922084034854
7759140,279.16922084034854
7759170,279.16922084034854
7759200,279.16922084034854
7759230,279.16922084034854
7759260,279.16922084034854
7759290,279.16922084034854
7759320,279.16922084034854
7759350,279.16922084034854
7759380,279.16922084034854
7759410,279.16922084034854
7759440,279.16922084034854
7759470,279.16922084034854
7759500,279.16922084034854
7759530,279.16922084034854
7759560,279.16922084034854
7759590,279.16922084034854
7759620,279.16922084034854
7759650,279.16922084034854
7759680,279.16922084034854
7759710,279.16922084034854
7759740,279.16922084034854
7759770,279.16922084034854
7759800,279.16922084034854
7759830,279.16922084034854
7759860,279.16922084034854
7759890,279.16922084034854
7759920,279.16922084034854
7759950,279.16922084034854
7759980,279.16922084034854
7760010,279.16922084034854
7760040,279.16922084034854
7760070,279.16922084034854
7760100,279.16922084034854
7760130,279.16922084034854
7760160,279.16922084034854
7760190,279.16922084034854
7760220,279.16922084034854
7760250,279.16922084034854
7760280,279.16922084034854
7760310,279.16922084034854
7760340,279.16922084034854
7760370,279.16922084034854
7760400,279.16922084034854
7760430,279.16922084034854
7760460,279.16922084034854
7760490,279.16922084034854
7760520,279.16922084034854
7760550,279.16922084034854
7760580,279.16922084034854
7760610,279.16922084034854
7760640,279.16922084034854
7760670,279.16922084034854
7760700,279.16922084034854
7760730,279.16922084034854
7760760,279.16922084034854
7760790,279.16922084034854
7760820,279.16922084034854
7760850,279.16922084034854
7760880,279.16922084034854
7760910,279.16922084034854
7760940,279.16922084034854
7760970,279.16922084034854
7761000,279.16922084034854
7761030,279.16922084034854
7761060,279.16922084034854
7761090,279.16922084034854
7761120,279.16922084034854
7761150,279.16922084034854
7761180,279.16922084034854
7761210,279.16922084034854
7761240,279.16922084034854
7761270,279.16922084034854
7761300,279.16922084034854
7761330,279.16922084034854
7761360,279.16922084034854
7761390,279.16922084034854
7761420,279.16922084034854
7761450,279.16922084034854
7761480,279.16922084034854
7761510,279.16922084034854
7761540,279.16922084034854
7761570,279.16922084034854
7761600,279.16922084034854
7761630,279.16922084034854
7761660,279.16922084034854
7761690,279.16922084034854
7761720,279.16922084034854
7761750,279.16922084034854
7761780,279.16922084034854
7761810,279.16922084034854
7761840,279.16922084034854
7761870,279.16922084034854
7761900,279.16922084034854
7761930,279.16922084034854
7761960,279.16922084034854
7761990,279.16922084034854
7762020,279.16922084034854
7762050,279.16922084034854
7762080,279.16922084034854
7762110,279.16922084034854
7762140,279.16922084034854
7762170,279.16922084034854
7762200,279.16922084034854
7762230,279.16922084034854
7762260,279.16922084034854
7762290,279.16922084034854
7762320,279.16922084034854
7762350,279.16922084034854
7762380,279.16922084034854
7762410,279.16922084034854
7762440,279.16922084034854
7762470,279.16922084034854
7762500,279.16922084034854
7762530,279.16922084034854
7762560,279.16922084034854
7762590,279.16922084034854
7762620,279.16922084034854
7762650,279.16922084034854
7762680,279.16922084034854
7762710,279.16922084034854
7762740,279.16922084034854
7762770,279.16922084034854
7762800,279.16922084034854
7762830,279.16922084034854
7762860,279.16922084034854
7762890,279.16922084034854
7762920,279.16922084034854
7762950,279.16922084034854
7762980,279.16922084034854
7763010,279.16922084034854
7763040,279.16922084034854
7763070,279.16922084034854
7763100,279.16922084034854
7763130,279.16922084034854
7763160,279.16922084034854
7763190,279.16922084034854
7763220,279.16922084034854
7763250,279.16922084034854
7763280,279.16922084034854
7763310,279.16922084034854
7763340,279.16922084034854
7763370,279.16922084034854
7763400,279.16922084034854
7763430,279.16922084034854
7763460,279.16922084034854
7763490,279.16922084034854
7763520,279.16922084034854
7763550,279.16922084034854
7763580,279.16922084034854
7763610,279.16922084034854
7763640,279.16922084034854
7763670,279.16922084034854
7763700,279.16922084034854
7763730,279.16922084034854
7763760,279.16922084034854
7763790,279.16922084034854
7763820,279.16922084034854
7763850,279.16922084034854
7763880,279.16922084034854
7763910,279.16922084034854
7763940,279.16922084034854
7763970,279.16922084034854
7764000,279.16922084034854
7764030,279.16922084034854
7764060,279.16922084034854
7764090,279.16922084034854
7764120,279.16922084034854
7764150,279.16922084034854
7764180,279.16922084034854
7764210,279.16922084034854
7764240,279.16922084034854
7764270,279.16922084034854
7764300,279.16922084034854
7764330,279.16922084034854
7764360,279.16922084034854
7764390,279.16922084034854
7764420,279.16922084034854
7764450,279.16922084034854
7764480,279.16922084034854
7764510,279.16922084034854
7764540,279.16922084034854
7764570,279.16922084034854
7764600,279.16922084034854
7764630,279.16922084034854
7764660,279.16922084034854
7764690,279.16922084034854
7764720,279.16922084034854
7764750,279.16922084034854
7764780,279.16922084034854
7764810,279.16922084034854
7764840,279.16922084034854
7764870,279.16922084034854
7764900,279.16922084034854
7764930,279.16922084034854
7764960,279.16922084034854
7764990,279.16922084034854
7765020,279.16922084034854
7765050,279.16922084034854
7765080,279.16922084034854
7765110,279.16922084034854
7765140,279.16922084034854
7765170,279.16922084034854
7765200,279.16922084034854
7765230,279.16922084034854
7765260,279.16922084034854
7765290,279.16922084034854
7765320,279.16922084034854
7765350,279.16922084034854
7765380,279.16922084034854
7765410,279.16922084034854
7765440,279.16922084034854
7765470,279.16922084034854
7765500,279.16922084034854
7765530,279.16922084034854
7765560,279.16922084034854
7765590,279.16922084034854
7765620,279.16922084034854
7765650,279.16922084034854
7765680,279.16922084034854
7765710,279.16922084034854
7765740,279.16922084034854
7765770,279.16922084034854
7765800,279.16922084034854
7765830,279.16922084034854
7765860,279.16922084034854
7765890,279.16922084034854
7765920,279.16922084034854
7765950,279.16922084034854
7765980,279.16922084034854
7766010,279.16922084034854
7766040,279.16922084034854
7766070,279.16922084034854
7766100,279.16922084034854
7766130,279.16922084034854
7766160,279.16922084034854
7766190,279.16922084034854
7766220,279.16922084034854
7766250,279.16922084034854
7766280,279.16922084034854
7766310,279.16922084034854
7766340,279.16922084034854
7766370,279.16922084034854
7766400,279.16922084034854
7766430,279.16922084034854
7766460,279.16922084034854
7766490,279.16922084034854
7766520,279.16922084034854
7766550,279.16922084034854
7766580,279.16922084034854
7766610,279.16922084034854
7766640,279.16922084034854
7766670,279.16922084034854
7766700,279.16922084034854
7766730,279.16922084034854
7766760,279.16922084034854
7766790,279.16922084034854
7766820,279.16922084034854
7766850,279.16922084034854
7766880,279.16922084034854
7766910,279.16922084034854
7766940,279.16922084034854
7766970,279.16922084034854
7767000,279.16922084034854
7767030,279.16922084034854
7767060,279.16922084034854
7767090,279.16922084034854
7767120,279.16922084034854
7767150,279.16922084034854
7767180,279.16922084034854
7767210,279.16922084034854
7767240,279.16922084034854
7767270,279.16922084034854
7767300,279.16922084034854
7767330,279.16922084034854
7767360,279.16922084034854
7767390,279.16922084034854
7767420,279.16922084034854
7767450,279.16922084034854
7767480,279.16922084034854
7767510,279.16922084034854
7767540,279.16922084034854
7767570,279.16922084034854
7767600,279.16922084034854
7767630,279.16922084034854
7767660,279.16922084034854
7767690,279.16922084034854
7767720,279.16922084034854
7767750,279.16922084034854
7767780,279.16922084034854
7767810,279.16922084034854
7767840,279.16922084034854
7767870,279.16922084034854
7767900,279.16922084034854
7767930,279.16922084034854
7767960,279.16922084034854
7767990,279.16922084034854
7768020,279.16922084034854
7768050,279.16922084034854
7768080,279.16922084034854
7768110,279.16922084034854
7768140,279.16922084034854
7768170,279.16922084034854
7768200,279.16922084034854
7768230,279.16922084034854
7768260,279.16922084034854
7768290,279.16922084034854
7768320,279.16922084034854
7768350,279.16922084034854
7768380,279.16922084034854
7768410,279.16922084034854
7768440,279.16922084034854
7768470,279.16922084034854
7768500,279.16922084034854
7768530,279.16922084034854
7768560,279.16922084034854
7768590,279.16922084034854
7768620,279.16922084034854
7768650,279.16922084034854
7768680,279.16922084034854
7768710,279.16922084034854
7768740,279.16922084034854
7768770,279.16922084034854
7768800,279.16922084034854
7768830,279.16922084034854
7768860,279.16922084034854
7768890,279.16922084034854
7768920,279.16922084034854
7768950,279.16922084034854
7768980,279.16922084034854
7769010,279.16922084034854
7769040,279.16922084034854
7769070,279.16922084034854
7769100,279.16922084034854
7769130,279.16922084034854
7769160,279.16922084034854
7769190,279.16922084034854
7769220,279.16922084034854
7769250,279.16922084034854
7769280,279.16922084034854
7769310,279.16922084034854
7769340,279.16922084034854
7769370,279.16922084034854
7769400,279.16922084034854
7769430,279.16922084034854
7769460,279.16922084034854
7769490,279.16922084034854
7769520,279.16922084034854
7769550,279.16922084034854
7769580,279.16922084034854
7769610,279.16922084034854
7769640,279.16922084034854
7769670,279.16922084034854
7769700,279.16922084034854
7769730,279.16922084034854
7769760,279.16922084034854
7769790,279.16922084034854
7769820,279.16922084034854
7769850,279.16922084034854
7769880,279.16922084034854
7769910,279.16922084034854
7769940,279.16922084034854
7769970,279.16922084034854
7770000,279.16922084034854
7770030,279.16922084034854
7770060,279.16922084034854
7770090,279.16922084034854
7770120,279.16922084034854
7770150,279.16922084034854
7770180,279.16922084034854
7770210,279.16922084034854
7770240,279.16922084034854
7770270,279.16922084034854
7770300,279.16922084034854
7770330,279.16922084034854
7770360,279.16922084034854
7770390,279.16922084034854
7770420,279.16922084034854
7770450,279.16922084034854
7770480,279.16922084034854
7770510,279.16922084034854
7770540,279.16922084034854
7770570,279.16922084034854
7770600,279.16922084034854
7770630,279.16922084034854
7770660,279.16922084034854
7770690,279.16922084034854
7770720,279.16922084034854
7770750,279.16922084034854
7770780,279.16922084034854
7770810,279.16922084034854
7770840,279.16922084034854
7770870,279.16922084034854
7770900,279.16922084034854
7770930,279.16922084034854
7770960,279.16922084034854
7770990,279.16922084034854
7771020,279.16922084034854
7771050,279.16922084034854
7771080,279.16922084034854
7771110,279.16922084034854
7771140,279.16922084034854
7771170,279.16922084034854
7771200,279.16922084034854
7771230,279.16922084034854
7771260,279.16922084034854
7771290,279.16922084034854
7771320,279.16922084034854
7771350,279.16922084034854
7771380,279.16922084034854
7771410,279.16922084034854
7771440,279.16922084034854
7771470,279.16922084034854
7771500,279.16922084034854
7771530,279.16922084034854
7771560,279.16922084034854
7771590,279.16922084034854
7771620,279.16922084034854
7771650,279.16922084034854
7771680,279.16922084034854
7771710,279.16922084034854
7771740,279.16922084034854
7771770,279.16922084034854
7771800,279.16922084034854
7771830,279.16922084034854
7771860,279.16922084034854
7771890,279.16922084034854
7771920,279.16922084034854
7771950,279.16922084034854
7771980,279.16922084034854
7772010,279.16922084034854
7772040,279.16922084034854
7772070,279.16922084034854
7772100,279.16922084034854
7772130,279.16922084034854
7772160,279.16922084034854
7772190,279.16922084034854
7772220,279.16922084034854
7772250,279.16922084034854
7772280,279.16922084034854
7772310,279.16922084034854
7772340,279.16922084034854
7772370,279.16922084034854
7772400,279.16922084034854
7772430,279.16922084034854
7772460,279.16922084034854
7772490,279.16922084034854
7772520,279.16922084034854
7772550,279.16922084034854
7772580,279.16922084034854
7772610,279.16922084034854
7772640,279.16922084034854
7772670,279.16922084034854
7772700,279.16922084034854
7772730,279.16922084034854
7772760,279.16922084034854
7772790,279.16922084034854
7772820,279.16922084034854
7772850,279.16922084034854
7772880,279.16922084034854
7772910,279.16922084034854
7772940,279.16922084034854
7772970,279.16922084034854
7773000,279.16922084034854
7773030,279.16922084034854
7773060,279.16922084034854
7773090,279.16922084034854
7773120,279.16922084034854
7773150,279.16922084034854
7773180,279.16922084034854
7773210,279.16922084034854
7773240,279.16922084034854
7773270,279.16922084034854
7773300,279.16922084034854
7773330,279.16922084034854
7773360,279.16922084034854
7773390,279.16922084034854
7773420,279.16922084034854
7773450,279.16922084034854
7773480,279.16922084034854
7773510,279.16922084034854
7773540,279.16922084034854
7773570,279.16922084034854
7773600,279.16922084034854
7773630,279.16922084034854
7773660,279.16922084034854
7773690,279.16922084034854
7773720,279.16922084034854
7773750,279.16922084034854
7773780,279.16922084034854
7773810,279.16922084034854
7773840,279.16922084034854
7773870,279.16922084034854
7773900,279.16922084034854
7773930,279.16922084034854
7773960,279.16922084034854
7773990,279.16922084034854
7774020,279.16922084034854
7774050,279.16922084034854
7774080,279.16922084034854
7774110,279.16922084034854
7774140,279.16922084034854
7774170,279.16922084034854
7774200,279.16922084034854
7774230,279.16922084034854
7774260,279.16922084034854
7774290,279.16922084034854
7774320,279.16922084034854
7774350,279.16922084034854
7774380,279.16922084034854
7774410,279.16922084034854
7774440,279.16922084034854
7774470,279.16922084034854
7774500,279.16922084034854
7774530,279.16922084034854
7774560,279.16922084034854
7774590,279.16922084034854
7774620,279.16922084034854
7774650,279.16922084034854
7774680,279.16922084034854
7774710,279.16922084034854
7774740,279.16922084034854
7774770,279.16922084034854
7774800,279.16922084034854
7774830,279.16922084034854
7774860,279.16922084034854
7774890,279.16922084034854
7774920,279.16922084034854
7774950,279.16922084034854
7774980,279.16922084034854
7775010,279.16922084034854
7775040,279.16922084034854
7775070,279.16922084034854
7775100,279.16922084034854
7775130,279.16922084034854
7775160,279.16922084034854
7775190,279.16922084034854
7775220,279.16922084034854
7775250,279.16922084034854
7775280,279.16922084034854
7775310,279.16922084034854
7775340,279.16922084034854
7775370,279.16922084034854
7775400,279.16922084034854
7775430,279.16922084034854
7775460,279.16922084034854
7775490,279.16922084034854
7775520,279.16922084034854
7775550,279.16922084034854
7775580,279.16922084034854
7775610,279.16922084034854
7775640,279.16922084034854
7775670,279.16922084034854
7775700,279.16922084034854
7775730,279.16922084034854
7775760,279.16922084034854
7775790,279.16922084034854
7775820,279.16922084034854
7775850,279.16922084034854
7775880,279.16922084034854
7775910,279.16922084034854
7775940,279.16922084034854
7775970,279.16922084034854
7776000,279.16922084034854
7776030,279.16922084034854
7776060,279.16922084034854
7776090,279.16922084034854
7776120,279.16922084034854
7776150,279.16922084034854
7776180,279.16922084034854
7776210,279.16922084034854
7776240,279.16922084034854
7776270,279.16922084034854
7776300,279.16922084034854
7776330,279.16922084034854
7776360,279.16922084034854
7776390,279.16922084034854
7776420,279.16922084034854
7776450,279.16922084034854
7776480,279.16922084034854
7776510,279.16922084034854
7776540,279.16922084034854
7776570,279.16922084034854
7776600,279.16922084034854
7776630,279.16922084034854
7776660,279.16922084034854
7776690,279.16922084034854
7776720,279.16922084034854
7776750,279.16922084034854
7776780,279.16922084034854
7776810,279.16922084034854
7776840,279.16922084034854
7776870,279.16922084034854
7776900,279.16922084034854
7776930,279.16922084034854
7776960,279.16922084034854
7776990,279.16922084034854
7777020,279.16922084034854
7777050,279.16922084034854
7777080,279.16922084034854
7777110,279.16922084034854
7777140,279.16922084034854
7777170,279.16922084034854
7777200,279.16922084034854
7777230,279.16922084034854
7777260,279.16922084034854
7777290,279.16922084034854
7777320,279.16922084034854
7777350,279.16922084034854
7777380,279.16922084034854
7777410,279.16922084034854
7777440,279.16922084034854
7777470,279.16922084034854
7777500,279.16922084034854
7777530,279.16922084034854
7777560,279.16922084034854
7777590,279.16922084034854
7777620,279.16922084034854
7777650,279.16922084034854
7777680,279.16922084034854
7777710,279.16922084034854
7777740,279.16922084034854
7777770,279.16922084034854
7777800,279.16922084034854
7777830,279.16922084034854
7777860,279.16922084034854
7777890,279.16922084034854
7777920,279.16922084034854
7777950,279.16922084034854
7777980,279.16922084034854
7778010,279.16922084034854
7778040,279.16922084034854
7778070,279.16922084034854
7778100,279.16922084034854
7778130,279.16922084034854
7778160,279.16922084034854
7778190,279.16922084034854
7778220,279.16922084034854
7778250,279.16922084034854
7778280,279.16922084034854
7778310,279.16922084034854
7778340,279.16922084034854
7778370,279.16922084034854
7778400,279.16922084034854
7778430,279.16922084034854
7778460,279.16922084034854
7778490,279.16922084034854
7778520,279.16922084034854
7778550,279.16922084034854
7778580,279.16922084034854
7778610,279.16922084034854
7778640,279.16922084034854
7778670,279.16922084034854
7778700,279.16922084034854
7778730,279.16922084034854
7778760,279.16922084034854
7778790,279.16922084034854
7778820,279.16922084034854
7778850,279.16922084034854
7778880,279.16922084034854
7778910,279.16922084034854
7778940,279.16922084034854
7778970,279.16922084034854
7779000,279.16922084034854
7779030,279.16922084034854
7779060,279.16922084034854
7779090,279.16922084034854
7779120,279.16922084034854
7779150,279.16922084034854
7779180,279.16922084034854
7779210,279.16922084034854
7779240,279.16922084034854
7779270,279.16922084034854
7779300,279.16922084034854
7779330,279.16922084034854
7779360,279.16922084034854
7779390,279.16922084034854
7779420,279.16922084034854
7779450,279.16922084034854
7779480,279.16922084034854
7779510,279.16922084034854
7779540,279.16922084034854
7779570,279.16922084034854
7779600,279.16922084034854
7779630,279.16922084034854
7779660,279.16922084034854
7779690,279.16922084034854
7779720,279.16922084034854
7779750,279.16922084034854
7779780,279.16922084034854
7779810,279.16922084034854
7779840,279.16922084034854
7779870,279.16922084034854
7779900,279.16922084034854
7779930,279.16922084034854
7779960,279.16922084034854
7779990,279.16922084034854
7780020,279.16922084034854
7780050,279.16922084034854
7780080,279.16922084034854
7780110,279.16922084034854
7780140,279.16922084034854
7780170,279.16922084034854
7780200,279.16922084034854
7780230,279.16922084034854
7780260,279.16922084034854
7780290,279.16922084034854
7780320,279.16922084034854
7780350,279.16922084034854
7780380,279.16922084034854
7780410,279.16922084034854
7780440,279.16922084034854
7780470,279.16922084034854
7780500,279.16922084034854
7780530,279.16922084034854
7780560,279.16922084034854
7780590,279.16922084034854
7780620,279.16922084034854
7780650,279.16922084034854
7780680,279.16922084034854
7780710,279.16922084034854
7780740,279.16922084034854
7780770,279.16922084034854
7780800,279.16922084034854
7780830,279.16922084034854
7780860,279.16922084034854
7780890,279.16922084034854
7780920,279.16922084034854
7780950,279.16922084034854
7780980,279.16922084034854
7781010,279.16922084034854
7781040,279.16922084034854
7781070,279.16922084034854
7781100,279.16922084034854
7781130,279.16922084034854
7781160,279.16922084034854
7781190,279.16922084034854
7781220,279.16922084034854
7781250,279.16922084034854
7781280,279.16922084034854
7781310,279.16922084034854
7781340,279.16922084034854
7781370,279.16922084034854
7781400,279.16922084034854
7781430,279.16922084034854
7781460,279.16922084034854
7781490,279.16922084034854
7781520,279.16922084034854
7781550,279.16922084034854
7781580,279.16922084034854
7781610,279.16922084034854
7781640,279.16922084034854
7781670,279.16922084034854
7781700,279.16922084034854
7781730,279.16922084034854
7781760,279.16922084034854
7781790,279.16922084034854
7781820,279.16922084034854
7781850,279.16922084034854
7781880,279.16922084034854
7781910,279.16922084034854
7781940,279.16922084034854
7781970,279.16922084034854
7782000,279.16922084034854
7782030,279.16922084034854
7782060,279.16922084034854
7782090,279.16922084034854
7782120,279.16922084034854
7782150,279.16922084034854
7782180,279.16922084034854
7782210,279.16922084034854
7782240,279.16922084034854
7782270,279.16922084034854
7782300,279.16922084034854
7782330,279.16922084034854
7782360,279.16922084034854
7782390,279.16922084034854
7782420,279.16922084034854
7782450,279.16922084034854
7782480,279.16922084034854
7782510,279.16922084034854
7782540,279.16922084034854
7782570,279.16922084034854
7782600,279.16922084034854
7782630,279.16922084034854
7782660,279.16922084034854
7782690,279.16922084034854
7782720,279.16922084034854
7782750,279.16922084034854
7782780,279.16922084034854
7782810,279.16922084034854
7782840,279.16922084034854
7782870,279.16922084034854
7782900,279.16922084034854
7782930,279.16922084034854
7782960,279.16922084034854
7782990,279.16922084034854
7783020,279.16922084034854
7783050,279.16922084034854
7783080,279.16922084034854
7783110,279.16922084034854
7783140,279.16922084034854
7783170,279.16922084034854
7783200,279.16922084034854
7783230,279.16922084034854
7783260,279.16922084034854
7783290,279.16922084034854
7783320,279.16922084034854
7783350,279.16922084034854
7783380,279.16922084034854
7783410,279.16922084034854
7783440,279.16922084034854
7783470,279.16922084034854
7783500,279.16922084034854
7783530,279.16922084034854
7783560,279.16922084034854
7783590,279.16922084034854
7783620,279.16922084034854
7783650,279.16922084034854
7783680,279.16922084034854
7783710,279.16922084034854
7783740,279.16922084034854
7783770,279.16922084034854
7783800,279.16922084034854
7783830,279.16922084034854
7783860,279.16922084034854
7783890,279.16922084034854
7783920,279.16922084034854
7783950,279.16922084034854
7783980,279.16922084034854
7784010,279.16922084034854
7784040,279.16922084034854
7784070,279.16922084034854
7784100,279.16922084034854
7784130,279.16922084034854
7784160,279.16922084034854
7784190,279.16922084034854
7784220,279.16922084034854
7784250,279.16922084034854
7784280,279.16922084034854
7784310,279.16922084034854
7784340,279.16922084034854
7784370,279.16922084034854
7784400,279.16922084034854
7784430,279.16922084034854
7784460,279.16922084034854
7784490,279.16922084034854
7784520,279.16922084034854
7784550,279.16922084034854
7784580,279.16922084034854
7784610,279.16922084034854
7784640,279.16922084034854
7784670,279.16922084034854
7784700,279.16922084034854
7784730,279.16922084034854
7784760,279.16922084034854
7784790,279.16922084034854
7784820,279.16922084034854
7784850,279.16922084034854
7784880,279.16922084034854
7784910,279.16922084034854
7784940,279.16922084034854
7784970,279.16922084034854
7785000,279.16922084034854
7785030,279.16922084034854
7785060,279.16922084034854
7785090,279.16922084034854
7785120,279.16922084034854
7785150,279.16922084034854
7785180,279.16922084034854
7785210,279.16922084034854
7785240,279.16922084034854
7785270,279.16922084034854
7785300,279.16922084034854
7785330,279.16922084034854
7785360,279.16922084034854
7785390,279.16922084034854
7785420,279.16922084034854
7785450,279.16922084034854
7785480,279.16922084034854
7785510,279.16922084034854
7785540,279.16922084034854
7785570,279.16922084034854
7785600,279.16922084034854
7785630,279.16922084034854
7785660,279.16922084034854
7785690,279.16922084034854
7785720,279.16922084034854
7785750,279.16922084034854
7785780,279.16922084034854
7785810,279.16922084034854
7785840,279.16922084034854
7785870,279.16922084034854
7785900,279.16922084034854
7785930,279.16922084034854
7785960,279.16922084034854
7785990,279.16922084034854
7786020,279.16922084034854
7786050,279.16922084034854
7786080,279.16922084034854
7786110,279.16922084034854
7786140,279.16922084034854
7786170,279.16922084034854
7786200,279.16922084034854
7786230,279.16922084034854
7786260,279.16922084034854
7786290,279.16922084034854
7786320,279.16922084034854
7786350,279.16922084034854
7786380,279.16922084034854
7786410,279.16922084034854
7786440,279.16922084034854
7786470,279.16922084034854
7786500,279.16922084034854
7786530,279.16922084034854
7786560,279.16922084034854
7786590,279.16922084034854
7786620,279.16922084034854
7786650,279.16922084034854
7786680,279.16922084034854
7786710,279.16922084034854
7786740,279.16922084034854
7786770,279.16922084034854
7786800,279.16922084034854
7786830,279.16922084034854
7786860,279.16922084034854
7786890,279.16922084034854
7786920,279.16922084034854
7786950,279.16922084034854
7786980,279.16922084034854
7787010,279.16922084034854
7787040,279.16922084034854
7787070,279.16922084034854
7787100,279.16922084034854
7787130,279.16922084034854
7787160,279.16922084034854
7787190,279.16922084034854
7787220,279.16922084034854
7787250,279.16922084034854
7787280,279.16922084034854
7787310,279.16922084034854
7787340,279.16922084034854
7787370,279.16922084034854
7787400,279.16922084034854
7787430,279.16922084034854
7787460,279.16922084034854
7787490,279.16922084034854
7787520,279.16922084034854
7787550,279.16922084034854
7787580,279.16922084034854
7787610,279.16922084034854
7787640,279.16922084034854
7787670,279.16922084034854
7787700,279.16922084034854
7787730,279.16922084034854
7787760,279.16922084034854
7787790,279.16922084034854
7787820,279.16922084034854
7787850,279.16922084034854
7787880,279.16922084034854
7787910,279.16922084034854
7787940,279.16922084034854
7787970,279.16922084034854
7788000,279.16922084034854
7788030,279.16922084034854
7788060,279.16922084034854
7788090,279.16922084034854
7788120,279.16922084034854
7788150,279.16922084034854
7788180,279.16922084034854
7788210,279.16922084034854
7788240,279.16922084034854
7788270,279.16922084034854
7788300,279.16922084034854
7788330,279.16922084034854
7788360,279.16922084034854
7788390,279.16922084034854
7788420,279.16922084034854
7788450,279.16922084034854
7788480,279.16922084034854
7788510,279.16922084034854
7788540,279.16922084034854
7788570,279.16922084034854
7788600,279.16922084034854
7788630,279.16922084034854
7788660,279.16922084034854
7788690,279.16922084034854
7788720,279.16922084034854
7788750,279.16922084034854
7788780,279.16922084034854
7788810,279.16922084034854
7788840,279.16922084034854
7788870,279.16922084034854
7788900,279.16922084034854
7788930,279.16922084034854
7788960,279.16922084034854
7788990,279.16922084034854
7789020,279.16922084034854
7789050,279.16922084034854
7789080,279.16922084034854
7789110,279.16922084034854
7789140,279.16922084034854
7789170,279.16922084034854
7789200,279.16922084034854
7789230,279.16922084034854
7789260,279.16922084034854
7789290,279.16922084034854
7789320,279.16922084034854
7789350,279.16922084034854
7789380,279.16922084034854
7789410,279.16922084034854
7789440,279.16922084034854
7789470,279.16922084034854
7789500,279.16922084034854
7789530,279.16922084034854
7789560,279.16922084034854
7789590,279.16922084034854
7789620,279.16922084034854
7789650,279.16922084034854
7789680,279.16922084034854
7789710,279.16922084034854
7789740,279.16922084034854
7789770,279.16922084034854
7789800,279.16922084034854
7789830,279.16922084034854
7789860,279.16922084034854
7789890,279.16922084034854
7789920,279.16922084034854
7789950,279.16922084034854
7789980,279.16922084034854
7790010,279.16922084034854
7790040,279.16922084034854
7790070,279.16922084034854
7790100,279.16922084034854
7790130,279.16922084034854
7790160,279.16922084034854
7790190,279.16922084034854
7790220,279.16922084034854
7790250,279.16922084034854
7790280,279.16922084034854
7790310,279.16922084034854
7790340,279.16922084034854
7790370,279.16922084034854
7790400,279.16922084034854
7790430,279.16922084034854
7790460,279.16922084034854
7790490,279.16922084034854
7790520,279.16922084034854
7790550,279.16922084034854
7790580,279.16922084034854
7790610,279.16922084034854
7790640,279.16922084034854
7790670,279.16922084034854
7790700,279.16922084034854
7790730,279.16922084034854
7790760,279.16922084034854
7790790,279.16922084034854
7790820,279.16922084034854
7790850,279.16922084034854
7790880,279.16922084034854
7790910,279.16922084034854
7790940,279.16922084034854
7790970,279.16922084034854
7791000,279.16922084034854
7791030,279.16922084034854
7791060,279.16922084034854
7791090,279.16922084034854
7791120,279.16922084034854
7791150,279.16922084034854
7791180,279.16922084034854
7791210,279.16922084034854
7791240,279.16922084034854
7791270,279.16922084034854
7791300,279.16922084034854
7791330,279.16922084034854
7791360,279.16922084034854
7791390,279.16922084034854
7791420,279.16922084034854
7791450,279.16922084034854
7791480,279.16922084034854
7791510,279.16922084034854
7791540,279.16922084034854
7791570,279.16922084034854
7791600,279.16922084034854
7791630,279.16922084034854
7791660,279.16922084034854
7791690,279.16922084034854
7791720,279.16922084034854
7791750,279.16922084034854
7791780,279.16922084034854
7791810,279.16922084034854
7791840,279.16922084034854
7791870,279.16922084034854
7791900,279.16922084034854
7791930,279.16922084034854
7791960,279.16922084034854
7791990,279.16922084034854
7792020,279.16922084034854
7792050,279.16922084034854
7792080,279.16922084034854
7792110,279.16922084034854
7792140,279.16922084034854
7792170,279.16922084034854
7792200,279.16922084034854
7792230,279.16922084034854
7792260,279.16922084034854
7792290,279.16922084034854
7792320,279.16922084034854
7792350,279.16922084034854
7792380,279.16922084034854
7792410,279.16922084034854
7792440,279.16922084034854
7792470,279.16922084034854
7792500,279.16922084034854
7792530,279.16922084034854
7792560,279.16922084034854
7792590,279.16922084034854
7792620,279.16922084034854
7792650,279.16922084034854
7792680,279.16922084034854
7792710,279.16922084034854
7792740,279.16922084034854
7792770,279.16922084034854
7792800,279.16922084034854
7792830,279.16922084034854
7792860,279.16922084034854
7792890,279.16922084034854
7792920,279.16922084034854
7792950,279.16922084034854
7792980,279.16922084034854
7793010,279.16922084034854
7793040,279.16922084034854
7793070,279.16922084034854
7793100,279.16922084034854
7793130,279.16922084034854
7793160,279.16922084034854
7793190,279.16922084034854
7793220,279.16922084034854
7793250,279.16922084034854
7793280,279.16922084034854
7793310,279.16922084034854
7793340,279.16922084034854
7793370,279.16922084034854
7793400,279.16922084034854
7793430,279.16922084034854
7793460,279.16922084034854
7793490,279.16922084034854
7793520,279.16922084034854
7793550,279.16922084034854
7793580,279.16922084034854
7793610,279.16922084034854
7793640,279.16922084034854
7793670,279.16922084034854
7793700,279.16922084034854
7793730,279.16922084034854
7793760,279.16922084034854
7793790,279.16922084034854
7793820,279.16922084034854
7793850,279.16922084034854
7793880,279.16922084034854
7793910,279.16922084034854
7793940,279.16922084034854
7793970,279.16922084034854
7794000,279.16922084034854
7794030,279.16922084034854
7794060,279.16922084034854
7794090,279.16922084034854
7794120,279.16922084034854
7794150,279.16922084034854
7794180,279.16922084034854
7794210,279.16922084034854
7794240,279.16922084034854
7794270,279.16922084034854
7794300,279.16922084034854
7794330,279.16922084034854
7794360,279.16922084034854
7794390,279.16922084034854
7794420,279.16922084034854
7794450,279.16922084034854
7794480,279.16922084034854
7794510,279.16922084034854
7794540,279.16922084034854
7794570,279.16922084034854
7794600,279.16922084034854
7794630,279.16922084034854
7794660,279.16922084034854
7794690,279.16922084034854
7794720,279.16922084034854
7794750,279.16922084034854
7794780,279.16922084034854
7794810,279.16922084034854
7794840,279.16922084034854
7794870,279.16922084034854
7794900,279.16922084034854
7794930,279.16922084034854
7794960,279.16922084034854
7794990,279.16922084034854
7795020,279.16922084034854
7795050,279.16922084034854
7795080,279.16922084034854
7795110,279.16922084034854
7795140,279.16922084034854
7795170,279.16922084034854
7795200,279.16922084034854
7795230,279.16922084034854
7795260,279.16922084034854
7795290,279.16922084034854
7795320,279.16922084034854
7795350,279.16922084034854
7795380,279.16922084034854
7795410,279.16922084034854
7795440,279.16922084034854
7795470,279.16922084034854
7795500,279.16922084034854
7795530,279.16922084034854
7795560,279.16922084034854
7795590,279.16922084034854
7795620,279.16922084034854
7795650,279.16922084034854
7795680,279.16922084034854
7795710,279.16922084034854
7795740,279.16922084034854
7795770,279.16922084034854
7795800,279.16922084034854
7795830,279.16922084034854
7795860,279.16922084034854
7795890,279.16922084034854
7795920,279.16922084034854
7795950,279.16922084034854
7795980,279.16922084034854
7796010,279.16922084034854
7796040,279.16922084034854
7796070,279.16922084034854
7796100,279.16922084034854
7796130,279.16922084034854
7796160,279.16922084034854
7796190,279.16922084034854
7796220,279.16922084034854
7796250,279.16922084034854
7796280,279.16922084034854
7796310,279.16922084034854
7796340,279.16922084034854
7796370,279.16922084034854
7796400,279.16922084034854
7796430,279.16922084034854
7796460,279.16922084034854
7796490,279.16922084034854
7796520,279.16922084034854
7796550,279.16922084034854
7796580,279.16922084034854
7796610,279.16922084034854
7796640,279.16922084034854
7796670,279.16922084034854
7796700,279.16922084034854
7796730,279.16922084034854
7796760,279.16922084034854
7796790,279.16922084034854
7796820,279.16922084034854
7796850,279.16922084034854
7796880,279.16922084034854
7796910,279.16922084034854
7796940,279.16922084034854
7796970,279.16922084034854
7797000,279.16922084034854
7797030,279.16922084034854
7797060,279.16922084034854
7797090,279.16922084034854
7797120,279.16922084034854
7797150,279.16922084034854
7797180,279.16922084034854
7797210,279.16922084034854
7797240,279.16922084034854
7797270,279.16922084034854
7797300,279.16922084034854
7797330,279.16922084034854
7797360,279.16922084034854
7797390,279.16922084034854
7797420,279.16922084034854
7797450,279.16922084034854
7797480,279.16922084034854
7797510,279.16922084034854
7797540,279.16922084034854
7797570,279.16922084034854
7797600,279.16922084034854
7797630,279.16922084034854
7797660,279.16922084034854
7797690,279.16922084034854
7797720,279.16922084034854
7797750,279.16922084034854
7797780,279.16922084034854
7797810,279.16922084034854
7797840,279.16922084034854
7797870,279.16922084034854
7797900,279.16922084034854
7797930,279.16922084034854
7797960,279.16922084034854
7797990,279.16922084034854
7798020,279.16922084034854
7798050,279.16922084034854
7798080,279.16922084034854
7798110,279.16922084034854
7798140,279.16922084034854
7798170,279.16922084034854
7798200,279.16922084034854
7798230,279.16922084034854
7798260,279.16922084034854
7798290,279.16922084034854
7798320,279.16922084034854
7798350,279.16922084034854
7798380,279.16922084034854
7798410,279.16922084034854
7798440,279.16922084034854
7798470,279.16922084034854
7798500,279.16922084034854
7798530,279.16922084034854
7798560,279.16922084034854
7798590,279.16922084034854
7798620,279.16922084034854
7798650,279.16922084034854
7798680,279.16922084034854
7798710,279.16922084034854
7798740,279.16922084034854
7798770,279.16922084034854
7798800,279.16922084034854
7798830,279.16922084034854
7798860,279.16922084034854
7798890,279.16922084034854
7798920,279.16922084034854
7798950,279.16922084034854
7798980,279.16922084034854
7799010,279.16922084034854
7799040,279.16922084034854
7799070,279.16922084034854
7799100,279.16922084034854
7799130,279.16922084034854
7799160,279.16922084034854
7799190,279.16922084034854
7799220,279.16922084034854
7799250,279.16922084034854
7799280,279.16922084034854
7799310,279.16922084034854
7799340,279.16922084034854
7799370,279.16922084034854
7799400,279.16922084034854
7799430,279.16922084034854
7799460,279.16922084034854
7799490,279.16922084034854
7799520,279.16922084034854
7799550,279.16922084034854
7799580,279.16922084034854
7799610,279.16922084034854
7799640,279.16922084034854
7799670,279.16922084034854
7799700,279.16922084034854
7799730,279.16922084034854
7799760,279.16922084034854
7799790,279.16922084034854
7799820,279.16922084034854
7799850,279.16922084034854
7799880,279.16922084034854
7799910,279.16922084034854
7799940,279.16922084034854
7799970,279.16922084034854
7800000,279.16922084034854
7800030,279.16922084034854
7800060,279.16922084034854
7800090,279.16922084034854
7800120,279.16922084034854
7800150,279.16922084034854
7800180,279.16922084034854
7800210,279.16922084034854
7800240,279.16922084034854
7800270,279.16922084034854
7800300,279.16922084034854
7800330,279.16922084034854
7800360,279.16922084034854
7800390,279.16922084034854
7800420,279.16922084034854
7800450,279.16922084034854
7800480,279.16922084034854
7800510,279.16922084034854
7800540,279.16922084034854
7800570,279.16922084034854
7800600,279.16922084034854
7800630,279.16922084034854
7800660,279.16922084034854
7800690,279.16922084034854
7800720,279.16922084034854
7800750,279.16922084034854
7800780,279.16922084034854
7800810,279.16922084034854
7800840,279.16922084034854
7800870,279.16922084034854
7800900,279.16922084034854
7800930,279.16922084034854
7800960,279.16922084034854
7800990,279.16922084034854
7801020,279.16922084034854
7801050,279.16922084034854
7801080,279.16922084034854
7801110,279.16922084034854
7801140,279.16922084034854
7801170,279.16922084034854
7801200,279.16922084034854
7801230,279.16922084034854
7801260,279.16922084034854
7801290,279.16922084034854
7801320,279.16922084034854
7801350,279.16922084034854
7801380,279.16922084034854
7801410,279.16922084034854
7801440,279.16922084034854
7801470,279.16922084034854
7801500,279.16922084034854
7801530,279.16922084034854
7801560,279.16922084034854
7801590,279.16922084034854
7801620,279.16922084034854
7801650,279.16922084034854
7801680,279.16922084034854
7801710,279.16922084034854
7801740,279.16922084034854
7801770,279.16922084034854
7801800,279.16922084034854
7801830,282.9548882027588
7801860,283.36705858516564
7801890,282.91310957775374
7801920,282.7384354687992
7801950,282.6674625269841
7801980,282.6361090061631
7802010,282.61975025440995
7802040,282.6092332305875
7802070,282.6011749403213
7802100,282.5942780895022
7802130,282.5880034842332
7802160,282.5821050278632
7802190,282.5764213357537
7802220,282.57086277277176
7802250,282.5653647370453
7802280,282.5598739823165
7802310,282.55434972312634
7802340,282.5487589950954
7802370,282.5430759832522
7802400,282.537282349338
7802430,281.785323056513
7802460,281.7843691490358
7802490,281.7843746055966
7802520,281.78437467098286
7802550,281.78437467096825
7802580,281.7843746709683
7802610,281.7843746709683
7802640,281.7843746709683
7802670,281.7843746709683
7802700,281.7843746709683
7802730,281.7843746709683
7802760,281.7843746709683
7802790,281.7843746709683
7802820,281.7843746709683
7802850,281.7843746709683
7802880,281.7843746709683
7802910,281.7843746709683
7802940,281.7843746709683
7802970,281.7843746709683
7803000,281.7843746709683
7803030,284.58980216579175
7803060,284.2320510777136
7803090,283.4708664389923
7803120,283.12815709567656
7803150,282.9609696053464
7803180,282.871081340744
7803210,282.8182322408751
7803240,282.7826828223535
7803270,282.75768219275346
7803300,282.7401696061117
7803330,282.72337126060796
7803360,282.70814878143153
7803390,282.69630672741556
7803420,282.6883475029763
7803450,282.6831507551185
7803480,282.6797775281373
7803510,282.6775785624382
7803540,282.675647522432
7803570,282.67302848135586
7803600,282.6693638798642
7803630,282.84331971580417
7803660,283.08017111924596
7803690,283.2126537382083
7803720,283.2807170168649
7803750,283.3136175265317
7803780,283.32828225385606
7803810,283.33371351791095
7803840,283.33459295709844
7803870,283.3333247709575
7803900,283.3311269253357
7803930,283.32858692092896
7803960,283.3260774459735
7803990,283.32380407763793
7804020,283.3218291126957
7804050,283.32008650322985
7804080,283.31869196970956
7804110,283.31757328959816
7804140,283.3169305682173
7804170,283.31643048962786
7804200,283.31653534341734
7804230,283.2983667863559
7804260,283.27296292321165
7804290,283.2588482776468
7804320,283.2520003022392
7804350,283.24920117956634
7804380,283.24861516884005
7804410,283.24925562225206
7804440,283.250619273506
7804470,283.2524210091807
7804500,283.25453579393405
7804530,283.2568774363051
7804560,283.2594123769212
7804590,283.262107856625
7804620,283.2649434772466
7804650,283.26790675399315
7804680,283.27098874331637
7804710,283.27418133163764
7804740,283.27747691328767
7804770,283.2808686166536
7804800,283.2843502560168
7804830,283.28829462384795
7804860,283.2925085462902
7804890,283.2965458499912
7804920,283.3005058739649
7804950,283.3044622426746
7804980,283.3084575670553
7805010,283.3125209338124
7805040,283.3166717748314
7805070,283.320922706669
7805100,283.3252823323297
7805130,283.32975766108154
7805160,283.3343550150627
7805190,283.33908019395477
7805220,283.3439384290711
7805250,283.34893434796794
7805280,283.3540719900472
7805310,283.3593548469616
7805340,283.36478590186994
7805370,283.3703676608321
7805400,283.37610218039003
7805430,283.37807490369795
7805460,283.378594376502
7805490,283.3816176219393
7805520,283.38625417647177
7805550,283.3918697783449
7805580,283.39804420632044
7805610,283.404603595437
7805640,283.4114071956332
7805670,283.41843159274015
7805700,283.4256209266741
7805730,283.43297778384135
7805760,283.44049110296146
7805790,283.4481554638002
7805820,283.45596807600424
7805850,283.46392698706745
7805880,283.47203064004833
7805910,283.4802777427355
7805940,283.4886671506251
7805970,283.4971977805165
7806000,283.5058685701046
7806030,283.50868452414477
7806060,283.50914314853645
7806090,283.5133585030169
7806120,283.51995511943295
7806150,283.5279186464328
7806180,283.5366515219748
7806210,283.54584081319365
7806240,283.5552211931659
7806270,283.56388294487317
7806300,283.57101899388596
7806330,283.57667382589244
7806360,283.5811748871231
7806390,283.5848479285569
7806420,283.58797718041615
7806450,283.5907458968999
7806480,283.5932819821611
7806510,283.5956680920754
7806540,283.59796426691366
7806570,283.6001986575712
7806600,283.6023924679298
7806630,283.59979007119824
7806660,283.59521800677936
7806690,283.59349722964055
7806720,283.5935789358425
7806750,283.59461421927995
7806780,283.5961781206446
7806810,283.5980030157073
7806840,283.59996090937653
7806870,283.6019840779205
7806900,283.6040426616986
7806930,283.6061164997669
7806960,283.60819833409033
7806990,283.6102852644505
7807020,283.6123762074783
7807050,283.6144709402448
7807080,283.6165697506185
7807110,283.61867322849065
7807140,283.6207820612683
7807170,283.62289700152854
7807200,283.6250188425703
7807230,283.6258478368114
7807260,283.6260878069044
7807290,283.62717651662166
7807320,283.62876452969175
7807350,283.63064010886643
7807380,283.6326701685029
7807410,283.6347795710608
7807440,283.6369412137902
7807470,283.6391407114793
7807500,283.641365368657
7807530,283.6436097926064
7807560,283.64587230568185
7807590,283.64815327336754
7807620,283.65045339430844
7807650,283.6527732870936
7807680,283.6551135400114
7807710,283.65747480085366
7807740,283.6598577981398
7807770,283.66226331621317
7807800,283.66469216494625
7807830,283.6652244109719
7807860,283.66493348797667
7807890,283.6658887267352
7807920,283.66758295552387
7807950,283.6696972798173
7807980,283.6720592120688
7808010,283.6745687358343
7808040,283.6771563748959
7808070,283.6797989260881
7808100,283.68248676771
7808130,283.68521397914475
7808160,283.68797819996547
7808190,283.6907783932427
7808220,283.6936142582499
7808250,283.69648622464814
7808280,283.69939483883365
7808310,283.70234083767446
7808340,283.7053249714638
7808370,283.70834802112927
7808400,283.71141078958067
7808430,283.7121944909567
7808460,283.7120311368221
7808490,283.713355546411
7808520,283.7156226961445
7808550,283.7184315067194
7808580,283.72155911311046
7808610,283.72484997514806
7808640,283.72827909159736
7808670,283.73180135230473
7808700,283.7353917764248
7808730,283.7390464076252
7808760,283.74276071357576
7808790,283.74652972460603
7808820,283.75035096416855
7808850,283.75422241917664
7808880,283.75814254826486
7808910,283.7621100577813
7808940,283.7661235475267
7808970,283.7701817200632
7809000,283.7742832860485
7809030,283.77525855014994
7809060,283.77493034611325
7809090,283.77658755037527
7809120,283.7794847133546
7809150,283.7830784794862
7809180,283.78703797420536
7809210,283.7912130200349
7809240,283.7955105051255
7809270,283.7998863366368
7809300,283.80431556400407
7809330,283.80878555426926
7809360,283.8132899967975
7809390,283.8178239822914
7809420,283.82238517395956
7809450,283.8269714834399
7809480,283.83158121556755
7809510,283.8362128735284
7809540,283.8408650861842
7809570,283.84553655195776
7809600,283.85022599132543
7809630,283.8509753124263
7809660,283.8501196253125
7809690,283.851644687789
7809720,283.8547155042026
7809750,283.85859123427
7809780,283.8629058531004
7809810,283.86745564005474
7809840,283.8721165653357
7809870,283.8768338536277
7809900,283.8815894017601
7809930,283.88636173753576
7809960,283.8911430759373
7809990,283.89593007404403
7810020,283.9007193181539
7810050,283.9055084537092
7810080,283.91029566925346
7810110,283.9150796496038
7810140,283.91985902596684
7810170,283.92463244543944
7810200,283.9293985842313
7810230,283.92989647180065
7810260,283.9286391888933
7810290,283.92993194005146
7810320,283.9328253645415
7810350,283.9366078620313
7810380,283.9408267584726
7810410,283.9452555687799
7810440,283.9497761755972
7810470,283.95434264053785
7810500,283.95891820237426
7810530,283.96348760280154
7810560,283.96804242785873
7810590,283.97257786937644
7810620,283.97709024952985
7810650,283.9815772376314
7810680,283.98603723404034
7810710,283.990468850576
7810740,283.99487071742067
7810770,283.9992414838795
7810800,284.0035798380473
7810830,284.00377013327136
7810860,284.00224415765837
7810890,284.0031479150961
7810920,283.11954824041186
7810950,280.68335309543465
7810980,279.4046898539563
7811010,278.75038500573316
7811040,278.36467819899065
7811070,278.1088468463958
7811100,277.9209582878462
7811130,277.7725841773429
7811160,277.6501215551634
7811190,277.54665204243037
7811220,277.4581578005885
7811250,277.3821613304916
7811280,277.316843215535
7811310,277.2607695991047
7811340,277.2127759274836
7811370,277.1718548976846
7811400,277.13713612163673
7811430,277.1611385132926
7811460,277.16143798645567
7811490,277.1614379701921
7811520,277.1614379701921
7811550,277.1614379701921
7811580,277.1614379701921
7811610,277.1614379701921
7811640,277.1614379701921
7811670,277.1614379701921
7811700,277.1614379701921
7811730,277.1614379701921
7811760,277.1614379701921
7811790,277.1614379701921
7811820,277.1614379701921
7811850,277.1614379701921
7811880,277.1614379701921
7811910,277.1614379701921
7811940,277.1614379701921
7811970,277.1614379701921
7812000,277.1614379701921
7812030,282.170563697692
7812060,280.3262953601896
7812090,278.8905292518069
7812120,278.32762238775337
7812150,278.0475118077194
7812180,277.8816525665936
7812210,277.76239710435505
7812240,277.6678923598852
7812270,277.59129088779787
7812300,277.5275865831633
7812330,277.4735631276818
7812360,277.42730026406576
7812390,277.3875233179373
7812420,277.35327973945203
7812450,277.3238022715667
7812480,277.2984427270025
7812510,277.27664357735085
7812540,277.2579248878219
7812570,277.24186758987406
7812600,277.2281068405071
7812630,277.2346358012403
7812660,277.23487185801304
7812690,277.2348718652558
7812720,277.2348718652538
7812750,277.2348718652538
7812780,277.2348718652538
7812810,277.2348718652538
7812840,277.2348718652538
7812870,277.2348718652538
7812900,277.2348718652538
7812930,277.2348718652538
7812960,277.2348718652538
7812990,277.2348718652538
7813020,277.2348718652538
7813050,277.2348718652538
7813080,277.2348718652538
7813110,277.2348718652538
7813140,277.2348718652538
7813170,277.2348718652538
7813200,277.2348718652538
7813230,282.2201069197216
7813260,280.3688387476546
7813290,278.9270385916229
7813320,278.36253294314946
7813350,278.0833029966685
7813380,277.9180151734701
7813410,277.7986890870541
7813440,277.7036330883258
7813470,277.62559561200214
7813500,277.55984010039197
7813530,277.5032876725138
7813560,277.45410148653343
7813590,277.4110774830908
7813620,277.3733246178173
7813650,277.34012710055333
7813680,277.31088463912596
7813710,277.28508146417084
7813740,277.26227206241396
7813770,277.242069855562
7813800,277.2241379239358
7813830,277.2316036365575
7813860,277.23184597504724
7813890,277.2318459313141
7813920,277.2318459315014
7813950,277.2318459315014
7813980,277.2318459315014
7814010,277.2318459315014
7814040,277.2318459315014
7814070,277.2318459315014
7814100,277.2318459315014
7814130,277.2318459315014
7814160,277.2318459315014
7814190,277.2318459315014
7814220,277.2318459315014
7814250,277.2318459315014
7814280,277.2318459315014
7814310,277.2318459315014
7814340,277.2318459315014
7814370,277.2318459315014
7814400,277.2318459315014
7814430,282.19138974182937
7814460,280.336727017932
7814490,278.89698359574453
7814520,278.32947480051195
7814550,278.0444598024446
7814580,277.87335418752525
7814610,277.74842497978153
7814640,277.64842955428975
7814670,277.56604052732865
7814700,277.4965624413741
7814730,277.43686257610653
7814760,277.3850376329324
7814790,277.33983172963303
7814820,277.3003137994502
7814850,277.26573408535705
7814880,277.23546461984347
7814910,277.20896460584004
7814940,277.18576778459544
7814970,277.1654668780068
7815000,277.14771189080886
7815030,277.1553702084504
7815060,277.155586234135
7815090,277.1555862334853
7815120,277.1555862335868
7815150,277.1555862335868
7815180,277.1555862335868
7815210,277.1555862335868
7815240,277.1555862335868
7815270,277.1555862335868
7815300,277.1555862335868
7815330,277.1555862335868
7815360,277.1555862335868
7815390,277.1555862335868
7815420,277.1555862335868
7815450,277.1555862335868
7815480,277.1555862335868
7815510,277.1555862335868
7815540,277.1555862335868
7815570,277.1555862335868
7815600,277.1555862335868
7815630,282.14982322580977
7815660,280.3008519247676
7815690,278.8639387733059
7815720,278.3019835692094
7815750,278.0229110266933
7815780,277.8579903893329
7815810,277.7395041222029
7815840,277.64616713963966
7815870,277.5702044041349
7815900,277.5069429818389
7815930,277.4532948153549
7815960,277.4073773864309
7815990,277.3679484693603
7816020,277.33409048135644
7816050,277.305058108994
7816080,277.2802281436022
7816110,277.2590627975349
7816140,277.2410985011919
7816170,277.22593049204795
7816200,277.21320632869305
7816230,277.2195696743438
7816260,277.21980881553657
7816290,277.2198087777208
7816320,277.2198087777626
7816350,277.2198087777626
7816380,277.2198087777626
7816410,277.2198087777626
7816440,277.2198087777626
7816470,277.2198087777626
7816500,277.2198087777626
7816530,277.2198087777626
7816560,277.2198087777626
7816590,277.2198087777626
7816620,277.2198087777626
7816650,277.2198087777626
7816680,277.2198087777626
7816710,277.2198087777626
7816740,277.2198087777626
7816770,277.2198087777626
7816800,277.2198087777626
7816830,282.23317865710044
7816860,280.38822647358216
7816890,278.9468363244042
7816920,278.38741529698086
7816950,278.1163734869894
7816980,277.95972099953985
7817010,277.84929878496234
7817040,277.7633748310293
7817070,277.69402077534556
7817100,277.6366097223573
7817130,277.5881600901071
7817160,277.54688692913453
7817190,277.5116247643091
7817220,277.4815111100566
7817250,277.45585485504324
7817280,277.43407364036386
7817310,277.41566857510907
7817340,277.4002063573788
7817370,277.38731269607024
7817400,277.3766582249394
7817430,277.38229395475474
7817460,277.3825414464329
7817490,277.3825414454753
7817520,277.38254144548097
7817550,277.38254144548097
7817580,277.38254144548097
7817610,277.38254144548097
7817640,277.38254144548097
7817670,277.38254144548097
7817700,277.38254144548097
7817730,277.38254144548097
7817760,277.38254144548097
7817790,277.38254144548097
7817820,277.38254144548097
7817850,277.38254144548097
7817880,277.38254144548097
7817910,277.38254144548097
7817940,277.38254144548097
7817970,277.38254144548097
7818000,277.38254144548097
7818030,282.37648145414903
7818060,280.5321040634145
7818090,279.0837190242878
7818120,278.5204160429792
7818150,278.253836245806
7818180,278.10220319512354
7818210,277.9968140776683
7818240,277.91536456689226
7818270,277.84987920578
7818300,277.79578160626085
7818330,277.75016555458944
7818360,277.71131287889784
7818390,277.67811210254837
7818420,277.6497450559828
7818450,277.6255562166225
7818480,277.6049945261013
7818510,277.58758928321225
7818540,277.57292920598667
7818570,277.56066089857325
7818600,277.5504730841319
7818630,277.55580664874554
7818660,277.55605103642125
7818690,277.55605103301343
7818720,277.5560510330278
7818750,277.5560510330278
7818780,277.5560510330278
7818810,277.5560510330278
7818840,277.5560510330278
7818870,277.5560510330278
7818900,277.5560510330278
7818930,277.5560510330278
7818960,277.5560510330278
7818990,277.5560510330278
7819020,277.5560510330278
7819050,277.5560510330278
7819080,277.5560510330278
7819110,277.5560510330278
7819140,277.5560510330278
7819170,277.5560510330278
7819200,277.5560510330278
7819230,282.5173709667662
7819260,280.6716895320896
7819290,279.2163283991853
7819320,278.64561173676134
7819350,278.3805038454936
7819380,278.23083824826
7819410,278.1273612974035
7819440,278.0479033032733
7819470,277.984170593348
7819500,277.931426833831
7819530,277.8868077567612
7819560,277.84866207422124
7819590,277.81592543457106
7819620,277.7878148279043
7819650,277.7637012444699
7819680,277.7430598350549
7819710,277.7254393709314
7819740,277.7104481008132
7819770,277.69774455510134
7819800,277.68703248329024
7819830,277.69236654878523
7819860,277.69260666504357
7819890,277.6926066650917
7819920,277.692606665088
7819950,277.692606665088
7819980,277.692606665088
7820010,277.692606665088
7820040,277.692606665088
7820070,277.692606665088
7820100,277.692606665088
7820130,277.692606665088
7820160,277.692606665088
7820190,277.692606665088
7820220,277.692606665088
7820250,277.692606665088
7820280,277.692606665088
7820310,277.692606665088
7820340,277.692606665088
7820370,277.692606665088
7820400,277.692606665088
7820430,282.6237041637088
7820460,280.7767397530253
7820490,279.316237099191
7820520,278.7381079770772
7820550,278.4728872081957
7820580,278.32395934082115
7820610,278.2215881691036
7820640,278.14287748695165
7820670,278.0794854605945
7820700,278.0268331863206
7820730,277.98209586415265
7820760,277.94363618638965
7820790,277.9104050359916
7820820,277.8816361670065
7820850,277.856717065393
7820880,277.835133263009
7820910,277.8164435181598
7820940,277.80026621652337
7820970,277.7862687306033
7821000,277.7741621425579
7821030,277.7797214730442
7821060,277.78002086175695
7821090,277.7800208086736
7821120,277.7800208086692
7821150,277.7800208086692
7821180,277.7800208086692
7821210,277.7800208086692
7821240,277.7800208086692
7821270,277.7800208086692
7821300,277.7800208086692
7821330,277.7800208086692
7821360,277.7800208086692
7821390,277.7800208086692
7821420,277.7800208086692
7821450,277.7800208086692
7821480,277.7800208086692
7821510,277.7800208086692
7821540,277.7800208086692
7821570,277.7800208086692
7821600,277.7800208086692
7821630,282.67861029531065
7821660,280.8279682369893
7821690,279.3645084482647
7821720,278.78024653511704
7821750,278.5109437490917
7821780,278.35818253224295
7821810,278.25199501879825
7821840,278.1693501509006
7821870,278.1020232122157
7821900,278.0455020141131
7821930,277.9969508802041
7821960,277.95471067506605
7821990,277.91771527610405
7822020,277.88518928620624
7822050,277.85651090839656
7822080,277.8311594637937
7822110,277.8086894938262
7822140,277.78871423199627
7822170,277.77089837405504
7822200,277.75494853662417
7822230,277.7614006920472
7822260,277.7616396451463
7822290,277.76163965449234
7822320,277.761639654511
7822350,277.761639654511
7822380,277.761639654511
7822410,277.761639654511
7822440,277.761639654511
7822470,277.761639654511
7822500,277.761639654511
7822530,277.761639654511
7822560,277.761639654511
7822590,277.761639654511
7822620,277.761639654511
7822650,277.761639654511
7822680,277.761639654511
7822710,277.761639654511
7822740,277.761639654511
7822770,277.761639654511
7822800,277.761639654511
7822830,282.62761443125066
7822860,280.77039594556226
7822890,279.3093142323916
7822920,278.72343751563676
7822950,278.4441084964988
7822980,278.28058461611397
7823010,278.1639723618529
7823040,278.0701913233635
7823070,277.99179214881605
7823100,277.9248420929099
7823130,277.86653954197055
7823160,277.81507884522233
7823190,277.7692860625973
7823220,277.72830786297186
7823250,277.69146701169774
7823280,277.658195994662
7823310,277.6280098025672
7823340,277.60049099499076
7823370,277.5752744561997
7823400,277.5520450604862
7823430,277.5603930743474
7823460,277.56061485371663
7823490,277.56061472819795
7823520,277.5606147283285
7823550,277.5606147283285
7823580,277.5606147283285
7823610,277.5606147283285
7823640,277.5606147283285
7823670,277.5606147283285
7823700,277.5606147283285
7823730,277.5606147283285
7823760,277.5606147283285
7823790,277.5606147283285
7823820,277.5606147283285
7823850,277.5606147283285
7823880,277.5606147283285
7823910,277.5606147283285
7823940,277.5606147283285
7823970,277.5606147283285
7824000,277.5606147283285
7824030,282.40311190024937
7824060,280.53541308249874
7824090,279.0848028818971
7824120,278.50062819243885
7824150,278.2029542299825
7824180,278.0192345544081
7824210,277.88155556755623
7824240,277.7680451424568
7824270,277.6718489085484
7824300,277.58877061271863
7824330,277.5157065359876
7824360,277.4506638400951
7824390,277.39231529467344
7824420,277.339682300057
7824450,277.29198391133434
7824480,277.2485628514411
7824510,277.2088558581069
7824540,277.1723762210563
7824570,277.1386996011677
7824600,277.10745944452947
7824630,277.11828584826236
7824660,277.11855319459397
7824690,277.1185531967887
7824720,277.1185531968291
7824750,277.1185531968291
7824780,277.1185531968291
7824810,277.1185531968291
7824840,277.1185531968291
7824870,277.1185531968291
7824900,277.1185531968291
7824930,277.1185531968291
7824960,277.1185531968291
7824990,277.1185531968291
7825020,277.1185531968291
7825050,277.1185531968291
7825080,277.1185531968291
7825110,277.1185531968291
7825140,277.1185531968291
7825170,277.1185531968291
7825200,277.1185531968291
7825230,281.9886870682954
7825260,280.11348038066643
7825290,278.6812732783196
7825320,278.09417700867357
7825350,277.7775859995561
7825380,277.57371783776705
7825410,277.41642169117654
7825440,277.28548716847877
7825470,277.1738997479577
7825500,277.07720487943595
7825530,276.99201040764814
7825560,276.91610888375766
7825590,276.84800802392954
7825620,276.78659472333555
7825650,276.7309724788561
7825680,276.68038770065965
7825710,276.63419577704957
7825740,276.5918345939575
7825770,276.55281471425315
7825800,276.5167145981546
7825830,276.5294989384094
7825860,276.5297395647133
7825890,276.5297395710092
7825920,276.52973957102745
7825950,276.52973957102745
7825980,276.52973957102745
7826010,276.52973957102745
7826040,276.52973957102745
7826070,276.52973957102745
7826100,276.52973957102745
7826130,276.52973957102745
7826160,276.52973957102745
7826190,276.52973957102745
7826220,276.52973957102745
7826250,276.52973957102745
7826280,276.52973957102745
7826310,276.52973957102745
7826340,276.52973957102745
7826370,276.52973957102745
7826400,276.52973957102745
7826430,282.8073198989657
7826460,283.20489676992173
7826490,282.5203462551487
7826520,282.35951014983937
7826550,282.3509215132382
7826580,282.4050537297191
7826610,282.4770988455667
7826640,282.5464209400443
7826670,282.60615471037096
7826700,282.6540110860666
7826730,282.68986843303486
7826760,282.7173822597146
7826790,282.7371385620321
7826820,282.7511786449572
7826850,282.76124774894663
7826880,282.7679716451444
7826910,282.7720158692474
7826940,282.77398123786503
7826970,282.7743442264462
7827000,282.77346962822867
7827030,283.0550954064468
7827060,283.4308047746008
7827090,283.6414387541506
7827120,283.75095550871424
7827150,283.80511428731313
7827180,283.8301461755812
7827210,283.83995269335355
7827240,283.8419006308394
7827270,283.83976212746137
7827300,283.8354454162407
7827330,283.82999665910563
7827360,283.8239121854005
7827390,283.81747734629556
7827420,283.8108366077231
7827450,283.80406517534203
7827480,283.7972000592971
7827510,283.7902721921958
7827540,283.78329594625274
7827570,283.7762807239127
7827600,283.76923333566367
7827630,283.7315392976033
7827660,283.6811568405551
7827690,283.6493497892453
7827720,283.62928210999786
7827750,283.6155811121919
7827780,283.6051636306359
7827810,283.59644125272183
7827840,283.58858070727536
7827870,283.58116160261903
7827900,283.5739766644094
7827930,283.56690570757945
7827960,283.5598773780092
7827990,283.5529312451964
7828020,283.5459867543694
7828050,283.5390825917485
7828080,283.5321950229649
7828110,283.52532966432847
7828140,283.5184919950914
7828170,283.5116788838251
7828200,283.5048965988568
7828230,283.50840684341574
7828260,283.51616140483117
7828290,283.51774375458496
7828320,283.51542110860504
7828350,283.5110312489912
7828380,283.50555558441636
7828410,283.49956248176863
7828440,283.49335143735766
7828470,283.48703922596104
7828500,283.4807071756557
7828530,283.4743920395542
7828560,283.46811663609316
7828590,283.4618929914528
7828620,283.45572908588224
7828650,283.44962964001644
7828680,283.4435986524571
7828710,283.4376394808786
7828740,283.4317550008324
7828770,283.42594787359343
7828800,283.42022068933977
7828830,283.41885597028886
7828860,283.4193004403684
7828890,283.4172429752692
7828920,283.41367983664287
7828950,283.40931969992454
7828980,283.40459346100215
7829010,283.399721905241
7829040,283.3948339677025
7829070,283.38999190764946
7829100,283.3852190502167
7829130,283.38053740077373
7829160,283.37595644606137
7829190,283.37148535600335
7829220,283.3671280139915
7829250,283.3628874218642
7829280,283.3587670091309
7829310,283.3547699625083
7829340,283.3508990722835
7829370,283.34715686019223
7829400,283.3435457845813
7829430,283.34356371176915
7829460,283.345182005011
7829490,283.34480700017025
7829520,283.3432484731817
7829550,283.3411136760559
7829580,283.33872540901183
7829610,283.3362905233981
7829640,283.3339141136208
7829670,283.3316432155063
7829700,283.3295022371937
7829730,283.32750818827424
7829760,283.3256692252078
7829790,283.3239909061365
7829820,283.32247885841224
7829850,283.32113478268315
7829880,283.3199623304376
7829910,283.3189647083895
7829940,283.3181444570836
7829970,283.317504016718
7830000,283.3170459592364
7830030,283.3180617096714
7830060,283.319780838159
7830090,283.32073198092945
7830120,283.3212628458139
7830150,283.3215165778589
7830180,283.3216459124579
7830210,283.3217054331103
7830240,283.3217338479088
7830270,283.321738963858
7830300,283.32173677631715
7830330,283.3217310070448
7830360,283.32172131912984
7830390,283.32171251345784
7830420,283.32170162187884
7830450,283.3216911248677
7830480,283.3216810319793
7830510,283.32167090285316
7830540,283.3216607490387
7830570,283.32165073075333
7830600,283.3216408948482
7830630,283.32151381530343
7830660,283.3213219185895
7830690,283.32120900733105
7830720,283.32114865694734
7830750,283.3211109446468
7830780,283.3210869575779
7830810,283.3210706247542
7830840,283.32105846597227
7830870,283.3210485062056
7830900,283.32103966475387
7830930,283.3210313867021
7830960,283.32102341425394
7830990,283.32101564090544
7831020,283.3210080280273
7831050,283.3210005639394
7831080,283.32099324637323
7831110,283.3209860757012
7831140,283.32097905259263
7831170,283.32097217737066
7831200,283.32096544996216
7831230,283.32098107177984
7831260,283.3210068516445
7831290,283.3210214949445
7831320,283.32102567558013
7831350,283.32102476054985
7831380,283.3210214280153
7831410,283.32101686031433
7831440,283.321011760932
7831470,283.3210065037876
7831500,283.32100126542866
7831530,283.3209961210924
7831560,283.32099109993044
7831590,283.32098621157803
7831620,283.3209814578123
7831650,283.32097683754756
7831680,283.32097234891603
7831710,283.3209679900406
7831740,283.3209637592511
7831770,283.32095965510314
7831800,283.32095567634843
7831830,283.3209540274691
7831860,283.3209534451889
7831890,283.3209518900248
7831920,283.32094946925463
7831950,283.32094657772114
7831980,283.32094417010643
7832010,283.3209428582344
7832040,283.32094214671315
7832070,283.32094172760924
7832100,283.3209414597788
7832130,283.3209412578648
7832160,283.3209410921698
7832190,283.3209409476951
7832220,283.3209408115963
7832250,283.32094067599564
7832280,283.32094053758266
7832310,283.32094040162445
7832340,283.320940278174
7832370,283.3209401758444
7832400,283.32094009424475
7832430,283.32094091936705
7832460,283.3209420902603
7832490,283.32094288144106
7832520,283.3209432626483
7832550,283.32094343335046
7832580,283.3209434939977
7832610,283.3209435003805
7832640,283.32094348327
7832670,283.3209434585803
7832700,283.3209434337647
7832730,283.3209434118366
7832760,283.32094339368825
7832790,283.32094337926634
7832820,283.3209433681129
7832850,283.3209433596064
7832880,283.32094335307124
7832910,283.32094334783176
7832940,283.32094334324205
7832970,283.3209433387066
7833000,283.3209433336955
7833030,283.3209432523033
7833060,283.3209431407247
7833090,283.3209430584312
7833120,283.3209430066619
7833150,283.32094297449083
7833180,283.320942951871
7833210,283.3209429328199
7833240,283.3209429144523
7833270,283.3209428956171
7833300,283.3209428760352
7833330,283.3209428558392
7833360,283.3209428353392
7833390,283.3209428149086
7833420,283.32094279493145
7833450,283.32094277577653
7833480,283.3209427577817
7833510,283.3209427412419
7833540,283.3209427263977
7833570,283.32094271342567
7833600,283.3209427024298
7833630,283.32094302912606
7833660,283.32094449187184
7833690,283.32094659396995
7833720,283.32094907889734
7833750,283.3209518142815
7833780,283.32095473016886
7833810,283.320957800757
7833840,283.3209609941714
7833870,283.32096430727944
7833900,283.3209677280878
7833930,283.32097125459404
7833960,283.3209748811931
7833990,283.3209786055137
7834020,283.3209824245565
7834050,283.3209863352314
7834080,283.3209903356883
7834110,283.32099442280247
7834140,283.3209985948584
7834170,283.32100284924974
7834200,283.3210071840274
7834230,283.3210085358512
7834260,283.3210086879805
7834290,283.3210103413516
7834320,283.321013404958
7834350,283.3210173627775
7834380,283.32102181846125
7834410,283.3210265409054
7834440,283.3210314124391
7834470,283.3210363780256
7834500,283.3210414138366
7834530,283.32104651017835
7834560,283.3210516629411
7834590,283.3210568697898
7834620,283.3210621287216
7834650,283.32106743762586
7834680,283.3210727941987
7834710,283.321078195959
7834740,283.32108363969763
7834770,283.3210891193559
7834800,283.3210946326398
7834830,283.32109583193784
7834860,283.3210953812569
7834890,283.32109685786907
7834920,283.32110024321975
7834950,283.3211048546389
7834980,283.321110114131
7835010,283.32111568023663
7835040,283.3211213807574
7835070,283.32112713566
7835100,283.3211329102049
7835130,283.3211386902927
7835160,283.32114447016653
7835190,283.32115024684106
7835220,283.3211560179658
7835250,283.32116178118326
7835280,283.3211675340163
7835310,283.3211732738992
7835340,283.32117899823413
7835370,283.3211847044398
7835400,283.32119038998667
7835430,283.3211912432655
7835460,283.3211902278311
7835490,283.3211911618829
7835520,283.3211941234367
7835550,283.321198412886
7835580,283.32120338821284
7835610,283.32120866176956
7835640,283.32121403750807
7835670,283.3212194250355
7835700,283.3212247858321
7835730,283.3212301049366
7835760,283.3212353769153
7835790,283.3212405995139
7835820,283.3212457711985
7835850,283.32125089039295
7835880,283.3212559553202
7835910,283.32126096401294
7835940,283.3212659143548
7835970,283.3212708041191
7836000,283.32127563099834
7836030,283.32127606461404
7836060,283.321274865384
7836090,283.32127517332
7836120,283.32127760842576
7836150,283.3212810299572
7836180,283.32128490932666
7836210,283.3212889829214
7836240,283.3212930881389
7836270,283.32129717270914
7836300,283.32130120704244
7836330,283.3213051666807
7836360,283.32130904113774
7836390,283.3213128262964
7836420,283.32131651731595
7836450,283.3213201108222
7836480,283.32132360392035
7836510,283.3213269940563
7836540,283.32133027885436
7836570,283.3213334560501
7836600,283.32133652338143
7836630,283.32133628179065
7836660,283.32133469658953
7836690,283.3213343847765
7836720,283.32133531970413
7836750,283.3213370034176
7836780,283.32133901994985
7836810,283.32134112257467
7836840,283.32134318573776
7836870,283.32134515063655
7836900,283.32134699153494
7836930,283.3213486977628
7836960,283.32135026472855
7836990,283.32135168987475
7837020,283.3213529711264
7837050,283.32135410641297
7837080,283.32135509357073
7837110,283.3213559303501
7837140,283.3213566144424
7837170,283.3213571435039
7837200,283.321357515172
7837230,283.6319120327174
7837260,282.54922675318596
7837290,281.6915523508079
7837320,281.0572257247597
7837350,280.5818080366528
7837380,280.22509962250734
7837410,279.95742164151704
7837440,279.7565414684994
7837470,279.605790856392
7837500,279.49265989827705
7837530,279.4077603006986
7837560,279.3440469724525
7837590,279.29623311438866
7837620,279.2603507275591
7837650,279.2334219015907
7837680,279.2132130765537
7837710,279.1980471088915
7837740,279.18666553940847
7837770,279.17812398610255
7837800,279.17171379304216
7837830,279.1664959352986
7837860,279.16660396377875
7837890,279.1666026350231
7837920,279.1666026146259
7837950,279.16660261377143
7837980,279.16660261211376
7838010,279.1666026130061
7838040,279.1666026129193
7838070,279.1666026129123
7838100,279.16660261291986
7838130,279.16660261291986
7838160,279.16660261291986
7838190,279.16660261291986
7838220,279.16660261291986
7838250,279.16660261291986
7838280,279.16660261291986
7838310,279.16660261291986
7838340,279.16660261291986
7838370,279.16660261291986
7838400,279.16660261291986
7838430,279.16660261291986
7838460,279.16660261291986
7838490,279.16660261291986
7838520,279.16660261291986
7838550,279.16660261291986
7838580,279.16660261291986
7838610,279.16660261291986
7838640,279.16660261291986
7838670,279.16660261291986
7838700,279.16660261291986
7838730,279.16660261291986
7838760,279.16660261291986
7838790,279.16660261291986
7838820,279.16660261291986
7838850,279.16660261291986
7838880,279.16660261291986
7838910,279.16660261291986
7838940,279.16660261291986
7838970,279.16660261291986
7839000,279.16660261291986
7839030,279.16660261291986
7839060,279.16660261291986
7839090,279.16660261291986
7839120,279.16660261291986
7839150,279.16660261291986
7839180,279.16660261291986
7839210,279.16660261291986
7839240,279.16660261291986
7839270,279.16660261291986
7839300,279.16660261291986
7839330,279.16660261291986
7839360,279.16660261291986
7839390,279.16660261291986
7839420,279.16660261291986
7839450,279.16660261291986
7839480,279.16660261291986
7839510,279.16660261291986
7839540,279.16660261291986
7839570,279.16660261291986
7839600,279.16660261291986
7839630,279.16660261291986
7839660,279.16660261291986
7839690,279.16660261291986
7839720,279.16660261291986
7839750,279.16660261291986
7839780,279.16660261291986
7839810,279.16660261291986
7839840,279.16660261291986
7839870,279.16660261291986
7839900,279.16660261291986
7839930,279.16660261291986
7839960,279.16660261291986
7839990,279.16660261291986
7840020,279.16660261291986
7840050,279.16660261291986
7840080,279.16660261291986
7840110,279.16660261291986
7840140,279.16660261291986
7840170,279.16660261291986
7840200,279.16660261291986
7840230,279.16660261291986
7840260,279.16660261291986
7840290,279.16660261291986
7840320,279.16660261291986
7840350,279.16660261291986
7840380,279.16660261291986
7840410,279.16660261291986
7840440,279.16660261291986
7840470,279.16660261291986
7840500,279.16660261291986
7840530,279.16660261291986
7840560,279.16660261291986
7840590,279.16660261291986
7840620,279.16660261291986
7840650,279.16660261291986
7840680,279.16660261291986
7840710,279.16660261291986
7840740,279.16660261291986
7840770,279.16660261291986
7840800,279.16660261291986
7840830,279.16660261291986
7840860,279.16660261291986
7840890,279.16660261291986
7840920,279.16660261291986
7840950,279.16660261291986
7840980,279.16660261291986
7841010,279.16660261291986
7841040,279.16660261291986
7841070,279.16660261291986
7841100,279.16660261291986
7841130,279.16660261291986
7841160,279.16660261291986
7841190,279.16660261291986
7841220,279.16660261291986
7841250,279.16660261291986
7841280,279.16660261291986
7841310,279.16660261291986
7841340,279.16660261291986
7841370,279.16660261291986
7841400,279.16660261291986
7841430,279.16660261291986
7841460,279.16660261291986
7841490,279.16660261291986
7841520,279.16660261291986
7841550,279.16660261291986
7841580,279.16660261291986
7841610,279.16660261291986
7841640,279.16660261291986
7841670,279.16660261291986
7841700,279.16660261291986
7841730,279.16660261291986
7841760,279.16660261291986
7841790,279.16660261291986
7841820,279.16660261291986
7841850,279.16660261291986
7841880,279.16660261291986
7841910,279.16660261291986
7841940,279.16660261291986
7841970,279.16660261291986
7842000,279.16660261291986
7842030,279.16660261291986
7842060,279.16660261291986
7842090,279.16660261291986
7842120,279.16660261291986
7842150,279.16660261291986
7842180,279.16660261291986
7842210,279.16660261291986
7842240,279.16660261291986
7842270,279.16660261291986
7842300,279.16660261291986
7842330,279.16660261291986
7842360,279.16660261291986
7842390,279.16660261291986
7842420,279.16660261291986
7842450,279.16660261291986
7842480,279.16660261291986
7842510,279.16660261291986
7842540,279.16660261291986
7842570,279.16660261291986
7842600,279.16660261291986
7842630,279.16660261291986
7842660,279.16660261291986
7842690,279.16660261291986
7842720,279.16660261291986
7842750,279.16660261291986
7842780,279.16660261291986
7842810,279.16660261291986
7842840,279.16660261291986
7842870,279.16660261291986
7842900,279.16660261291986
7842930,279.16660261291986
7842960,279.16660261291986
7842990,279.16660261291986
7843020,279.16660261291986
7843050,279.16660261291986
7843080,279.16660261291986
7843110,279.16660261291986
7843140,279.16660261291986
7843170,279.16660261291986
7843200,279.16660261291986
7843230,279.16660261291986
7843260,279.16660261291986
7843290,279.16660261291986
7843320,279.16660261291986
7843350,279.16660261291986
7843380,279.16660261291986
7843410,279.16660261291986
7843440,279.16660261291986
7843470,279.16660261291986
7843500,279.16660261291986
7843530,279.16660261291986
7843560,279.16660261291986
7843590,279.16660261291986
7843620,279.16660261291986
7843650,279.16660261291986
7843680,279.16660261291986
7843710,279.16660261291986
7843740,279.16660261291986
7843770,279.16660261291986
7843800,279.16660261291986
7843830,279.16660261291986
7843860,279.16660261291986
7843890,279.16660261291986
7843920,279.16660261291986
7843950,279.16660261291986
7843980,279.16660261291986
7844010,279.16660261291986
7844040,279.16660261291986
7844070,279.16660261291986
7844100,279.16660261291986
7844130,279.16660261291986
7844160,279.16660261291986
7844190,279.16660261291986
7844220,279.16660261291986
7844250,279.16660261291986
7844280,279.16660261291986
7844310,279.16660261291986
7844340,279.16660261291986
7844370,279.16660261291986
7844400,279.16660261291986
7844430,279.16660261291986
7844460,279.16660261291986
7844490,279.16660261291986
7844520,279.16660261291986
7844550,279.16660261291986
7844580,279.16660261291986
7844610,279.16660261291986
7844640,279.16660261291986
7844670,279.16660261291986
7844700,279.16660261291986
7844730,279.16660261291986
7844760,279.16660261291986
7844790,279.16660261291986
7844820,279.16660261291986
7844850,279.16660261291986
7844880,279.16660261291986
7844910,279.16660261291986
7844940,279.16660261291986
7844970,279.16660261291986
7845000,279.16660261291986
7845030,279.16660261291986
7845060,279.16660261291986
7845090,279.16660261291986
7845120,279.16660261291986
7845150,279.16660261291986
7845180,279.16660261291986
7845210,279.16660261291986
7845240,279.16660261291986
7845270,279.16660261291986
7845300,279.16660261291986
7845330,279.16660261291986
7845360,279.16660261291986
7845390,279.16660261291986
7845420,279.16660261291986
7845450,279.16660261291986
7845480,279.16660261291986
7845510,279.16660261291986
7845540,279.16660261291986
7845570,279.16660261291986
7845600,279.16660261291986
7845630,279.16660261291986
7845660,279.16660261291986
7845690,279.16660261291986
7845720,279.16660261291986
7845750,279.16660261291986
7845780,279.16660261291986
7845810,279.16660261291986
7845840,279.16660261291986
7845870,279.16660261291986
7845900,279.16660261291986
7845930,279.16660261291986
7845960,279.16660261291986
7845990,279.16660261291986
7846020,279.16660261291986
7846050,279.16660261291986
7846080,279.16660261291986
7846110,279.16660261291986
7846140,279.16660261291986
7846170,279.16660261291986
7846200,279.16660261291986
7846230,279.16660261291986
7846260,279.16660261291986
7846290,279.16660261291986
7846320,279.16660261291986
7846350,279.16660261291986
7846380,279.16660261291986
7846410,279.16660261291986
7846440,279.16660261291986
7846470,279.16660261291986
7846500,279.16660261291986
7846530,279.16660261291986
7846560,279.16660261291986
7846590,279.16660261291986
7846620,279.16660261291986
7846650,279.16660261291986
7846680,279.16660261291986
7846710,279.16660261291986
7846740,279.16660261291986
7846770,279.16660261291986
7846800,279.16660261291986
7846830,279.16660261291986
7846860,279.16660261291986
7846890,279.16660261291986
7846920,279.16660261291986
7846950,279.16660261291986
7846980,279.16660261291986
7847010,279.16660261291986
7847040,279.16660261291986
7847070,279.16660261291986
7847100,279.16660261291986
7847130,279.16660261291986
7847160,279.16660261291986
7847190,279.16660261291986
7847220,279.16660261291986
7847250,279.16660261291986
7847280,279.16660261291986
7847310,279.16660261291986
7847340,279.16660261291986
7847370,279.16660261291986
7847400,279.16660261291986
7847430,279.16660261291986
7847460,279.16660261291986
7847490,279.16660261291986
7847520,279.16660261291986
7847550,279.16660261291986
7847580,279.16660261291986
7847610,279.16660261291986
7847640,279.16660261291986
7847670,279.16660261291986
7847700,279.16660261291986
7847730,279.16660261291986
7847760,279.16660261291986
7847790,279.16660261291986
7847820,279.16660261291986
7847850,279.16660261291986
7847880,279.16660261291986
7847910,279.16660261291986
7847940,279.16660261291986
7847970,279.16660261291986
7848000,279.16660261291986
7848030,279.16660261291986
7848060,279.16660261291986
7848090,279.16660261291986
7848120,279.16660261291986
7848150,279.16660261291986
7848180,279.16660261291986
7848210,279.16660261291986
7848240,279.16660261291986
7848270,279.16660261291986
7848300,279.16660261291986
7848330,279.16660261291986
7848360,279.16660261291986
7848390,279.16660261291986
7848420,279.16660261291986
7848450,279.16660261291986
7848480,279.16660261291986
7848510,279.16660261291986
7848540,279.16660261291986
7848570,279.16660261291986
7848600,279.16660261291986
7848630,279.16660261291986
7848660,279.16660261291986
7848690,279.16660261291986
7848720,279.16660261291986
7848750,279.16660261291986
7848780,279.16660261291986
7848810,279.16660261291986
7848840,279.16660261291986
7848870,279.16660261291986
7848900,279.16660261291986
7848930,279.16660261291986
7848960,279.16660261291986
7848990,279.16660261291986
7849020,279.16660261291986
7849050,279.16660261291986
7849080,279.16660261291986
7849110,279.16660261291986
7849140,279.16660261291986
7849170,279.16660261291986
7849200,279.16660261291986
7849230,279.16660261291986
7849260,279.16660261291986
7849290,279.16660261291986
7849320,279.16660261291986
7849350,279.16660261291986
7849380,279.16660261291986
7849410,279.16660261291986
7849440,279.16660261291986
7849470,279.16660261291986
7849500,279.16660261291986
7849530,279.16660261291986
7849560,279.16660261291986
7849590,279.16660261291986
7849620,279.16660261291986
7849650,279.16660261291986
7849680,279.16660261291986
7849710,279.16660261291986
7849740,279.16660261291986
7849770,279.16660261291986
7849800,279.16660261291986
7849830,279.16660261291986
7849860,279.16660261291986
7849890,279.16660261291986
7849920,279.16660261291986
7849950,279.16660261291986
7849980,279.16660261291986
7850010,279.16660261291986
7850040,279.16660261291986
7850070,279.16660261291986
7850100,279.16660261291986
7850130,279.16660261291986
7850160,279.16660261291986
7850190,279.16660261291986
7850220,279.16660261291986
7850250,279.16660261291986
7850280,279.16660261291986
7850310,279.16660261291986
7850340,279.16660261291986
7850370,279.16660261291986
7850400,279.16660261291986
7850430,279.16660261291986
7850460,279.16660261291986
7850490,279.16660261291986
7850520,279.16660261291986
7850550,279.16660261291986
7850580,279.16660261291986
7850610,279.16660261291986
7850640,279.16660261291986
7850670,279.16660261291986
7850700,279.16660261291986
7850730,279.16660261291986
7850760,279.16660261291986
7850790,279.16660261291986
7850820,279.16660261291986
7850850,279.16660261291986
7850880,279.16660261291986
7850910,279.16660261291986
7850940,279.16660261291986
7850970,279.16660261291986
7851000,279.16660261291986
7851030,279.16660261291986
7851060,279.16660261291986
7851090,279.16660261291986
7851120,279.16660261291986
7851150,279.16660261291986
7851180,279.16660261291986
7851210,279.16660261291986
7851240,279.16660261291986
7851270,279.16660261291986
7851300,279.16660261291986
7851330,279.16660261291986
7851360,279.16660261291986
7851390,279.16660261291986
7851420,279.16660261291986
7851450,279.16660261291986
7851480,279.16660261291986
7851510,279.16660261291986
7851540,279.16660261291986
7851570,279.16660261291986
7851600,279.16660261291986
7851630,279.16660261291986
7851660,279.16660261291986
7851690,279.16660261291986
7851720,279.16660261291986
7851750,279.16660261291986
7851780,279.16660261291986
7851810,279.16660261291986
7851840,279.16660261291986
7851870,279.16660261291986
7851900,279.16660261291986
7851930,279.16660261291986
7851960,279.16660261291986
7851990,279.16660261291986
7852020,279.16660261291986
7852050,279.16660261291986
7852080,279.16660261291986
7852110,279.16660261291986
7852140,279.16660261291986
7852170,279.16660261291986
7852200,279.16660261291986
7852230,279.16660261291986
7852260,279.16660261291986
7852290,279.16660261291986
7852320,279.16660261291986
7852350,279.16660261291986
7852380,279.16660261291986
7852410,279.16660261291986
7852440,279.16660261291986
7852470,279.16660261291986
7852500,279.16660261291986
7852530,279.16660261291986
7852560,279.16660261291986
7852590,279.16660261291986
7852620,279.16660261291986
7852650,279.16660261291986
7852680,279.16660261291986
7852710,279.16660261291986
7852740,279.16660261291986
7852770,279.16660261291986
7852800,279.16660261291986
7852830,279.16660261291986
7852860,279.16660261291986
7852890,279.16660261291986
7852920,279.16660261291986
7852950,279.16660261291986
7852980,279.16660261291986
7853010,279.16660261291986
7853040,279.16660261291986
7853070,279.16660261291986
7853100,279.16660261291986
7853130,279.16660261291986
7853160,279.16660261291986
7853190,279.16660261291986
7853220,279.16660261291986
7853250,279.16660261291986
7853280,279.16660261291986
7853310,279.16660261291986
7853340,279.16660261291986
7853370,279.16660261291986
7853400,279.16660261291986
7853430,279.16660261291986
7853460,279.16660261291986
7853490,279.16660261291986
7853520,279.16660261291986
7853550,279.16660261291986
7853580,279.16660261291986
7853610,279.16660261291986
7853640,279.16660261291986
7853670,279.16660261291986
7853700,279.16660261291986
7853730,279.16660261291986
7853760,279.16660261291986
7853790,279.16660261291986
7853820,279.16660261291986
7853850,279.16660261291986
7853880,279.16660261291986
7853910,279.16660261291986
7853940,279.16660261291986
7853970,279.16660261291986
7854000,279.16660261291986
7854030,279.16660261291986
7854060,279.16660261291986
7854090,279.16660261291986
7854120,279.16660261291986
7854150,279.16660261291986
7854180,279.16660261291986
7854210,279.16660261291986
7854240,279.16660261291986
7854270,279.16660261291986
7854300,279.16660261291986
7854330,279.16660261291986
7854360,279.16660261291986
7854390,279.16660261291986
7854420,279.16660261291986
7854450,279.16660261291986
7854480,279.16660261291986
7854510,279.16660261291986
7854540,279.16660261291986
7854570,279.16660261291986
7854600,279.16660261291986
7854630,279.16660261291986
7854660,279.16660261291986
7854690,279.16660261291986
7854720,279.16660261291986
7854750,279.16660261291986
7854780,279.16660261291986
7854810,279.16660261291986
7854840,279.16660261291986
7854870,279.16660261291986
7854900,279.16660261291986
7854930,279.16660261291986
7854960,279.16660261291986
7854990,279.16660261291986
7855020,279.16660261291986
7855050,279.16660261291986
7855080,279.16660261291986
7855110,279.16660261291986
7855140,279.16660261291986
7855170,279.16660261291986
7855200,279.16660261291986
7855230,279.16660261291986
7855260,279.16660261291986
7855290,279.16660261291986
7855320,279.16660261291986
7855350,279.16660261291986
7855380,279.16660261291986
7855410,279.16660261291986
7855440,279.16660261291986
7855470,279.16660261291986
7855500,279.16660261291986
7855530,279.16660261291986
7855560,279.16660261291986
7855590,279.16660261291986
7855620,279.16660261291986
7855650,279.16660261291986
7855680,279.16660261291986
7855710,279.16660261291986
7855740,279.16660261291986
7855770,279.16660261291986
7855800,279.16660261291986
7855830,279.16660261291986
7855860,279.16660261291986
7855890,279.16660261291986
7855920,279.16660261291986
7855950,279.16660261291986
7855980,279.16660261291986
7856010,279.16660261291986
7856040,279.16660261291986
7856070,279.16660261291986
7856100,279.16660261291986
7856130,279.16660261291986
7856160,279.16660261291986
7856190,279.16660261291986
7856220,279.16660261291986
7856250,279.16660261291986
7856280,279.16660261291986
7856310,279.16660261291986
7856340,279.16660261291986
7856370,279.16660261291986
7856400,279.16660261291986
7856430,279.16660261291986
7856460,279.16660261291986
7856490,279.16660261291986
7856520,279.16660261291986
7856550,279.16660261291986
7856580,279.16660261291986
7856610,279.16660261291986
7856640,279.16660261291986
7856670,279.16660261291986
7856700,279.16660261291986
7856730,279.16660261291986
7856760,279.16660261291986
7856790,279.16660261291986
7856820,279.16660261291986
7856850,279.16660261291986
7856880,279.16660261291986
7856910,279.16660261291986
7856940,279.16660261291986
7856970,279.16660261291986
7857000,279.16660261291986
7857030,279.16660261291986
7857060,279.16660261291986
7857090,279.16660261291986
7857120,279.16660261291986
7857150,279.16660261291986
7857180,279.16660261291986
7857210,279.16660261291986
7857240,279.16660261291986
7857270,279.16660261291986
7857300,279.16660261291986
7857330,279.16660261291986
7857360,279.16660261291986
7857390,279.16660261291986
7857420,279.16660261291986
7857450,279.16660261291986
7857480,279.16660261291986
7857510,279.16660261291986
7857540,279.16660261291986
7857570,279.16660261291986
7857600,279.16660261291986
7857630,279.16660261291986
7857660,279.16660261291986
7857690,279.16660261291986
7857720,279.16660261291986
7857750,279.16660261291986
7857780,279.16660261291986
7857810,279.16660261291986
7857840,279.16660261291986
7857870,279.16660261291986
7857900,279.16660261291986
7857930,279.16660261291986
7857960,279.16660261291986
7857990,279.16660261291986
7858020,279.16660261291986
7858050,279.16660261291986
7858080,279.16660261291986
7858110,279.16660261291986
7858140,279.16660261291986
7858170,279.16660261291986
7858200,279.16660261291986
7858230,279.16660261291986
7858260,279.16660261291986
7858290,279.16660261291986
7858320,279.16660261291986
7858350,279.16660261291986
7858380,279.16660261291986
7858410,279.16660261291986
7858440,279.16660261291986
7858470,279.16660261291986
7858500,279.16660261291986
7858530,279.16660261291986
7858560,279.16660261291986
7858590,279.16660261291986
7858620,279.16660261291986
7858650,279.16660261291986
7858680,279.16660261291986
7858710,279.16660261291986
7858740,279.16660261291986
7858770,279.16660261291986
7858800,279.16660261291986
7858830,279.16660261291986
7858860,279.16660261291986
7858890,279.16660261291986
7858920,279.16660261291986
7858950,279.16660261291986
7858980,279.16660261291986
7859010,279.16660261291986
7859040,279.16660261291986
7859070,279.16660261291986
7859100,279.16660261291986
7859130,279.16660261291986
7859160,279.16660261291986
7859190,279.16660261291986
7859220,279.16660261291986
7859250,279.16660261291986
7859280,279.16660261291986
7859310,279.16660261291986
7859340,279.16660261291986
7859370,279.16660261291986
7859400,279.16660261291986
7859430,279.16660261291986
7859460,279.16660261291986
7859490,279.16660261291986
7859520,279.16660261291986
7859550,279.16660261291986
7859580,279.16660261291986
7859610,279.16660261291986
7859640,279.16660261291986
7859670,279.16660261291986
7859700,279.16660261291986
7859730,279.16660261291986
7859760,279.16660261291986
7859790,279.16660261291986
7859820,279.16660261291986
7859850,279.16660261291986
7859880,279.16660261291986
7859910,279.16660261291986
7859940,279.16660261291986
7859970,279.16660261291986
7860000,279.16660261291986
7860030,279.16660261291986
7860060,279.16660261291986
7860090,279.16660261291986
7860120,279.16660261291986
7860150,279.16660261291986
7860180,279.16660261291986
7860210,279.16660261291986
7860240,279.16660261291986
7860270,279.16660261291986
7860300,279.16660261291986
7860330,279.16660261291986
7860360,279.16660261291986
7860390,279.16660261291986
7860420,279.16660261291986
7860450,279.16660261291986
7860480,279.16660261291986
7860510,279.16660261291986
7860540,279.16660261291986
7860570,279.16660261291986
7860600,279.16660261291986
7860630,279.16660261291986
7860660,279.16660261291986
7860690,279.16660261291986
7860720,279.16660261291986
7860750,279.16660261291986
7860780,279.16660261291986
7860810,279.16660261291986
7860840,279.16660261291986
7860870,279.16660261291986
7860900,279.16660261291986
7860930,279.16660261291986
7860960,279.16660261291986
7860990,279.16660261291986
7861020,279.16660261291986
7861050,279.16660261291986
7861080,279.16660261291986
7861110,279.16660261291986
7861140,279.16660261291986
7861170,279.16660261291986
7861200,279.16660261291986
7861230,279.16660261291986
7861260,279.16660261291986
7861290,279.16660261291986
7861320,279.16660261291986
7861350,279.16660261291986
7861380,279.16660261291986
7861410,279.16660261291986
7861440,279.16660261291986
7861470,279.16660261291986
7861500,279.16660261291986
7861530,279.16660261291986
7861560,279.16660261291986
7861590,279.16660261291986
7861620,279.16660261291986
7861650,279.16660261291986
7861680,279.16660261291986
7861710,279.16660261291986
7861740,279.16660261291986
7861770,279.16660261291986
7861800,279.16660261291986
7861830,279.16660261291986
7861860,279.16660261291986
7861890,279.16660261291986
7861920,279.16660261291986
7861950,279.16660261291986
7861980,279.16660261291986
7862010,279.16660261291986
7862040,279.16660261291986
7862070,279.16660261291986
7862100,279.16660261291986
7862130,279.16660261291986
7862160,279.16660261291986
7862190,279.16660261291986
7862220,279.16660261291986
7862250,279.16660261291986
7862280,279.16660261291986
7862310,279.16660261291986
7862340,279.16660261291986
7862370,279.16660261291986
7862400,279.16660261291986
